time,timestamp,seconds,connectivity,cpuUser,cpuSystem,cpuNice,cpuIdle,cpuIowait,cpuHardIrq,cpuSoftIrq,tasks,tasksRunning,tasksSleeping,tasksStopped,tasksZombie,ramFree,ramUsed,ramCache,memAvail,iface0RX,iface0TX,iface1RX,iface1TX,numEncrypted,alarmtimer:alarmtimer_fired,alarmtimer:alarmtimer_start,block:block_bio_backmerge,block:block_bio_remap,block:block_dirty_buffer,block:block_getrq,block:block_touch_buffer,block:block_unplug,cachefiles:cachefiles_create,cachefiles:cachefiles_lookup,cachefiles:cachefiles_mark_active,clk:clk_set_rate,cpu-migrations,cs,dma_fence:dma_fence_init,fib:fib_table_lookup,filemap:mm_filemap_add_to_page_cache,gpio:gpio_value,ipi:ipi_raise,irq:irq_handler_entry,irq:softirq_entry,jbd2:jbd2_handle_start,jbd2:jbd2_start_commit,kmem:kfree,kmem:kmalloc,kmem:kmem_cache_alloc,kmem:kmem_cache_free,kmem:mm_page_alloc,kmem:mm_page_alloc_zone_locked,kmem:mm_page_free,kmem:mm_page_pcpu_drain,mmc:mmc_request_start,net:net_dev_queue,net:net_dev_xmit,net:netif_rx,page-faults,pagemap:mm_lru_insertion,preemptirq:irq_enable,qdisc:qdisc_dequeue,random:get_random_bytes,random:mix_pool_bytes_nolock,random:urandom_read,raw_syscalls:sys_enter,raw_syscalls:sys_exit,rpm:rpm_resume,rpm:rpm_suspend,sched:sched_process_exec,sched:sched_process_free,sched:sched_process_wait,sched:sched_switch,sched:sched_wakeup,signal:signal_deliver,signal:signal_generate,skb:consume_skb,skb:kfree_skb,skb:skb_copy_datagram_iovec,sock:inet_sock_set_state,task:task_newtask,tcp:tcp_destroy_sock,tcp:tcp_probe,timer:hrtimer_start,timer:timer_start,udp:udp_fail_queue_rcv_skb,workqueue:workqueue_activate_work,writeback:global_dirty_state,writeback:sb_clear_inode_writeback,writeback:wbc_writepage,writeback:writeback_dirty_inode,writeback:writeback_dirty_inode_enqueue,writeback:writeback_dirty_page,writeback:writeback_mark_inode_dirty,writeback:writeback_pages_written,writeback:writeback_single_inode,writeback:writeback_write_inode,writeback:writeback_written
5.01575,1662557201787,5.015746054,1,3.7,32.0,0.0,64.0,0.0,0.0,0.3,121,1,67,0,2,524088,115364,308620,714292,5592,99397,84,84,35,0,0,9,11,9,2,0,1,0,0,0,0,6,559210,0,6,1,11,497,249389,5393,0,1,23091,18121,3180,3661,456,86,483,126,9,104,104,105,869,260,2105863,203,4,132,5,349867,349819,123,16,4,5,12,557266,334841,10,11,220,30,14,1,5,1,100,718066,319,0,76,1,0,0,9,1,7,16,1,0,0,1
10.0364,1662557208564,5.020691266,1,17.6,30.7,0.0,50.5,0.0,0.0,1.2,121,1,67,0,2,522636,116820,308616,712836,17777,209712,534,534,35,0,0,4,6,4,2,9,1,0,0,0,0,10,551278,0,18,2,12,3378,228693,5579,0,1,23833,18912,9408,10027,2059,895,2006,504,9,122,122,118,4318,1557,2031024,239,22,132,8,368593,368561,145,16,20,25,33,550219,348621,14,28,253,31,29,5,15,1,107,670241,356,0,75,1,0,0,35,0,0,35,1,0,0,1
15.0572,1662557220764,5.020814379,1,2.4,30.6,0.0,67.0,0.0,0.0,0.0,121,1,67,0,2,523564,115880,308628,713772,5753,99686,256,256,35,0,0,5,7,5,2,0,1,0,0,0,0,3,521718,0,10,1,9,2899,198833,5376,0,1,23161,18181,3547,3615,554,86,489,0,8,107,107,108,1026,353,1837672,206,4,132,5,363191,363140,122,14,4,5,12,519587,347600,10,11,222,33,16,4,5,0,101,644204,303,0,73,1,0,0,9,0,0,9,1,0,0,1
20.0724,1662557227577,5.015218210,1,3.8,35.1,0.0,61.1,0.0,0.0,0.0,121,1,67,0,2,523440,115996,308636,713664,6182,99752,266,266,35,0,0,5,7,5,2,6,1,0,0,0,0,9,517426,0,22,1,13,632,201548,5468,0,1,23555,18475,5829,6073,1184,236,1209,63,9,118,118,117,2570,895,1864937,223,13,130,44,358906,358849,133,15,13,15,25,515367,340497,11,19,250,24,24,0,15,0,104,624328,338,0,85,1,0,0,21,0,1,22,1,2,2,2
25.0893,1662557234316,5.016909336,1,4.9,36.3,0.0,57.8,0.0,0.0,1.0,121,2,67,0,2,523520,115912,308640,713736,5753,101852,84,84,35,0,0,6,9,6,3,8,2,0,0,0,0,5,516299,0,10,2,17,2847,198020,4980,2,1,22855,17862,2682,2922,627,153,401,0,10,105,105,107,1004,450,1799665,205,7,135,17,358852,358799,128,15,7,6,13,514239,344097,7,11,228,26,22,0,7,0,100,637216,322,0,89,1,1,0,5,0,1,6,1,1,1,2
30.1043,1662557241141,5.014999551,1,3.8,31.0,0.0,65.2,0.0,0.0,0.0,121,1,67,0,2,522652,116768,308652,712888,5792,99397,56,56,35,0,0,5,7,5,2,0,1,0,0,0,0,2,566003,0,4,2,11,495,241842,5050,0,1,22731,17796,1054,1224,71,73,92,63,9,104,104,107,3,5,2071920,205,0,130,5,361881,361839,128,15,0,0,4,564082,348751,6,6,220,30,13,0,0,0,100,743180,299,0,70,1,0,0,3,1,4,7,1,0,0,1
35.1194,1662557247894,5.015089493,1,2.4,25.4,0.0,72.1,0.0,0.0,0.0,121,1,67,0,2,522700,116720,308652,712944,6000,99214,294,294,35,0,0,5,7,5,2,0,1,0,0,0,0,8,511605,0,4,1,10,2886,200256,5286,0,1,23568,18514,5631,5791,1057,355,1080,126,8,113,113,115,2324,812,1852560,213,9,129,45,355654,355598,126,13,9,11,20,509690,337315,11,15,238,34,32,0,11,0,111,619640,337,0,75,1,0,0,25,0,0,25,1,0,0,1
40.1417,1662557254677,5.022317513,1,1.5,31.7,0.0,65.7,0.0,0.0,1.1,122,1,67,0,2,523472,115940,308660,713720,5519,95549,84,84,35,0,0,5,7,5,2,8,1,0,0,0,0,11,562587,0,9,1,11,2796,245231,5516,0,1,22245,17247,4172,3797,963,359,818,189,163,97,97,100,1673,715,2095180,191,10,128,44,357265,357210,203,15,10,6,19,560664,341279,10,16,376,24,143,0,13,0,96,703890,495,0,136,1,0,0,19,0,1,20,1,0,0,1
45.1568,1662557261529,5.015085789,1,4.3,28.9,0.0,66.9,0.0,0.0,0.0,118,1,67,0,2,522376,117000,308696,712644,7659,101836,56,56,35,0,0,5,7,5,2,1,1,0,0,0,0,12,547004,0,15,1,11,3822,237248,5580,0,1,24132,18724,10214,10436,2159,1033,2169,882,9,117,117,114,4615,1635,2043110,231,17,130,7,357488,357427,141,16,17,25,34,545134,337075,16,28,248,35,30,5,22,1,105,670365,355,0,78,1,0,0,41,0,0,41,1,1,1,2
50.173,1662557268320,5.016197395,1,4.2,29.8,0.0,65.7,0.0,0.0,0.3,118,1,67,0,2,522580,116804,308688,712840,5839,99058,294,294,35,0,0,5,7,5,2,0,1,0,0,0,0,5,552783,0,5,2,11,2871,243563,5335,0,1,23511,18479,5611,5764,1061,354,1096,189,9,112,112,114,2324,801,2069638,211,9,129,45,352646,352587,127,16,9,11,20,550713,334424,11,15,237,34,31,0,11,0,108,684896,353,0,76,1,0,0,21,0,0,21,1,0,0,1
55.1889,1662557275132,5.015870055,1,5.7,33.0,0.0,60.7,0.0,0.0,0.6,118,1,67,0,2,523864,115512,308696,714140,5694,97465,56,56,35,0,0,6,11,6,5,16,2,0,0,0,0,8,497333,0,5,1,17,2923,194149,5331,2,1,22981,17956,4754,4916,1155,236,1175,126,15,104,104,105,2084,861,1768360,205,16,129,44,346558,346502,125,18,15,16,25,495291,330125,10,21,221,25,20,0,16,0,99,601650,342,0,93,1,3,5,24,1,5,29,1,2,1,2
60.2044,1662557281917,5.015457768,1,6.2,25.2,0.0,68.3,0.0,0.0,0.3,117,1,66,0,2,524388,115004,308680,714652,5540,100542,240,240,35,0,0,5,7,5,2,4,1,0,0,0,0,2,534876,0,8,1,10,2902,213621,5319,0,1,22938,17935,1830,2427,274,20,531,189,9,108,108,109,415,142,1915375,205,5,131,5,359983,359934,124,15,5,6,13,532798,345955,7,13,225,32,17,9,5,4,101,665525,322,0,75,1,0,0,4,0,0,4,1,0,0,1
65.221,1662557288690,5.016562347,1,4.9,34.2,0.0,60.1,0.0,0.0,0.9,120,1,69,0,2,523832,115580,308660,714092,9889,103511,294,294,35,0,0,5,7,5,2,5,1,0,0,0,0,15,513677,0,14,1,10,2901,204883,5714,0,1,24116,19019,9626,9153,1872,386,1683,0,9,132,133,131,4131,1375,1886760,253,16,130,46,355801,355736,153,15,16,19,34,511725,334623,16,23,287,39,84,4,22,0,124,599718,392,0,75,1,0,0,31,0,1,32,1,0,0,1
70.2372,1662557295451,5.016241730,1,2.6,33.0,0.0,64.1,0.0,0.0,0.3,118,1,67,0,2,522400,117008,308664,712664,11065,102966,8143,8143,35,0,0,5,7,5,2,0,1,0,0,0,0,8,515228,0,19,1,11,526,204395,5483,0,1,22959,17936,4509,4861,1099,415,1059,0,9,129,130,128,2066,873,1781787,229,8,129,46,350810,350762,137,16,8,11,21,513430,334560,13,16,259,28,34,4,9,0,116,610593,349,0,81,1,0,0,19,0,0,19,1,0,0,1
75.253,1662557302232,5.015759135,1,1.7,35.3,0.0,63.0,0.0,0.0,0.0,118,1,67,0,2,522384,117020,308668,712656,5856,100546,84,84,35,0,0,5,7,5,2,0,1,0,0,0,0,0,510808,0,4,2,10,2881,197193,5277,0,1,22803,17833,1055,1516,66,9,91,0,9,106,106,107,4,5,1791439,207,0,130,5,351702,351655,125,16,0,0,3,508529,338359,6,6,222,28,15,0,0,0,103,645077,293,0,72,1,0,0,3,0,0,3,1,0,0,1
80.2682,1662557309046,5.015224458,1,2.9,28.0,0.0,67.8,0.0,0.0,1.3,118,1,67,0,2,522796,116612,308664,713064,5741,98015,266,266,35,0,0,5,9,5,4,0,2,0,0,0,0,5,559552,0,3,1,17,569,246389,5651,0,1,23674,18651,7714,7865,1443,242,1478,0,13,110,110,111,3193,1049,2101900,209,13,129,45,357356,357298,127,18,13,16,30,557505,337408,15,20,233,35,33,0,16,0,107,683080,357,0,86,1,3,6,29,1,4,33,1,1,0,2
85.2814,1662557315807,5.013221294,1,2.1,28.4,0.0,69.1,0.0,0.0,0.4,118,1,67,0,2,523620,115788,308664,713888,8803,122179,84,84,35,0,0,6,8,6,2,7,1,0,0,0,0,31,560625,0,20,1,11,3426,244889,5831,0,1,23278,18248,15859,15460,3503,1017,3458,630,165,111,111,108,7304,2651,2105088,219,32,126,46,365012,364956,223,16,32,38,60,560235,341091,25,45,414,31,165,5,40,1,98,660457,562,0,154,1,0,0,65,0,2,67,1,0,0,1
90.2968,1662557324039,5.015361862,1,16.9,32.6,0.0,49.8,0.0,0.0,0.7,118,2,67,0,2,522996,116416,308660,713272,5540,99397,84,84,35,0,0,5,7,5,2,0,1,0,0,0,0,0,507993,0,5,1,11,2918,196413,4968,0,1,22702,17755,861,1013,52,9,77,0,9,104,104,106,3,5,1782482,203,0,131,5,349431,349385,127,16,0,0,3,505863,336333,6,6,216,21,10,0,0,0,101,650466,299,0,71,1,0,0,2,0,0,2,1,0,0,1
95.3137,1662557330791,5.016880665,1,2.5,28.4,0.0,68.1,0.0,0.0,1.1,118,1,67,0,2,523124,116280,308668,713400,5872,100023,84,84,35,0,0,5,7,5,2,0,1,0,0,0,0,4,517552,0,3,1,13,2469,204072,5381,0,1,23153,18167,2474,3255,253,12,343,0,9,107,107,107,289,87,1824194,211,2,131,7,352609,352559,126,16,1,6,9,515192,337983,8,9,230,36,22,2,1,2,104,649368,326,0,74,1,0,0,10,0,0,10,1,0,0,1
100.329,1662557337579,5.015402041,1,1.4,29.1,0.0,68.5,0.0,0.0,1.0,118,1,67,0,2,523668,115712,308692,713956,5494,98304,56,56,35,0,0,5,7,5,2,0,1,0,0,0,0,14,543697,0,3,2,11,1287,229278,5281,0,1,23051,18053,5878,6026,1250,46,1286,126,9,102,102,102,2465,934,2002097,201,11,129,44,356114,356061,121,16,11,13,26,541639,338900,14,18,218,24,21,0,13,0,99,665535,333,0,80,1,0,0,28,0,0,28,1,0,0,1
105.345,1662557344367,5.016260486,1,7.0,35.2,0.0,56.1,0.0,0.0,1.7,118,1,67,0,2,523196,116180,308696,713496,5286,94438,84,84,35,0,0,5,9,5,4,18,2,0,0,0,0,3,525914,0,7,1,18,594,216458,5438,0,1,22843,17860,3538,3821,904,43,685,0,13,103,103,102,1496,628,1901527,201,15,131,16,349705,349645,123,17,15,14,21,523819,334115,7,19,218,23,20,0,15,0,97,642607,348,0,100,1,2,6,4,1,4,8,1,1,0,2
110.36,1662557351471,5.015231026,1,2.3,39.6,0.0,58.1,0.0,0.0,0.0,118,1,67,0,2,522552,116820,308700,712852,5999,99942,56,56,35,0,0,5,7,5,2,0,1,0,0,0,0,2,520282,0,5,1,11,2329,207929,5132,0,1,22935,17960,1247,1735,80,10,105,0,9,108,108,109,9,6,1851981,213,0,131,7,350662,350614,132,16,0,0,4,517940,336994,6,6,232,35,20,0,0,0,105,666437,308,0,71,1,0,0,5,0,0,5,1,0,0,0
115.376,1662557358245,5.015554893,1,3.3,36.7,0.0,59.6,0.0,0.0,0.3,118,1,67,0,2,522268,117108,308696,712564,6130,98207,84,84,35,0,0,6,8,6,2,0,1,0,0,0,0,4,547814,0,20,1,11,990,238569,5422,0,1,23114,18083,5895,6364,1261,361,1280,126,9,111,111,112,2474,931,2048729,217,11,129,44,351166,351114,130,16,11,13,25,545913,333957,14,18,248,24,25,0,13,0,100,689219,338,0,83,1,0,0,26,0,2,28,1,0,0,1
120.392,1662557365052,5.015998448,1,2.8,33.4,0.0,63.4,0.0,0.0,0.3,119,3,66,0,3,523872,115520,308680,714172,8041,100634,266,266,35,0,0,5,7,5,2,7,1,0,0,0,0,22,510784,0,21,1,10,2782,202896,5860,0,1,24678,19212,14970,14997,3250,814,3303,882,9,127,127,125,7104,2517,1848253,243,30,128,46,357808,357722,143,16,30,34,55,508687,332219,21,41,268,29,41,5,37,1,112,589988,380,0,78,1,0,0,57,0,0,57,1,0,0,1
125.407,1662557371826,5.015042430,1,2.9,34.5,0.0,61.9,0.0,0.0,0.6,117,1,67,0,2,523540,115824,308708,713852,6027,99058,84,84,35,0,0,5,7,5,2,0,1,0,0,0,0,7,527216,0,4,2,11,2412,210144,5256,0,1,22896,17928,1253,1432,83,11,108,0,9,108,108,109,9,7,1921668,211,0,130,7,354905,354858,131,16,0,2,3,525222,341450,6,6,230,35,20,0,1,0,104,666046,321,0,76,1,0,0,5,0,0,5,1,0,0,1
130.423,1662557378622,5.016006242,1,6.3,29.0,0.0,62.8,0.0,0.0,1.9,117,1,67,0,2,523832,115468,308772,714184,5488,98304,84,84,35,0,0,5,9,5,4,6,2,0,0,0,0,7,493086,0,10,1,18,3090,193053,5596,0,1,23545,18314,6556,6712,1417,312,1430,252,141,102,102,104,2706,1020,1807760,199,15,132,44,344525,344466,193,17,15,17,29,491119,326164,15,23,369,25,137,0,17,0,99,580118,511,0,144,1,2,6,27,1,4,30,1,1,0,2
135.438,1662557385427,5.015053247,1,2.2,35.3,0.0,62.2,0.0,0.0,0.3,117,1,67,0,2,523832,115464,308776,714188,5854,98756,266,266,35,0,0,5,7,5,2,0,1,0,0,0,0,4,499712,0,3,1,11,591,199922,5334,0,1,23253,18251,5301,5461,1043,291,1078,0,9,107,107,110,2287,814,1846155,203,9,129,44,342210,342159,123,15,9,11,21,497840,324418,11,15,221,25,24,0,11,0,105,594208,345,0,76,1,0,0,24,0,0,24,1,0,0,1
140.453,1662557392155,5.015035559,1,4.6,32.9,0.0,60.9,0.0,0.0,1.6,116,1,67,0,2,523496,115764,308812,713864,5923,99840,84,84,35,0,0,6,8,6,2,0,1,0,0,0,0,1,511757,0,4,1,11,580,195540,5165,0,1,22898,17919,1245,1413,79,9,107,0,9,108,108,109,6,6,1784576,211,0,130,7,354673,354629,127,16,0,1,3,509947,341191,6,6,230,35,20,0,0,0,105,633230,304,0,70,1,0,0,5,0,1,6,1,0,0,1
145.473,1662557398937,5.020286168,1,1.3,32.0,0.0,66.5,0.0,0.0,0.3,116,1,67,0,2,522560,116684,308828,712944,5442,99347,56,56,35,0,0,5,7,5,2,0,1,0,0,0,0,7,503057,0,3,1,11,2895,195403,5336,0,1,23278,18248,6052,6202,1285,360,1294,126,9,102,102,101,2476,931,1843921,201,11,131,44,350318,350267,125,16,11,13,26,501029,332791,14,18,222,31,25,0,13,0,98,619239,325,0,82,1,0,0,28,0,0,28,1,1,1,2
150.496,1662557405725,5.023324137,1,4.4,32.7,0.0,62.3,0.0,0.0,0.6,116,1,67,0,2,522596,116652,308824,712984,5752,98989,294,294,35,0,0,5,7,5,2,0,1,0,0,0,0,5,538855,0,5,2,11,2900,226664,5137,0,1,23384,18347,5296,5450,1045,101,1067,63,9,109,109,108,2291,802,1990307,205,10,129,44,356261,356206,124,16,9,11,21,536883,338346,11,15,225,23,24,0,11,0,103,681293,331,0,76,1,0,0,22,0,1,23,1,0,0,1
155.513,1662557412490,5.016635982,1,2.3,35.6,0.0,59.5,0.0,0.0,2.6,116,1,67,0,2,523296,115972,308804,713672,5716,100068,84,84,35,0,0,5,14,5,9,18,2,0,0,0,0,8,532003,0,7,1,31,554,213957,5437,0,1,23176,18157,2705,2857,503,33,529,0,23,110,110,108,731,287,1901872,215,12,131,7,357550,357490,131,18,12,12,15,529942,342620,6,18,232,35,19,0,12,0,103,672893,332,0,106,1,1,6,4,0,0,4,1,1,0,2
160.527,1662557419244,5.013747316,1,3.1,35.3,0.0,60.2,0.0,0.0,1.4,116,1,67,0,2,523384,115876,308812,713764,8691,111796,84,84,35,0,0,6,10,6,3,3,2,0,0,0,0,17,552413,0,17,1,14,3415,234284,5677,2,1,24190,19108,12439,12072,2536,785,2514,567,11,122,122,120,5462,1890,2040704,239,21,132,7,366221,366186,147,17,21,26,42,552089,345253,19,32,259,37,32,5,27,1,107,676149,370,0,86,1,1,0,46,1,5,51,1,1,1,2
165.542,1662557426691,5.015059745,1,5.1,40.3,0.0,54.0,0.0,0.0,0.6,116,1,67,0,2,522832,116428,308812,713220,6154,94639,294,294,35,0,0,5,7,5,2,0,1,0,0,0,0,12,552881,0,24,1,10,1723,243978,5357,0,1,22246,17444,5316,5476,1041,228,1057,189,8,115,115,116,2312,796,2066655,217,9,124,44,349753,349701,128,14,9,11,20,550875,332564,11,15,246,23,24,0,11,0,101,698971,319,0,74,1,0,0,23,0,1,24,1,0,0,1
170.557,1662557433469,5.015292805,1,18.0,35.1,0.0,46.3,0.0,0.0,0.6,116,1,67,0,2,522340,116928,308804,712720,5729,99664,56,56,35,0,0,5,7,5,2,0,1,0,0,0,0,1,565418,0,7,1,11,522,251199,5198,0,1,22691,17744,946,1095,58,72,84,63,9,105,105,106,5,6,2118171,207,0,130,6,352204,352150,125,16,0,0,4,563423,339110,6,6,221,24,12,0,0,0,101,753776,288,0,71,1,0,0,3,0,0,3,1,1,1,2
175.573,1662557440281,5.015978984,1,2.7,31.0,0.0,65.0,0.0,0.0,1.3,116,1,67,0,2,522920,116332,308820,713308,5442,98304,84,84,35,0,0,5,7,5,2,0,1,0,0,0,0,3,566342,0,4,2,10,3021,251628,5556,0,1,23230,18090,3320,3463,463,92,504,63,151,103,103,104,873,269,2126891,201,4,134,5,355792,355746,205,14,4,5,12,564369,340317,11,12,375,30,133,0,5,0,99,726990,494,0,137,1,0,0,9,0,0,9,1,0,0,1
180.596,1662557447133,5.022676624,1,3.3,33.7,0.0,62.4,0.0,0.0,0.7,116,1,67,0,2,522296,116956,308820,712692,5700,98884,266,266,35,0,0,5,7,5,2,0,1,0,0,0,0,13,530298,0,4,1,11,2941,222386,5570,0,1,23529,18524,7398,7549,1441,556,1446,252,9,109,109,110,3197,1043,1945067,207,13,129,44,351827,351763,128,15,13,16,30,528144,332249,15,20,227,24,27,0,16,0,105,644470,358,0,80,1,0,0,30,0,0,30,1,0,0,1
185.612,1662557453928,5.015727963,1,21.3,30.5,0.0,47.9,0.0,0.0,0.3,116,1,67,0,2,522816,116428,308828,713216,5777,98417,84,84,35,0,0,6,11,6,5,2,3,0,0,0,0,2,563423,0,4,1,19,2835,250648,5093,3,1,22659,17723,968,1356,59,10,84,0,15,104,104,106,3,6,2110287,203,0,131,6,351040,350998,123,15,0,1,3,561396,338022,6,6,216,26,12,0,1,0,100,726013,315,0,82,1,4,6,3,1,5,8,1,2,1,2
190.63,1662557460700,5.018404171,1,3.2,33.6,0.0,62.2,0.0,0.0,1.1,116,1,67,0,2,522872,116364,308836,713284,5753,99686,84,84,35,0,0,5,7,5,2,0,1,0,0,0,0,5,558184,0,4,1,11,883,242263,5349,0,1,22999,18048,3137,3606,454,23,477,0,9,104,103,104,876,259,2064329,203,4,131,5,355312,355158,122,15,4,5,12,555933,340254,10,11,212,25,13,0,5,0,99,708742,316,0,75,1,0,0,10,0,0,10,1,0,0,1
195.646,1662557467530,5.015695680,1,4.3,33.6,0.0,60.4,0.0,0.0,1.8,116,1,67,0,2,523960,115268,308844,714380,7507,96106,266,266,35,0,0,5,7,5,2,0,1,0,0,0,0,22,525798,0,14,1,11,2378,229389,5816,0,1,23938,18700,16549,16706,3479,1197,3519,945,9,119,119,116,7795,2676,1940181,227,30,124,46,347962,347885,139,15,30,38,60,523753,321713,25,42,249,30,42,5,38,1,106,612667,393,0,85,1,0,0,66,0,0,66,1,1,1,2
200.753,1662557474360,5.107340822,1,2.6,31.6,0.0,65.1,0.0,0.0,0.7,116,1,67,0,2,522888,116332,308852,713316,6246,106107,84,84,35,0,0,5,7,5,2,0,1,0,0,0,0,6,559165,0,5,2,11,508,248612,5460,0,1,22885,17886,2183,2088,505,19,264,0,9,103,103,105,789,386,2096459,201,4,132,17,350318,350275,122,16,3,2,9,557133,335931,7,7,222,26,23,0,3,0,100,727313,302,0,71,1,0,0,4,0,1,5,1,0,0,1
205.769,1662557481547,5.016127210,1,1.6,35.2,0.0,62.9,0.0,0.0,0.3,116,1,67,0,2,522540,116684,308848,712964,5442,98406,56,56,35,0,0,5,7,5,2,6,1,0,0,0,0,1,560299,0,4,1,11,2883,244107,5198,0,1,22919,17996,3608,3756,594,94,620,0,9,103,103,103,1116,351,2079025,203,8,131,5,355808,355754,123,16,8,9,17,558229,340421,10,15,218,29,14,0,9,0,99,706215,328,0,81,1,0,0,9,0,0,9,1,0,0,1
210.785,1662557488385,5.015953527,1,1.3,32.7,0.0,65.7,0.0,0.0,0.3,117,1,67,0,2,523024,116196,308852,713452,6121,98195,294,294,35,0,0,6,9,5,3,19,2,0,0,0,0,23,537525,0,6,1,14,605,231447,6121,2,1,24129,18928,9548,9664,1743,312,1785,315,11,113,113,114,3766,1293,1986631,213,15,128,53,352735,352674,134,18,15,18,32,535566,330848,15,21,272,43,81,0,19,0,106,635043,422,0,105,1,1,0,52,3,4,56,1,1,1,2
215.802,1662557495263,5.017133451,1,2.4,36.4,0.0,60.5,0.0,0.0,0.6,117,1,67,0,2,523132,116076,308864,713572,6172,99272,56,56,35,0,0,6,8,6,2,8,1,0,0,0,0,7,531739,0,22,1,11,1600,223061,5572,0,1,22907,17880,4277,4796,1007,166,1046,126,9,111,111,112,1840,774,1947282,219,11,129,44,349278,349225,131,15,11,12,21,529848,333376,10,17,247,23,20,0,12,0,99,657219,327,0,79,1,0,0,19,0,2,21,1,0,0,1
220.818,1662557502055,5.016438178,1,1.7,30.3,0.0,68.0,0.0,0.0,0.0,117,1,67,0,2,523164,116052,308856,713596,5646,99551,84,84,35,0,0,5,7,5,2,0,1,0,0,0,0,3,543119,0,8,1,11,618,230805,5231,0,1,23072,18091,3203,3348,467,149,481,0,125,105,105,106,873,270,1998461,205,4,133,5,352250,352202,194,15,4,5,12,541096,337278,11,12,284,29,28,0,5,0,100,702154,438,0,119,1,0,0,9,0,0,9,1,1,1,2
225.835,1662557508906,5.016536490,1,2.2,35.8,0.0,60.7,0.0,0.0,1.3,117,1,67,0,2,522376,116828,308868,712824,6207,98432,266,266,35,0,0,5,7,5,2,6,1,0,0,0,0,16,485787,0,9,2,10,643,195206,5566,0,1,23823,18772,8216,8706,1606,439,1639,315,8,112,112,113,3436,1144,1798441,213,17,128,45,336525,336459,130,14,17,20,34,483791,316020,15,24,244,35,40,0,20,0,109,574157,372,0,87,1,0,0,27,0,0,27,1,0,0,1
230.85,1662557515687,5.015005643,1,3.7,32.1,0.0,63.6,0.0,0.0,0.6,116,1,66,0,2,522188,117012,308872,712640,5130,93089,56,56,35,0,0,5,7,5,2,0,1,0,0,0,0,5,508940,0,3,1,11,2259,198630,5319,0,1,21608,16877,3753,3915,871,408,894,63,9,97,97,98,1596,687,1834480,191,7,124,44,348659,348602,120,16,7,8,17,506707,333782,10,13,207,23,20,0,8,0,94,633910,310,0,74,1,0,0,22,0,0,22,1,0,0,1
235.874,1662557522432,5.023652629,1,1.9,29.4,0.0,68.0,0.0,0.0,0.6,117,1,67,0,2,522644,116552,308876,713104,14824,216929,378,378,35,0,0,0,0,0,0,1,0,0,0,0,0,26,515196,0,15,0,5,2642,197997,6035,0,0,24619,19706,14482,14825,3042,1054,3016,630,5,127,127,124,6450,2312,1875436,241,25,130,47,367893,367846,138,12,23,37,51,513555,342112,23,34,270,41,49,5,29,1,114,607145,385,0,72,1,0,0,51,0,0,51,1,0,0,1
240.89,1662557535159,5.015511983,1,1.3,32.6,0.0,66.1,0.0,0.0,0.0,117,1,67,0,2,522644,116544,308884,713112,5442,98304,56,56,35,0,0,5,7,5,2,0,1,0,0,0,0,7,503010,0,3,2,15,573,197602,5044,0,1,22819,17817,3768,4251,879,410,898,189,9,101,101,103,1598,682,1773255,199,8,134,44,345645,345604,121,16,7,8,17,501155,330203,10,13,217,23,20,0,8,0,100,619463,321,0,74,1,0,0,21,0,1,22,1,1,1,2
245.906,1662557541920,5.015986367,1,5.7,25.8,0.0,68.2,0.0,0.0,0.3,117,1,67,0,2,522896,116300,308876,713356,5546,99608,84,84,35,0,0,5,7,5,2,0,1,0,0,0,0,4,509758,0,4,1,11,1070,195579,5084,0,1,23052,18091,3136,3630,457,87,481,0,9,104,104,105,871,258,1867228,203,4,131,5,353918,353871,123,16,4,5,12,507847,338983,10,11,219,29,14,0,5,0,100,627241,301,0,69,1,0,0,9,0,0,9,1,0,0,1
250.922,1662557548689,5.016008565,1,4.5,30.4,0.0,65.1,0.0,0.0,0.0,117,2,66,0,2,523636,115552,308884,714112,5839,98245,294,294,35,0,0,5,7,5,2,6,1,0,0,0,0,13,546726,0,6,1,11,665,232799,5793,0,1,23940,18874,8185,8653,1596,187,1617,63,9,115,115,114,3441,1134,2034572,217,17,130,45,359331,359263,134,16,17,20,33,544828,338885,15,24,242,35,32,0,20,0,109,669150,356,0,82,1,0,0,28,0,0,28,1,0,0,1
255.938,1662557555484,5.015639773,1,3.2,33.3,0.0,63.4,0.0,0.0,0.0,116,1,67,0,2,523124,116064,308884,713600,5466,98406,56,56,35,0,0,5,9,5,4,0,2,0,0,0,0,5,499695,0,5,1,20,1122,192985,5151,0,1,22748,17758,3766,3951,857,157,885,126,13,102,102,102,1596,683,1783001,201,7,129,44,346692,346638,124,17,7,9,17,497689,331297,10,13,220,23,20,0,8,0,98,619051,313,0,90,1,2,6,20,1,4,24,1,1,0,2
260.955,1662557562276,5.016624717,1,3.9,30.9,0.0,65.3,0.0,0.0,0.0,116,1,67,0,2,522672,116496,308904,713156,6768,101362,84,84,35,0,0,5,7,5,2,0,1,0,0,0,0,4,565326,0,20,2,11,2876,252050,5312,0,1,23082,18097,3166,3308,456,87,483,63,9,113,113,116,875,250,2112326,221,4,130,5,353927,353874,132,15,4,5,12,563344,338969,10,11,245,31,16,0,5,0,102,721181,308,0,71,1,0,0,9,0,0,9,1,0,0,1
265.973,1662557569078,5.017682789,1,3.2,40.5,0.0,56.1,0.0,0.0,0.3,117,1,67,0,2,523244,115916,308912,713736,6113,98399,266,266,35,0,0,6,8,6,2,12,1,0,0,0,0,18,550915,0,15,1,11,3067,241492,6098,0,1,24281,19022,8900,9138,1737,266,1770,189,152,113,113,115,3694,1228,2055600,215,21,132,45,355900,355830,210,15,21,24,38,548903,334324,16,29,399,36,146,0,25,0,108,645373,563,0,147,1,0,0,33,0,2,35,1,1,1,2
270.988,1662557575858,5.015265125,1,2.0,31.6,0.0,66.4,0.0,0.0,0.0,117,1,67,0,2,523416,115768,308888,713904,7705,101103,84,84,35,0,0,5,7,5,2,0,1,0,0,0,0,28,494683,0,16,1,12,1534,197440,5538,0,1,24158,18710,12936,13425,2931,735,2970,756,9,118,118,116,6177,2298,1762418,231,24,129,46,344974,344900,141,15,24,30,47,492531,322304,20,35,252,29,37,5,30,1,104,594854,343,0,78,1,0,0,57,0,0,57,1,0,0,1
276.016,1662557582651,5.028063365,1,3.2,30.0,0.0,65.5,0.0,0.0,1.3,117,1,67,0,2,523588,115564,308920,714092,5494,99347,84,84,35,0,0,5,7,5,2,0,1,0,0,0,0,3,572726,0,4,1,10,2861,254423,5502,0,1,22912,17977,3148,3287,453,24,489,63,8,103,103,103,873,266,2136114,201,5,130,5,358624,358575,120,14,4,5,12,570480,343649,10,11,218,29,15,0,5,0,99,736934,304,0,72,1,0,0,9,0,0,9,1,0,0,1
281.033,1662557590021,5.017351346,1,4.5,37.4,0.0,57.8,0.0,0.0,0.3,117,1,67,0,2,523528,115628,308916,714024,6083,100370,294,294,35,0,0,5,9,5,4,0,2,0,0,0,0,9,553604,0,4,1,15,537,242136,5597,0,1,23702,18711,4874,5023,643,95,665,0,12,111,111,112,1538,379,2076011,213,6,130,7,353967,353912,132,16,6,8,15,551840,336498,11,13,233,36,23,0,8,0,108,696341,353,0,85,1,2,6,13,1,4,17,1,1,0,2
286.049,1662557596798,5.015744440,1,1.0,37.4,0.0,61.3,0.0,0.0,0.3,117,1,67,0,2,522092,117068,308912,712596,5982,98773,84,84,35,0,0,5,7,5,2,0,1,0,0,0,0,8,521352,0,3,2,11,1646,216906,5312,0,1,22914,17891,3777,4262,875,222,891,0,9,104,104,106,1601,681,1900936,205,7,130,44,344589,344533,128,16,7,8,16,519127,328949,10,13,223,25,21,0,8,0,100,652939,324,0,77,1,0,0,21,0,0,21,1,0,0,1
291.064,1662557603599,5.015123822,1,20.7,25.6,0.0,52.3,0.0,0.0,1.4,117,1,67,0,2,522864,116280,308928,713380,11000,104275,8955,8955,35,0,0,6,8,6,2,0,1,0,0,0,0,7,514956,0,4,1,10,2370,212778,5496,0,1,22792,17845,1346,1577,136,76,291,0,8,129,130,128,182,46,1881617,221,1,130,5,342122,342078,131,13,1,1,7,513334,328684,7,7,237,30,25,7,1,2,121,647800,323,0,69,1,0,0,3,0,2,5,1,1,1,2
296.081,1662557610413,5.016589225,1,1.3,32.6,0.0,66.1,0.0,0.0,0.0,117,1,67,0,2,522792,116372,308908,713300,5872,100316,189,189,35,0,0,5,7,5,2,4,1,0,0,0,0,3,537526,0,5,1,11,2918,224589,5432,0,1,23229,18239,3822,4325,614,94,643,0,9,108,108,107,1156,352,1962637,211,8,130,7,353183,353128,127,14,8,11,16,535328,337423,10,15,231,36,20,0,9,0,103,659718,315,0,72,1,0,0,11,0,0,11,1,0,0,1
301.096,1662557617224,5.015492042,1,4.6,32.5,0.0,62.9,0.0,0.0,0.0,117,1,67,0,2,522132,117036,308904,712636,5442,99449,56,56,35,0,0,5,7,5,2,6,1,0,0,0,0,9,528516,0,4,1,12,2049,222683,5186,0,1,22836,17834,4244,4727,1005,166,1033,63,9,102,102,102,1841,768,1938923,201,11,129,44,346366,346304,126,16,11,12,21,526420,330457,10,17,219,23,20,0,12,0,99,654590,324,0,86,1,0,0,21,0,0,21,1,0,0,1
306.112,1662557624076,5.016125935,1,13.8,35.9,0.0,50.0,0.0,0.0,0.3,116,1,66,0,2,522572,116576,308924,713096,5877,98688,84,84,35,0,0,5,14,5,9,8,2,0,0,0,0,8,507205,0,8,1,26,1571,195885,5213,0,1,22986,18024,3444,3593,580,95,610,0,23,106,106,107,1112,354,1813902,207,8,130,5,349946,349892,127,18,8,9,16,505093,334649,10,15,222,22,12,0,9,0,101,620270,324,0,94,1,1,6,7,0,0,7,1,1,0,2
311.125,1662557630862,5.013341008,1,2.4,34.0,0.0,63.2,0.0,0.0,0.3,117,1,67,0,2,522864,116264,308944,713404,14975,214145,168,168,35,0,0,0,0,0,0,0,0,0,0,0,0,13,559180,0,19,0,5,3382,245560,5503,0,0,23672,18795,10749,10839,2495,1218,2390,630,5,118,118,115,4898,1967,2098164,231,19,130,46,360145,360109,133,12,19,28,44,558785,339521,18,30,255,29,37,5,21,1,102,683360,369,0,71,1,0,0,49,0,0,47,1,1,1,2
316.141,1662557643315,5.015686540,1,16.1,29.8,0.0,53.2,0.0,0.0,1.0,118,2,68,0,1,522516,116604,308952,713064,5597,98382,56,56,35,0,0,7,10,6,3,2,2,0,0,0,0,3,558898,0,3,2,12,2894,241756,5464,2,1,23017,18063,3154,3294,459,86,484,0,11,103,103,104,875,263,2065721,203,4,131,5,356700,356647,125,18,4,5,13,556803,341771,10,11,215,29,12,0,5,0,101,710884,317,0,82,1,1,0,10,0,2,12,1,1,1,2
321.158,1662557650153,5.016617500,1,0.7,29.7,0.0,69.6,0.0,0.0,0.0,117,1,67,0,2,522812,116304,308956,713352,6031,99327,294,294,35,0,0,5,7,5,2,0,1,0,0,0,0,4,531780,0,4,2,10,537,217250,5309,0,1,23296,18304,2626,3132,250,206,272,0,9,112,112,113,652,140,1917353,215,2,131,7,354289,354230,129,16,2,3,6,529254,338871,7,8,234,35,22,0,3,0,108,671100,309,0,72,1,0,0,7,0,0,7,1,0,0,1
326.175,1662557656947,5.016897262,1,5.0,30.2,0.0,63.5,0.0,0.0,1.3,117,1,67,0,2,522772,116332,308968,713332,5644,98615,84,84,35,0,0,5,7,5,2,0,1,0,0,0,0,6,521890,0,4,1,11,572,218161,5325,0,1,22826,17822,3767,4272,866,283,892,126,9,103,103,104,1602,683,1911798,202,7,129,44,344348,344299,127,16,7,8,16,519880,328915,10,13,222,23,20,0,8,0,99,658050,315,0,80,1,0,0,21,0,0,21,1,0,0,1
331.191,1662557663774,5.015821251,1,21.2,30.8,0.0,46.5,0.0,0.0,1.6,117,1,67,0,2,522848,116252,308972,713412,5930,99633,84,84,35,0,0,5,7,5,2,0,1,0,0,0,0,4,548105,0,3,1,10,518,235871,5196,0,1,23060,18095,3145,3293,458,24,480,0,8,106,105,107,876,271,2033600,207,4,131,5,351944,351894,123,13,4,5,13,546167,336983,10,11,213,22,10,0,5,0,100,696970,303,0,67,1,0,0,6,0,0,6,1,0,0,1
336.208,1662557670572,5.016538033,1,2.1,28.1,0.0,69.4,0.0,0.0,0.4,117,1,67,0,2,522612,116484,308976,713180,6027,100292,189,189,35,0,0,5,7,5,2,0,1,0,0,0,0,3,566829,0,4,1,11,2781,251299,5422,0,1,23099,18141,3350,3356,465,86,489,0,9,108,108,109,912,261,2129213,211,4,131,7,356028,355981,127,15,4,2,12,564863,340794,10,11,232,36,22,0,5,0,104,725002,315,0,66,1,0,0,11,1,4,15,1,1,1,2
341.224,1662557677378,5.016095188,1,2.0,28.7,0.0,67.9,0.0,0.0,1.4,117,1,67,0,2,522852,116232,308988,713420,5442,97261,56,56,35,0,0,5,7,5,2,4,1,0,0,0,0,8,516697,0,3,2,11,568,212620,5294,0,1,22842,17847,4248,4726,1014,165,1026,126,8,102,102,102,1838,783,1874370,199,11,130,44,344700,344640,123,14,11,12,21,514762,328809,10,17,218,23,21,0,12,0,99,640866,337,0,85,1,0,0,19,0,0,19,1,0,0,1
346.247,1662557684196,5.022647698,1,7.0,33.8,0.0,59.2,0.0,0.0,0.0,117,1,67,0,2,522408,116680,308984,712988,8069,109185,84,84,35,0,0,6,8,6,2,15,1,0,0,0,0,11,537465,0,16,1,11,1541,228551,5693,0,1,24258,18891,13982,14044,3031,1194,2864,693,9,118,118,115,6372,2225,2017648,231,31,129,17,357075,356994,141,16,31,35,53,535353,333442,20,41,252,30,31,5,37,1,103,628926,385,0,93,1,0,0,45,0,1,46,1,0,0,1
351.264,1662557691541,5.017205468,1,2.9,33.3,0.0,63.8,0.0,0.0,0.0,117,1,67,0,2,522872,116212,308988,713456,5819,98797,56,56,35,0,0,5,7,5,2,0,1,0,0,0,0,7,517344,0,3,1,11,3034,205798,5505,0,1,23362,18208,3540,3998,482,93,514,63,165,107,107,108,885,275,1833153,211,4,133,7,351390,351334,219,16,4,5,13,515346,335448,12,13,393,37,145,0,6,0,104,639738,506,0,142,1,0,0,10,0,0,10,1,0,0,1
356.279,1662557698332,5.014953512,1,3.4,37.2,0.0,59.4,0.0,0.0,0.0,117,1,67,0,2,522740,116348,308984,713320,5866,94007,84,84,35,0,0,5,7,5,2,30,1,0,0,0,0,9,499218,0,22,1,11,2824,191854,5305,0,1,22157,17319,5710,5873,1452,442,1470,126,9,107,107,108,2564,1037,1824604,209,23,124,44,348992,348930,130,15,23,24,32,497313,332157,10,29,240,23,23,0,24,0,95,595250,333,0,96,1,0,0,22,0,0,22,1,0,0,1
361.294,1662557705167,5.015112682,1,5.2,33.7,0.0,60.7,0.0,0.0,0.3,117,1,67,0,2,522188,116892,308992,712776,5574,98484,161,161,35,0,0,5,13,5,8,6,2,0,0,0,0,9,539531,0,5,1,30,2487,237450,5409,0,1,23280,18260,6563,6692,1405,306,1428,63,21,105,105,104,2803,1031,2024950,203,15,129,44,345071,345023,125,18,15,17,31,537577,326793,14,22,223,24,23,0,17,0,100,664774,358,0,101,1,1,5,24,0,0,24,1,2,1,2
366.31,1662557712012,5.016092205,1,3.4,33.0,0.0,63.6,0.0,0.0,0.0,117,1,67,0,2,523952,115116,309004,714552,5710,98769,84,84,35,0,0,5,7,5,2,0,1,0,0,0,0,7,535974,0,5,2,11,553,220491,5227,0,1,23107,18147,3340,3482,468,23,494,0,9,108,108,109,877,252,1935316,211,4,130,7,355219,355170,127,16,4,5,12,533896,340014,10,11,232,36,20,0,5,0,104,674625,320,0,70,1,0,0,12,1,4,16,1,0,0,1
371.326,1662557718787,5.015903506,1,3.2,31.6,0.0,63.9,0.0,0.0,1.3,117,1,67,0,2,522708,116328,309036,713324,5286,95175,84,84,35,0,0,5,7,5,2,0,1,0,0,0,0,11,492600,0,4,1,11,2220,191278,5116,0,1,22115,17266,3758,4229,872,283,893,189,9,100,100,101,1595,691,1803347,195,7,127,44,340355,340298,118,16,7,8,16,490406,325276,10,13,215,23,23,0,8,0,96,601217,303,0,75,1,0,0,20,0,1,21,1,0,0,1
376.343,1662557725576,5.016645108,1,6.6,30.0,0.0,63.1,0.0,0.0,0.3,117,1,67,0,2,522660,116340,309072,713300,5757,97869,266,266,35,0,0,7,9,7,2,0,1,0,0,0,0,12,548739,0,3,1,11,2843,244710,5674,0,1,23357,18391,7392,7547,1410,116,1438,252,9,108,108,109,3156,1048,2059873,205,14,128,44,351107,351041,128,16,13,16,30,546784,331653,15,20,224,24,26,0,16,0,105,661550,371,0,79,1,0,0,29,0,2,31,1,0,0,1
381.36,1662557732348,5.017174575,1,2.2,31.7,0.0,66.0,0.0,0.0,0.0,116,1,66,0,2,522864,116104,309104,713524,5871,98797,84,84,35,0,0,5,7,5,2,0,1,0,0,0,0,7,560540,0,4,1,11,2165,246724,5463,0,1,23085,18123,3337,3485,470,149,482,63,9,108,108,109,874,249,2100350,211,4,130,7,353722,353675,127,16,4,5,12,558559,338529,10,11,231,36,21,0,5,0,105,715930,319,0,74,1,0,0,9,0,0,9,1,0,0,1
386.374,1662557739097,5.014102101,1,2.4,39.9,0.0,57.7,0.0,0.0,0.0,117,1,67,0,2,522816,116160,309096,713468,8581,112577,84,84,35,0,0,5,7,5,2,0,1,0,0,0,0,11,564995,0,16,1,11,1230,245504,5412,0,1,23676,18635,10311,9987,2145,838,2114,819,9,119,119,115,4588,1626,2104154,233,17,131,7,363454,363420,142,16,17,21,33,563767,344365,15,26,252,34,30,5,22,1,104,706926,343,0,77,1,0,0,37,0,0,37,1,1,1,2
391.39,1662557746813,5.016483005,1,3.1,34.1,0.0,62.8,0.0,0.0,0.0,117,1,67,0,2,523636,115328,309108,714300,5550,98756,294,294,35,0,0,5,10,5,5,0,2,0,0,0,0,19,514898,0,4,1,20,574,214186,5248,0,1,23226,18229,5299,5464,1045,38,1068,126,15,108,108,109,2321,801,1871130,203,9,129,44,343098,343037,125,18,9,11,20,513050,325273,11,15,218,21,22,0,11,0,104,635233,331,0,90,1,2,7,22,1,4,26,1,1,0,2
396.406,1662557753581,5.016321637,1,20.0,35.6,0.0,42.5,0.0,0.0,1.9,116,1,67,0,2,523888,115072,309112,714552,5623,99460,56,56,35,0,0,5,7,5,2,0,1,0,0,0,0,4,503551,0,3,2,11,517,192128,5100,0,1,22887,17949,3036,3484,452,86,469,0,9,103,103,104,879,252,1837484,203,4,130,6,350674,350621,123,15,4,5,13,501477,335878,10,11,217,25,13,0,5,0,100,615579,319,0,73,1,0,0,9,0,0,9,1,0,0,1
401.422,1662557760385,5.016112557,1,4.0,33.2,0.0,62.8,0.0,0.0,0.0,116,1,67,0,2,523156,115808,309108,713824,5594,99551,84,84,35,0,0,7,9,7,2,4,1,0,0,0,0,4,531895,0,8,1,11,2882,219913,5335,0,1,22818,17847,1575,1736,210,17,233,0,9,105,105,105,247,100,1963419,205,4,131,5,352066,352016,124,16,4,4,7,529806,338324,6,10,231,28,20,0,4,0,99,672071,300,0,75,1,0,0,4,0,2,6,1,0,0,1
406.438,1662557767190,5.015852683,1,3.4,33.4,0.0,62.6,0.0,0.0,0.6,116,1,67,0,2,523360,115604,309108,714028,6082,99548,266,266,35,0,0,5,7,5,2,14,1,0,0,0,0,14,499962,0,17,2,11,1542,197072,5466,0,1,23488,18442,6277,6737,1316,370,1341,189,9,115,115,115,2816,974,1810192,219,17,128,44,346752,346691,135,16,17,19,29,497873,327953,11,23,244,23,24,0,19,0,105,595332,342,0,85,1,0,0,23,0,0,23,1,0,0,1
411.454,1662557774011,5.016448393,1,16.8,28.7,0.0,53.9,0.0,0.0,0.6,116,1,67,0,2,523360,115592,309120,714040,5933,98678,84,84,35,0,0,5,7,5,2,0,1,0,0,0,0,3,503443,0,4,1,10,539,192222,5088,0,1,22945,18002,3034,3534,451,87,478,0,8,105,105,107,870,269,1839582,205,4,130,6,350638,350577,121,14,4,5,13,501708,335799,10,11,217,27,13,0,5,0,101,619279,296,0,69,1,0,0,9,0,0,9,1,1,1,2
416.47,1662557780797,5.016023936,1,5.7,37.7,0.0,56.3,0.0,0.0,0.3,116,1,67,0,2,522888,116052,309132,713580,5930,99761,84,84,35,0,0,5,14,5,9,0,2,0,0,0,0,0,508554,0,5,1,32,447,194436,4905,0,1,22695,17753,1064,1571,68,9,90,0,23,108,108,109,6,12,1763572,211,1,131,5,351661,351623,129,18,0,0,3,506542,338508,6,6,227,28,16,0,0,0,104,636029,305,0,93,1,1,6,4,0,0,4,1,1,0,2
421.485,1662557787558,5.015425667,1,3.7,37.2,0.0,58.4,0.0,0.0,0.7,115,1,67,0,2,522604,116340,309128,713296,7819,101322,266,266,35,0,0,7,11,7,4,1,2,0,0,0,0,22,512279,0,14,1,15,3732,205592,5851,2,1,24796,19305,14469,14991,3108,740,3151,567,12,123,123,121,6887,2425,1871509,235,26,130,46,357025,356946,143,15,26,34,51,509928,331800,21,37,256,29,41,5,33,1,112,604456,401,0,87,1,1,0,58,1,6,64,1,1,1,2
426.501,1662557794342,5.016149876,1,2.4,27.8,0.0,69.5,0.0,0.0,0.3,115,1,67,0,2,522748,116192,309132,713444,5577,100503,84,84,35,0,0,5,7,5,2,0,1,0,0,0,0,2,501920,0,4,1,14,515,192817,5048,0,1,22911,17962,4262,4481,858,158,649,63,9,102,102,104,1624,608,1749739,199,7,130,17,349485,349433,125,15,7,7,18,499843,333473,11,12,220,27,23,0,8,0,99,621203,326,0,79,1,0,0,10,0,1,11,1,0,0,1
431.517,1662557801491,5.015847542,1,2.0,30.7,0.0,66.0,0.0,0.0,1.3,115,1,67,0,2,522568,116380,309124,713256,5597,99425,56,56,35,0,0,5,7,5,2,0,1,0,0,0,0,2,558904,0,3,1,11,537,239040,5186,0,1,22666,17728,1044,1197,65,9,91,0,9,103,103,104,6,5,2049121,203,0,130,5,357630,357581,123,14,0,0,4,556908,344498,6,6,217,28,14,0,0,0,101,730862,302,0,72,1,0,0,4,0,0,4,1,0,0,1
436.534,1662557808307,5.016979960,1,2.1,29.7,0.0,67.9,0.0,0.0,0.3,115,1,67,0,2,522856,116076,309140,713556,6423,100271,466,466,35,0,0,5,7,5,2,0,1,0,0,0,0,10,540343,0,14,2,11,2109,235996,5348,0,1,23524,18474,5638,6188,1057,230,1079,63,9,115,115,123,2332,810,2014169,211,9,129,45,347677,347624,131,16,9,11,20,538387,329450,12,16,244,36,34,4,11,0,109,671209,376,0,78,1,0,0,23,0,0,23,1,1,1,2
441.551,1662557815108,5.016872849,1,3.3,30.8,0.0,65.2,0.0,0.0,0.7,115,2,67,0,2,522816,116112,309144,713524,5620,98148,56,56,35,0,0,5,7,5,2,0,1,0,0,0,0,6,516657,0,7,1,11,2477,212849,5339,0,1,23072,18075,5848,6005,1265,298,1287,252,9,100,100,106,2471,934,1874411,197,11,130,44,345596,345545,124,16,11,13,26,514659,328462,14,18,220,24,21,0,13,0,98,641672,343,0,80,1,0,0,28,0,0,28,1,0,0,1
446.568,1662557821881,5.017113119,1,4.0,29.6,0.0,66.0,0.0,0.0,0.3,115,1,67,0,2,522652,116264,309156,713372,8089,100726,240,240,35,0,0,7,13,7,6,7,3,0,0,0,0,10,547553,0,16,1,24,2152,230702,5497,2,1,23486,18322,4709,4600,775,43,804,63,76,124,124,124,1394,484,1979940,239,9,131,6,358523,358470,172,15,9,7,19,545505,341720,12,17,379,42,173,15,10,5,109,662528,438,0,114,1,3,7,11,1,6,17,1,2,1,2
451.583,1662557828678,5.015486161,1,2.3,32.2,0.0,64.2,0.0,0.0,1.3,115,2,67,0,2,522952,115964,309156,713672,6327,98501,294,294,35,0,0,5,7,5,2,0,1,0,0,0,0,10,501688,0,17,1,10,2908,197880,5656,0,1,23593,18531,5614,5774,1057,355,1077,189,9,117,117,123,2318,800,1793885,221,9,130,45,347016,346961,132,15,9,11,20,499641,328774,11,15,256,34,32,0,11,0,109,603959,367,0,76,1,0,0,22,0,0,22,1,0,0,1
456.6,1662557835436,5.016575521,1,5.8,28.2,0.0,65.7,0.0,0.0,0.3,114,1,66,0,2,522352,116568,309152,713064,6051,94720,56,56,35,0,0,5,7,5,2,6,1,0,0,0,0,12,542788,0,18,1,10,2819,238788,5534,0,1,22358,17509,6339,6493,1401,242,1414,63,8,104,104,108,2715,1017,2022462,205,15,129,44,346310,346249,126,14,15,17,30,540863,329191,14,22,232,24,23,0,17,0,96,655393,349,0,83,1,0,0,27,0,0,27,1,0,0,1
461.614,1662557842220,5.013603397,1,16.8,27.9,0.0,54.9,0.0,0.0,0.3,116,2,68,0,1,523204,115720,309148,713924,9445,121081,84,84,35,0,0,5,7,5,2,1,1,0,0,0,0,15,561647,0,19,1,11,3391,241733,5827,0,1,24090,19047,12416,12024,2549,727,2503,441,9,119,119,122,5483,1885,2082596,235,21,130,7,366963,366602,139,15,21,26,43,560839,345708,19,31,255,37,29,5,27,1,107,637490,378,0,74,1,0,0,42,0,0,42,1,1,1,2
466.63,1662557850164,5.016200595,1,3.5,34.1,0.0,62.1,0.0,0.0,0.3,115,1,67,0,2,522684,116244,309144,713400,6106,99249,294,294,35,0,0,5,7,5,2,0,1,0,0,0,0,9,562494,0,9,2,11,2887,251025,5516,0,1,23370,18399,2786,3287,249,144,272,0,9,113,111,117,705,130,2117685,213,2,131,7,353167,353123,132,15,2,3,6,560875,337520,7,8,236,35,22,0,3,0,107,676249,345,0,73,1,0,0,7,0,0,7,1,0,0,1
471.657,1662557857022,5.026666095,1,3.4,38.2,0.0,58.3,0.0,0.0,0.0,116,1,67,0,2,522928,115984,309160,713660,5776,99530,84,84,35,0,0,7,11,7,4,4,2,0,0,0,0,14,497235,0,8,1,16,1442,195715,5604,3,1,23102,18088,5879,6026,1251,299,1269,63,13,100,100,106,2473,930,1802064,197,11,129,44,344964,344908,120,16,11,13,25,495185,327748,14,18,221,24,21,0,14,0,98,609417,342,0,83,1,1,0,27,1,6,33,1,1,1,2
476.673,1662557863836,5.016113243,1,20.1,38.0,0.0,41.6,0.0,0.0,0.3,116,1,67,0,2,523076,115824,309172,713816,5770,99397,56,56,35,0,0,5,7,5,2,0,1,0,0,0,0,4,541493,0,9,2,11,2903,223810,5234,0,1,22985,18044,3142,3490,454,213,480,0,9,103,103,109,880,266,1980773,203,5,130,5,356890,356834,123,16,4,5,13,539446,341922,10,11,219,29,11,0,5,0,99,666091,324,0,76,1,0,0,8,0,0,8,1,0,0,1
481.691,1662557870648,5.017720999,1,3.4,36.3,0.0,60.1,0.0,0.0,0.3,115,1,67,0,2,522920,115972,309180,713672,5946,99762,84,84,35,0,0,5,7,5,2,0,1,0,0,0,0,2,567588,0,9,1,11,2815,251088,5401,0,1,22691,17761,1249,1417,80,9,106,0,9,106,106,112,43,6,2121471,207,0,130,7,354390,354346,125,16,0,1,3,565603,341103,6,6,231,35,19,0,0,0,103,692546,327,0,71,1,0,0,4,0,1,5,1,0,0,1
486.707,1662557877492,5.016067112,1,5.1,35.5,0.0,59.3,0.0,0.0,0.0,115,1,67,0,2,522696,116204,309172,713440,5872,98304,56,56,35,0,0,5,7,5,2,0,1,0,0,0,0,4,528718,0,8,1,11,2923,223579,5450,0,1,22750,17771,3784,3954,874,284,899,63,9,101,101,109,1605,681,1966619,198,7,129,44,345485,345433,124,15,7,8,17,526629,330069,10,13,220,25,20,0,8,0,98,642420,333,0,81,1,0,0,21,0,0,21,1,1,1,2
491.725,1662557884290,5.017694383,1,6.6,37.9,0.0,54.8,0.0,0.0,0.7,116,1,67,0,2,521756,117132,309184,712512,6186,106648,84,84,35,0,0,5,7,5,2,4,1,0,0,0,0,2,553082,0,8,1,10,733,244836,5609,0,1,23269,18108,4891,4692,970,48,805,0,160,101,101,107,1821,656,2077816,197,11,132,16,349903,349840,204,13,11,10,22,550939,332904,12,17,383,25,139,0,13,0,98,680612,536,0,138,1,0,0,8,0,0,8,1,0,0,1
496.741,1662557891557,5.016305130,1,2.2,32.7,0.0,64.1,0.0,0.0,1.0,116,1,67,0,2,523512,115380,309180,714260,8211,101412,56,56,35,0,0,5,9,5,4,8,2,0,0,0,0,20,495973,0,23,2,15,2483,195154,5632,3,1,24242,18835,10926,11443,2275,399,2328,567,12,123,123,125,4816,1725,1783300,243,21,130,9,347011,346941,147,16,21,26,38,493903,325974,16,32,271,41,36,5,26,1,108,585851,387,0,88,1,1,0,40,1,4,44,1,1,1,2
501.757,1662557898325,5.015917928,1,2.7,33.3,0.0,63.9,0.0,0.0,0.0,116,1,67,0,2,522456,116428,309188,713220,6207,98892,84,84,35,0,0,7,9,7,2,0,1,0,0,0,0,3,490072,0,19,1,11,2893,191852,5306,0,1,22916,17894,3800,3964,877,347,910,63,9,109,109,114,1597,690,1781265,211,7,129,44,340854,340800,131,16,7,8,16,488019,325337,10,13,243,23,24,0,8,0,100,602190,332,0,75,1,0,0,19,0,2,21,1,0,0,1
506.775,1662557905101,5.017727156,1,3.4,32.8,0.0,62.5,0.0,0.0,1.2,116,1,67,0,2,521904,116980,309188,712668,11665,102727,9007,9007,35,0,0,5,7,5,2,0,1,0,0,0,0,8,490866,0,19,2,10,2256,192772,5522,0,1,23336,18289,6587,6740,1471,178,1490,63,8,150,151,153,2858,1111,1748453,240,12,130,46,341041,340987,141,14,12,14,27,488874,323066,15,19,273,28,45,11,14,2,136,588995,377,0,78,1,0,0,27,0,1,28,1,0,0,1
511.791,1662557911867,5.015743703,1,2.1,34.6,0.0,63.3,0.0,0.0,0.0,116,1,67,0,2,522896,115996,309180,713656,6451,98797,56,56,35,0,0,5,7,5,2,0,1,0,0,0,0,1,501494,0,8,1,11,2963,193684,5286,0,1,22790,17843,1256,1747,80,10,105,0,9,107,107,115,9,6,1834864,211,0,130,7,346903,346863,127,16,0,0,4,499622,333511,6,6,234,37,20,0,0,0,104,613650,311,0,67,1,0,0,5,0,0,4,1,1,1,2
516.807,1662557918610,5.015722884,1,2.8,29.5,0.0,67.4,0.0,0.0,0.3,116,1,67,0,2,522952,115936,309184,713724,5723,96296,84,84,35,0,0,5,7,5,2,0,1,0,0,0,0,7,502721,0,9,1,10,2887,192803,5294,0,1,22544,17656,5860,6016,1273,298,1290,63,8,101,101,108,2475,938,1824527,197,11,127,44,352019,351961,122,13,11,13,25,500828,335102,14,18,223,24,25,0,13,0,98,602159,324,0,74,1,0,0,27,0,0,27,1,0,0,1
521.823,1662557925390,5.015609456,1,4.1,30.1,0.0,65.5,0.0,0.0,0.3,116,1,67,0,2,522836,116056,309180,713608,5780,98382,161,161,35,0,0,5,10,5,5,0,2,0,0,0,0,10,508886,0,8,1,23,592,204330,5415,0,1,23449,18443,6341,6411,1242,172,1267,63,15,104,104,110,2556,929,1833753,201,11,129,44,348264,348210,128,17,11,13,27,506990,329704,14,18,225,24,23,0,13,0,102,595046,370,0,93,1,2,7,25,1,4,29,1,1,0,2
526.844,1662557932154,5.020545249,1,1.7,29.1,0.0,67.9,0.0,0.0,1.3,116,1,67,0,2,522448,116436,309188,713228,6096,100805,84,84,35,0,0,7,9,7,2,0,1,0,0,0,0,3,563596,0,9,2,10,2874,245483,5399,0,1,22878,17913,1261,1766,82,10,105,0,8,107,107,113,5,5,2087270,209,0,130,7,356407,356365,124,14,0,0,3,561547,343005,6,6,233,35,19,0,0,0,104,728890,307,0,66,1,0,0,4,0,2,6,1,0,0,1
531.86,1662557938949,5.016426220,1,2.3,27.5,0.0,70.2,0.0,0.0,0.0,115,1,66,0,2,522156,116736,309180,712928,5672,98409,84,84,35,0,0,5,7,5,2,0,1,0,0,0,0,9,496318,0,8,1,11,2919,192447,5301,0,1,23049,18060,6068,6144,1300,236,1309,63,9,99,99,105,2466,935,1817224,195,11,129,44,346662,346604,119,16,11,13,25,494176,329214,14,18,223,31,25,0,13,0,96,588042,330,0,76,1,0,0,27,0,0,27,1,0,0,1
536.874,1662557945725,5.013935226,1,3.4,35.4,0.0,60.9,0.0,0.0,0.3,116,1,67,0,2,522496,116384,309192,713280,9692,122496,294,294,35,0,0,5,7,5,2,7,1,0,0,0,0,28,545906,0,21,2,11,3552,232341,6198,0,1,25085,19752,16569,16634,3557,1076,3392,819,146,125,125,129,7684,2641,2048101,237,34,133,46,366826,366766,217,15,34,41,61,545594,340231,24,44,417,33,156,5,35,1,111,623801,589,0,137,1,0,0,58,0,1,59,1,1,1,2
541.89,1662557953648,5.016495450,1,21.2,34.9,0.0,43.6,0.0,0.0,0.3,116,1,67,0,2,523132,115752,309188,713916,5807,99460,56,56,35,0,0,5,7,5,2,0,1,0,0,0,0,1,506310,0,8,1,11,956,193884,4990,0,1,22696,17748,948,1049,58,10,84,0,9,103,103,109,6,5,1845266,203,0,131,6,350112,350070,123,16,0,0,4,504263,337065,6,6,220,24,12,0,0,0,101,619488,305,0,66,1,0,0,4,0,0,4,1,0,0,1
546.905,1662557960439,5.015444192,1,2.9,31.9,0.0,65.2,0.0,0.0,0.0,116,1,67,0,2,522464,116404,309204,713260,5800,99449,84,84,35,0,0,5,10,5,5,0,2,0,0,0,0,3,562751,0,11,1,20,742,249122,5346,0,1,22767,17821,1060,1583,67,11,91,0,15,105,105,111,4,5,2114143,205,0,130,5,351332,351281,130,18,0,0,3,560665,338173,6,6,227,28,14,0,0,0,100,727971,327,0,88,1,2,7,3,1,4,7,1,1,0,2
551.921,1662557967246,5.016096713,1,3.6,33.1,0.0,63.3,0.0,0.0,0.0,116,1,67,0,2,523132,115740,309200,713928,6368,99498,266,266,35,0,0,7,9,7,2,6,1,0,0,0,0,16,513234,0,20,1,11,2837,212817,5566,0,1,23700,18655,7897,8051,1567,377,1589,189,9,114,114,120,3434,1139,1909025,217,17,129,44,345644,345587,130,16,17,20,34,511655,325639,15,24,247,24,26,0,20,0,106,609163,389,0,80,1,0,0,28,0,3,31,1,0,0,1
556.938,1662557974025,5.017195008,1,19.9,33.6,0.0,46.6,0.0,0.0,0.0,116,1,67,0,2,521848,117020,309204,712644,6139,100027,84,84,35,0,0,5,7,5,2,0,1,0,0,0,0,2,503746,0,11,1,11,1054,193741,4961,0,1,22678,17738,954,1522,57,9,86,0,9,105,105,112,5,6,1748524,205,0,130,6,347558,347510,124,16,0,0,4,501704,334530,6,6,224,24,12,0,0,0,101,624990,303,0,66,1,0,0,4,0,0,4,1,0,0,1
561.954,1662557980845,5.016335400,1,1.6,35.0,0.0,63.3,0.0,0.0,0.0,116,1,67,0,2,522044,116824,309204,712844,5724,98304,84,84,35,0,0,5,7,5,2,0,1,0,0,0,0,5,515705,0,9,1,11,1349,209223,5098,0,1,22745,17791,1053,1207,66,10,91,0,9,103,103,110,5,5,1842749,201,0,130,5,345208,345171,122,15,0,0,3,513691,332023,6,6,221,28,13,0,0,0,100,643495,308,0,66,1,0,0,3,0,0,3,1,0,0,1
566.971,1662557987608,5.016791868,1,2.5,36.8,0.0,60.4,0.0,0.0,0.3,116,1,67,0,2,522604,116244,309224,713424,5826,97841,266,266,35,0,0,5,7,5,2,0,1,0,0,0,0,6,535314,0,9,2,11,2914,226404,5429,0,1,23615,18596,7396,7897,1417,241,1444,315,9,110,110,113,3195,1052,1972280,207,13,129,44,353656,353593,129,15,13,16,30,533380,334151,15,20,232,24,25,0,16,0,104,641826,371,0,80,1,0,0,29,0,0,29,1,0,0,1
572.107,1662557994443,5.136340687,1,3.9,40.8,0.0,55.0,0.0,0.0,0.3,116,1,67,0,2,522076,116768,309228,712900,8387,107164,84,84,35,0,0,5,10,5,5,0,2,0,0,0,0,21,549275,0,20,1,19,3881,234245,5689,0,1,24420,18932,11346,11277,2604,720,2322,441,15,115,115,118,5381,2029,2038771,225,20,133,19,361967,361898,134,16,20,24,39,547169,340276,17,29,253,32,40,5,25,1,103,670813,367,0,84,1,2,7,40,1,4,44,1,1,0,2
577.124,1662558001555,5.016656215,1,3.6,30.4,0.0,66.0,0.0,0.0,0.0,116,1,67,0,2,522164,116672,309236,712996,5879,99425,56,56,35,0,0,7,11,7,4,4,2,0,0,0,0,5,557044,0,8,1,18,2851,248217,5250,3,1,22659,17731,1080,1229,67,10,90,0,13,103,103,109,6,6,2083893,201,0,130,5,347489,347442,124,18,0,0,4,555163,334404,6,6,220,28,14,0,0,0,101,722535,315,0,80,1,1,0,5,0,3,8,1,1,1,2
582.14,1662558008369,5.015680757,1,1.8,35.1,0.0,62.8,0.0,0.0,0.4,116,1,67,0,2,522736,116088,309248,713568,6075,99058,294,294,35,0,0,5,7,5,2,4,1,0,0,0,0,15,531617,0,8,1,11,903,230832,5900,0,1,24156,18912,8376,8829,1607,319,1638,126,162,111,111,116,3445,1134,1988452,209,17,132,45,346946,346886,219,16,17,20,33,529828,325966,16,25,406,36,154,0,20,0,108,627789,547,0,148,1,0,0,31,0,0,31,1,0,0,1
587.162,1662558015202,5.021807577,1,4.7,31.4,0.0,63.8,0.0,0.0,0.0,116,1,67,0,2,522896,115940,309236,713724,5672,98226,56,56,35,0,0,5,7,5,2,0,1,0,0,0,0,10,488135,0,8,1,11,1121,191039,5648,0,1,22824,17815,3774,3937,870,158,896,0,9,101,101,108,1599,687,1727434,199,7,129,44,337434,337386,121,15,7,8,17,486048,321981,10,13,222,23,20,0,8,0,99,604889,334,0,71,1,0,0,21,0,0,21,1,0,0,1
592.177,1662558022023,5.014916118,1,4.0,37.6,0.0,58.2,0.0,0.0,0.3,116,1,67,0,2,522812,116012,309248,713648,6235,98643,84,84,35,0,0,5,7,5,2,0,1,0,0,0,0,1,500686,0,9,1,11,2894,193867,5164,0,1,22674,17748,1063,1213,66,10,91,0,9,104,104,112,5,5,1824375,203,0,130,5,347562,347521,123,16,0,0,4,498858,334416,6,6,223,30,14,0,0,0,101,608729,321,0,68,1,0,0,4,0,0,4,1,1,1,2
597.192,1662558028822,5.014804807,1,2.8,32.0,0.0,65.2,0.0,0.0,0.0,116,1,67,0,2,522912,115892,309268,713768,6427,99496,294,294,35,0,0,5,10,5,5,0,2,0,0,0,0,8,498724,0,12,2,18,2747,195215,5503,0,1,23816,18767,7719,8186,1439,117,1463,63,14,116,116,122,3198,1047,1824065,219,13,129,45,349862,349805,135,16,13,16,29,496814,329851,15,20,253,35,34,0,16,0,111,575293,377,0,86,1,2,7,31,1,4,35,1,1,0,2
602.207,1662558035624,5.014909634,1,1.6,33.4,0.0,63.7,0.0,0.0,1.3,116,1,67,0,2,522628,116172,309272,713488,5744,95481,56,56,35,0,0,5,7,5,2,0,1,0,0,0,0,6,552257,0,14,1,11,2256,236380,5238,0,1,22494,17618,5864,6285,1258,171,1285,63,9,102,102,108,2466,936,2063177,201,11,127,44,356684,356632,126,16,11,11,26,550254,339886,14,18,228,24,21,0,13,0,96,694719,347,0,77,1,0,0,28,0,0,28,1,0,0,1
607.224,1662558042410,5.016910172,1,2.5,30.3,0.0,66.6,0.0,0.0,0.6,115,1,66,0,2,522060,116740,309272,712924,5800,99449,84,84,35,0,0,7,9,7,2,0,1,0,0,0,0,4,551191,0,11,1,10,2841,236544,5086,0,1,22710,17772,1060,1523,66,10,92,0,8,104,104,110,6,5,2025907,203,0,131,5,352529,352487,121,13,0,0,3,549247,339402,6,6,224,28,13,0,0,0,99,710580,304,0,71,1,0,0,4,0,3,7,1,0,0,1
612.237,1662558049146,5.013298845,1,2.3,33.6,0.0,63.1,0.0,0.0,1.0,116,1,67,0,2,522560,116240,309272,713420,9765,123016,322,322,35,0,0,5,7,5,2,1,1,0,0,0,0,16,496389,0,19,1,11,1078,197821,5802,0,1,24859,19739,14159,13794,2732,860,2699,504,9,131,131,131,6206,2005,1832125,249,23,131,9,349139,349107,150,16,23,29,45,495617,325507,19,32,278,42,45,5,29,1,117,570609,367,0,80,1,0,0,49,0,0,49,1,0,0,1
617.255,1662558056968,5.017688416,1,6.0,34.4,0.0,59.6,0.0,0.0,0.0,116,1,67,0,2,522276,116516,309280,713144,6028,98487,84,84,35,0,0,5,7,5,2,0,1,0,0,0,0,6,525284,0,9,1,10,579,218669,5523,0,1,23055,18059,5877,6373,1253,361,1283,189,8,101,101,109,2468,929,1951685,197,11,129,44,348282,348219,118,14,11,13,25,523334,331121,14,18,221,26,21,0,13,0,98,637677,345,0,77,1,0,0,27,0,0,27,1,1,1,2
622.274,1662558063764,5.019233946,1,20.4,33.0,0.0,46.3,0.0,0.0,0.3,116,1,67,0,2,521824,116956,309292,712704,5620,97261,56,56,35,0,0,5,10,5,5,0,2,0,0,0,0,2,512945,0,8,1,18,2928,195887,5265,0,1,22708,17768,1049,1204,66,10,91,0,15,101,101,107,4,5,1803076,199,0,131,5,355007,354966,123,17,0,0,4,510922,341801,6,6,215,28,10,0,0,0,99,647962,318,0,78,1,2,7,3,1,4,7,1,1,0,2
627.291,1662558070590,5.017141902,1,2.2,25.0,0.0,72.8,0.0,0.0,0.0,116,1,67,0,2,521604,117164,309304,712496,6142,99221,189,189,35,0,0,5,7,5,2,0,1,0,0,0,0,11,508438,0,10,2,11,3040,203252,5482,0,1,23377,18242,3643,3863,535,157,572,0,103,111,111,118,1222,293,1833186,213,4,131,7,347766,347713,184,15,4,7,12,506390,332013,12,14,343,37,98,0,6,0,108,625506,461,0,113,1,0,0,13,0,1,14,1,0,0,1
632.307,1662558077396,5.016453537,1,1.0,32.4,0.0,66.3,0.0,0.0,0.3,116,1,67,0,2,522848,115916,309308,713740,5620,99347,56,56,35,0,0,5,7,5,2,0,1,0,0,0,0,6,503512,0,8,1,10,566,192421,5316,0,1,23126,18120,5862,6360,1259,108,1287,126,9,101,101,106,2467,934,1802333,199,11,129,44,352719,352663,125,15,11,13,26,501451,335552,14,18,223,24,21,0,13,0,98,600917,351,0,83,1,0,0,26,0,0,26,1,0,0,1
637.323,1662558084180,5.015861263,1,16.1,32.8,0.0,50.2,0.0,0.0,1.0,116,1,67,0,2,522280,116484,309308,713172,5856,99555,84,84,35,0,0,7,9,7,2,0,1,0,0,0,0,2,556476,0,9,1,12,529,235453,5155,0,1,22610,17680,877,1341,52,10,78,0,9,105,105,111,3,5,2029376,205,0,130,5,358545,358502,124,15,0,0,4,554539,345651,6,6,222,21,11,0,0,0,102,720264,318,0,68,1,0,0,2,0,2,4,1,0,0,1
642.34,1662558090978,5.017322875,1,3.0,30.8,0.0,66.2,0.0,0.0,0.0,116,1,67,0,2,522004,116760,309308,712896,6406,101066,84,84,35,0,0,5,7,5,2,0,1,0,0,0,0,7,525596,0,9,1,10,2889,207744,5422,0,1,23167,18180,2202,3092,204,14,339,0,9,106,106,115,256,64,1873692,209,1,131,7,356748,356692,126,16,1,3,8,523012,342175,8,9,233,38,20,0,1,0,105,655633,329,0,66,1,0,0,9,0,0,9,1,1,1,2
647.356,1662558097820,5.016204089,1,1.7,32.3,0.0,66.0,0.0,0.0,0.0,116,1,67,0,2,523904,114860,309308,714800,7909,99012,56,56,35,0,0,5,15,5,10,1,2,0,0,0,0,15,496314,0,25,1,34,3806,190362,5632,0,1,24018,18665,15088,15259,3336,432,3361,504,25,117,117,119,7031,2565,1804851,231,28,127,46,355561,355476,143,18,28,35,56,494086,331399,24,40,261,30,38,5,35,1,101,577784,384,0,109,1,1,7,63,0,0,63,1,1,0,2
652.372,1662558104608,5.016142427,1,7.2,29.3,0.0,62.5,0.0,0.0,1.0,116,1,67,0,2,522240,116520,309312,713144,5740,91513,84,84,35,0,0,5,7,5,2,20,1,0,0,0,0,14,513561,0,19,1,11,2922,212344,5342,0,1,22911,17913,3543,3456,951,232,681,0,9,101,101,108,1545,677,1850104,197,15,130,16,341830,341771,120,16,15,14,21,511467,326159,7,19,226,23,20,0,15,0,94,633206,317,0,84,1,0,0,5,1,4,9,1,0,0,1
657.387,1662558111380,5.015198842,1,3.6,33.2,0.0,62.8,0.0,0.0,0.4,116,2,67,0,2,522556,116212,309304,713452,6120,99914,56,56,35,0,0,5,7,5,2,4,1,0,0,0,0,4,524198,0,11,2,9,2608,208133,5136,0,1,23037,18043,1740,2284,224,19,250,0,9,108,108,115,256,105,1864746,213,4,130,7,354654,354610,128,16,4,4,8,522252,340645,6,10,238,35,19,0,4,0,105,647093,328,0,73,1,0,0,4,0,0,4,1,0,0,1
662.403,1662558118208,5.016296383,1,2.6,32.3,0.0,65.0,0.0,0.0,0.0,116,1,67,0,2,523132,115624,309316,714036,5758,98304,84,84,35,0,0,7,9,7,2,0,1,0,0,0,0,12,533211,0,9,1,10,564,219502,5490,0,1,23128,18122,5881,6367,1251,172,1278,252,9,103,103,108,2470,938,1940051,199,11,129,44,356924,356861,124,16,11,13,26,531250,339718,14,18,227,23,24,0,13,0,99,654135,328,0,79,1,0,0,28,0,2,30,1,0,0,1
667.419,1662558124985,5.015911225,1,8.6,39.3,0.0,51.8,0.0,0.0,0.3,116,1,67,0,2,523172,115576,309324,714088,6287,98643,84,84,35,0,0,5,7,5,2,0,1,0,0,0,0,3,531180,0,9,2,12,545,227346,5523,0,1,22863,17861,3786,3904,876,221,905,126,9,104,104,113,1599,693,1965242,203,7,129,44,343946,343895,127,16,7,8,16,529088,328518,9,12,227,25,21,0,8,0,102,667129,328,0,75,1,0,0,20,0,0,20,1,1,1,2
672.436,1662558131829,5.017044438,1,5.1,33.7,0.0,61.2,0.0,0.0,0.0,116,1,67,0,2,522036,116708,309328,712952,6044,99762,56,56,35,0,0,5,7,5,2,0,1,0,0,0,0,1,492691,0,8,1,10,2933,192400,5125,0,1,22905,17922,1278,1721,83,10,110,0,38,106,106,113,8,6,1815477,209,0,135,7,338636,338594,144,14,0,0,4,490745,325189,7,7,258,35,33,0,0,0,104,598573,355,0,83,1,0,0,4,0,0,4,1,0,0,1
677.451,1662558138612,5.014777832,1,3.4,38.7,0.0,57.6,0.0,0.0,0.3,116,1,67,0,2,521872,116856,309344,712808,5567,94210,84,84,35,0,0,5,9,5,4,8,2,0,0,0,0,11,502304,0,8,1,16,892,198652,5373,0,1,22177,17370,6366,6523,1414,243,1429,63,13,99,99,104,2713,1024,1848538,193,15,124,44,344845,344784,120,18,15,17,29,500087,327649,14,22,228,24,31,0,17,0,96,598619,328,0,94,1,2,6,27,1,4,31,1,1,0,2
682.467,1662558145367,5.015899113,1,4.2,31.3,0.0,64.5,0.0,0.0,0.0,115,1,66,0,2,521868,116856,309348,712804,5756,98434,161,161,35,0,0,7,11,7,4,5,2,0,0,0,0,4,510023,0,8,1,16,577,201506,5404,3,1,22993,17979,3927,4394,868,284,895,63,12,105,105,110,1686,683,1804775,203,7,130,44,348880,348827,127,15,7,8,18,507985,333060,10,13,226,23,23,0,8,0,102,620559,341,0,82,1,1,0,23,0,3,26,1,1,1,2
687.481,1662558152148,5.014046500,1,3.1,31.8,0.0,64.5,0.0,0.0,0.6,115,1,67,0,2,522336,116368,309368,713292,16962,245978,168,168,35,0,0,0,0,0,0,1,0,0,0,0,0,17,514953,0,19,0,5,1041,198500,5533,0,0,24156,19267,14075,13487,2889,872,2880,504,5,118,118,121,6216,2152,1840000,233,26,131,35,365240,365189,134,12,25,33,50,514829,342869,22,36,256,37,32,5,32,1,105,600169,371,0,70,1,0,0,57,0,0,57,1,1,1,2
692.496,1662558166322,5.014886265,1,2.3,30.4,0.0,66.7,0.0,0.0,0.7,115,1,67,0,2,521540,117168,309364,712488,6030,99038,294,294,35,0,0,5,7,5,2,0,1,0,0,0,0,10,502103,0,14,1,10,1276,196723,5515,0,1,23473,18418,5325,5834,1042,354,1070,189,9,112,112,118,2330,798,1836655,211,9,129,44,348959,348902,131,16,9,11,20,500185,331074,11,15,240,23,26,0,11,0,105,584137,359,0,79,1,0,0,25,0,0,25,1,0,0,1
697.512,1662558173094,5.015749855,1,11.2,27.2,0.0,61.0,0.0,0.0,0.6,116,2,68,0,1,522052,116652,309368,713008,6278,99286,84,84,35,0,0,5,10,5,5,6,2,0,0,0,0,2,503500,0,12,1,18,2918,195813,5261,0,1,23036,18043,1739,1896,221,81,246,0,15,108,108,115,250,101,1851843,213,4,131,7,346816,346775,134,17,4,4,7,501581,332947,6,10,238,35,19,0,4,0,105,618739,334,0,88,1,2,7,5,1,4,9,1,1,0,2
702.534,1662558180269,5.021983269,1,2.5,29.8,0.0,67.7,0.0,0.0,0.0,116,1,67,0,2,522108,116588,309376,713068,5879,99425,84,84,35,0,0,7,11,7,4,2,2,0,0,0,0,4,554755,0,9,2,19,2895,236470,5309,3,1,23051,18094,3177,3310,463,88,484,0,13,105,105,110,883,267,2034922,203,4,131,5,358262,358215,123,16,4,5,13,552811,343392,10,11,224,29,15,0,6,0,101,707000,340,0,82,1,1,0,11,0,2,13,1,1,1,2
707.549,1662558187054,5.015459501,1,5.1,39.0,0.0,55.9,0.0,0.0,0.0,115,1,67,0,2,522760,115928,309384,713728,5936,99095,294,294,35,0,0,5,7,5,2,0,1,0,0,0,0,10,516401,0,8,1,10,578,209181,5619,0,1,23519,18518,7378,7545,1425,305,1449,252,8,108,108,113,3193,1047,1896017,205,13,129,44,352563,352496,126,14,13,17,29,514325,333101,15,20,229,24,25,0,16,0,104,606643,364,0,77,1,0,0,27,0,0,27,1,0,0,1
712.564,1662558193859,5.015002481,1,19.7,32.1,0.0,47.9,0.0,0.0,0.3,115,1,67,0,2,522796,115872,309404,713776,5853,99510,56,56,35,0,0,5,7,5,2,0,1,0,0,0,0,2,498038,0,9,2,11,519,192761,5068,0,1,22713,17773,956,1421,59,9,84,0,9,104,104,110,3,5,1822297,205,0,130,6,343174,343130,128,16,0,0,4,496006,330109,6,6,223,24,12,0,0,0,100,608800,306,0,68,1,0,0,2,0,0,2,1,1,1,2
717.58,1662558200641,5.015719346,1,3.9,31.7,0.0,64.1,0.0,0.0,0.3,115,1,67,0,2,522296,116300,309476,713324,5724,99347,84,84,35,0,0,5,7,5,2,6,1,0,0,0,0,8,556748,0,9,1,11,2923,242304,5467,0,1,23084,18124,3638,3783,592,32,617,0,9,103,103,108,1120,348,2063161,201,9,130,5,355246,355194,122,16,8,9,16,554824,339842,10,15,229,29,20,0,9,0,100,704466,328,0,82,1,0,0,10,0,0,10,1,0,0,1
722.595,1662558207469,5.014671481,1,34.5,36.6,0.0,28.6,0.0,0.0,0.3,115,2,66,0,2,521448,117192,309432,712448,12853,102455,5277,5277,35,0,0,5,9,5,4,1,2,0,0,0,0,25,508895,0,25,1,16,3849,212860,6011,0,1,24978,19512,16984,17072,3636,1330,3551,1197,13,143,143,142,7985,2789,1867337,252,30,129,48,348163,348081,150,17,30,38,59,506806,320899,25,42,281,32,51,9,38,1,125,573714,416,0,90,1,2,6,64,1,4,68,1,1,0,2
727.621,1662558214346,5.025765778,1,6.7,27.4,0.0,65.7,0.0,0.0,0.3,115,1,67,0,2,521832,116824,309416,712832,6119,105718,84,84,35,0,0,5,8,5,3,1,2,0,0,0,0,6,491029,0,9,1,13,2904,190205,5200,2,1,22727,17766,2203,2472,449,145,265,0,11,104,104,110,729,345,1799133,201,3,130,17,340596,340544,128,17,3,3,9,488999,326335,7,7,226,26,22,0,3,0,101,609665,324,0,81,1,1,0,5,0,1,6,1,1,1,2
732.637,1662558221568,5.016206750,1,2.1,36.0,0.0,61.6,0.0,0.0,0.3,115,1,67,0,2,521524,117132,309416,712516,5724,99347,56,56,35,0,0,7,9,7,2,0,1,0,0,0,0,4,495999,0,8,2,10,530,188942,5108,0,1,23037,18083,3139,3560,455,86,472,0,9,102,102,109,873,253,1808568,201,4,131,5,346738,346697,122,16,4,5,13,494223,331789,10,11,221,29,14,0,5,0,100,600785,316,0,74,1,0,0,8,0,2,10,1,0,0,1
737.653,1662558228360,5.015728955,1,2.3,32.8,0.0,64.0,0.0,0.0,1.0,115,1,67,0,2,521816,116832,309424,712828,5970,98834,294,294,35,0,0,5,7,5,2,0,1,0,0,0,0,11,494502,0,9,1,11,2915,192807,5476,0,1,23239,18241,5300,5458,1038,354,1073,189,9,109,109,115,2325,805,1796711,205,9,129,44,346729,346672,124,16,9,11,20,492397,328933,11,15,232,23,27,0,11,0,105,587005,349,0,80,1,0,0,22,0,0,22,1,0,0,1
742.668,1662558235165,5.015050736,1,1.9,32.5,0.0,65.0,0.0,0.0,0.6,115,1,67,0,2,522036,116612,309424,713048,6153,99859,84,84,35,0,0,5,7,5,2,8,1,0,0,0,0,3,502168,0,15,2,11,564,193559,5385,0,1,23069,18024,4278,4753,1008,166,1047,126,9,108,108,115,1837,772,1761203,213,11,130,44,349169,349107,132,16,11,12,20,500124,333208,10,17,242,23,23,0,12,0,102,594498,349,0,82,1,0,0,20,0,0,20,1,0,0,1
747.683,1662558241899,5.015294320,1,2.4,36.4,0.0,60.9,0.0,0.0,0.3,115,1,67,0,2,522708,115936,309428,713724,5876,99551,56,56,35,0,0,5,10,5,5,4,2,0,0,0,0,1,506675,0,12,1,19,644,193854,5386,0,1,23198,18212,3629,4058,591,221,615,126,15,105,105,111,1125,344,1853066,205,8,131,5,353131,353072,126,18,8,9,17,504692,337666,10,15,227,29,14,0,9,0,100,620281,336,0,85,1,2,7,9,1,4,13,1,1,0,2
752.697,1662558248689,5.013749376,1,4.6,33.7,0.0,61.0,0.0,0.0,0.6,115,2,66,0,2,522304,116332,309436,713328,5867,95929,294,294,35,0,0,5,7,5,2,0,1,0,0,0,0,7,497406,0,9,1,11,2822,192845,5265,0,1,22590,17755,5585,5749,1065,228,1075,63,9,108,108,114,2328,792,1815568,203,9,124,45,347096,347043,123,15,9,11,20,495396,329414,11,15,233,34,31,0,11,0,104,595776,355,0,77,1,0,0,21,0,0,21,1,0,0,1
757.714,1662558255537,5.017047187,1,1.8,26.7,0.0,70.5,0.0,0.0,1.1,114,1,66,0,2,522776,115856,309440,713804,5821,98382,56,56,35,0,0,7,9,7,2,0,1,0,0,0,0,2,505707,0,8,1,10,2970,202671,5254,0,1,22886,17875,3783,4249,868,347,896,63,8,103,103,110,1607,680,1869059,203,7,130,44,343567,343515,125,13,7,8,17,503797,328117,10,13,227,23,21,0,8,0,101,605122,344,0,71,1,0,0,21,0,2,23,1,0,0,1
762.727,1662558262237,5.013059421,1,4.7,32.4,0.0,62.3,0.0,0.0,0.6,115,2,67,0,2,521732,116892,309448,712764,15404,219785,378,378,35,0,0,0,0,0,0,1,0,0,0,0,0,14,546310,0,20,0,5,1048,226918,5880,0,0,24073,19222,11594,11387,2490,842,2238,315,5,126,126,129,4990,1869,2002255,239,19,130,46,366976,366942,141,11,19,30,37,545482,344763,17,25,269,31,45,5,18,1,112,636762,381,0,69,1,0,0,41,0,0,41,1,1,1,2
767.744,1662558275085,5.016766895,1,1.6,34.0,0.0,64.5,0.0,0.0,0.0,115,1,67,0,2,521832,116776,309464,712884,6003,98728,84,84,35,0,0,5,15,5,10,0,2,0,0,0,0,3,505881,0,10,1,39,1375,193591,5158,0,1,22838,17838,3786,3949,869,95,890,126,25,104,104,110,1595,684,1774787,202,7,130,44,352396,352340,125,18,7,8,16,503893,337048,10,13,227,23,20,0,8,0,99,592740,357,0,103,1,1,7,18,0,1,19,1,1,0,2
772.76,1662558281863,5.015527950,1,2.5,27.5,0.0,66.2,0.0,0.0,3.8,115,1,67,0,2,522068,116544,309460,713116,5724,99347,56,56,35,0,0,5,7,5,2,0,1,0,0,0,0,4,503541,0,8,1,10,2416,196210,5043,0,1,23043,18088,3137,3626,458,87,483,0,9,102,102,108,878,260,1850679,201,4,130,5,348203,348159,122,16,4,5,13,501645,333269,10,11,221,29,14,0,5,0,100,612632,326,0,70,1,0,0,10,1,4,14,1,0,0,1
777.775,1662558288627,5.015496435,1,2.3,31.2,0.0,66.4,0.0,0.0,0.0,115,1,67,0,2,522368,116224,309480,713432,6023,100179,294,294,35,0,0,7,10,7,3,1,2,0,0,0,0,11,504739,0,9,2,13,735,197536,5597,3,1,23608,18546,5638,6101,1065,291,1084,63,11,113,113,118,2322,800,1797064,213,9,129,45,350126,350066,129,18,9,11,20,502665,331888,11,15,243,34,33,0,11,0,108,586814,381,0,79,1,1,0,28,0,2,30,1,1,1,2
782.79,1662558295427,5.015350488,1,5.6,33.1,0.0,60.6,0.0,0.0,0.7,115,2,67,0,2,522352,116236,309484,713420,5666,98226,56,56,35,0,0,5,7,5,2,0,1,0,0,0,0,5,508151,0,8,1,10,1170,203506,5354,0,1,22890,17878,3771,3931,859,32,900,63,9,101,101,107,1597,690,1830753,199,7,130,44,344986,344934,125,16,7,8,17,506170,329551,10,13,222,23,20,0,8,0,99,602750,345,0,77,1,0,0,21,0,1,22,1,0,0,1
787.806,1662558302193,5.016490095,1,5.7,30.2,0.0,63.8,0.0,0.0,0.3,115,1,67,0,2,521524,117064,309484,712584,6256,99653,84,84,35,0,0,5,7,5,2,6,1,0,0,0,0,3,532254,0,15,2,10,2848,218311,5399,0,1,23174,18193,3635,3781,595,96,622,0,9,106,106,114,1112,348,1936646,207,8,130,5,355377,355321,125,16,8,9,17,530284,339872,10,15,232,31,15,0,9,0,100,674207,337,0,76,1,0,0,9,0,0,9,1,1,1,2
792.826,1662558309012,5.019607855,1,1.3,37.3,0.0,61.4,0.0,0.0,0.0,115,1,67,0,2,521832,116744,309496,712908,6071,94386,294,294,35,0,0,5,7,5,2,0,1,0,0,0,0,13,551365,0,13,1,10,2667,241652,5490,0,1,22280,17514,5597,6075,1063,353,1080,126,9,110,110,115,2339,793,2064546,207,9,123,45,350790,350738,125,16,9,11,20,549354,333336,11,15,237,34,31,0,11,0,104,641954,343,0,81,1,0,0,24,0,0,24,1,0,0,1
797.842,1662558315806,5.016078119,1,1.6,34.1,0.0,64.3,0.0,0.0,0.0,115,1,67,0,2,522920,115656,309496,714000,7934,98833,56,56,35,0,0,5,10,5,5,1,2,0,0,0,0,17,507277,0,20,1,18,3833,206147,5550,0,1,24101,18670,12942,13495,2939,799,2972,693,15,118,118,120,6156,2300,1831649,233,24,129,46,350305,350235,144,17,24,30,47,505410,327743,20,35,260,29,38,5,30,1,105,594110,370,0,84,1,2,7,56,1,4,60,1,1,0,2
802.858,1662558322621,5.016483027,1,2.9,32.5,0.0,64.3,0.0,0.0,0.3,116,1,67,0,2,521652,116912,309508,712744,5672,98304,84,84,35,0,0,5,7,5,2,0,1,0,0,0,0,6,521084,0,9,1,10,3072,208606,5519,0,1,23233,18127,3325,3461,476,93,487,0,164,103,103,109,877,259,1866324,201,4,133,5,352469,352414,215,16,4,5,12,519015,336989,11,12,374,30,122,0,6,0,99,627997,529,0,142,1,0,0,9,0,0,9,1,0,0,1
807.874,1662558329470,5.016038269,1,3.0,25.9,0.0,71.1,0.0,0.0,0.0,116,2,66,0,2,521888,116668,309516,712988,6394,100761,266,266,35,0,0,7,16,7,9,0,2,0,0,0,0,2,500052,0,8,2,26,563,193771,5397,0,1,23683,18629,4704,4888,625,157,642,0,23,112,112,117,1604,372,1773888,213,6,131,5,348222,348173,130,18,6,8,17,497481,330907,11,13,234,29,21,0,8,0,109,618729,352,0,90,3,1,6,12,1,6,18,1,2,1,3
812.89,1662558336810,5.015961763,1,3.2,30.8,0.0,66.0,0.0,0.0,0.0,116,1,67,0,2,522928,115620,309524,714032,6027,98304,84,84,35,0,0,5,8,5,3,0,2,0,0,0,0,9,515864,0,9,1,12,2851,205005,5359,2,1,22847,17843,3786,4273,862,283,892,126,10,103,103,110,1596,692,1867101,201,7,130,44,351408,351356,124,14,7,8,16,513885,335976,10,13,225,25,21,0,8,0,99,604792,340,0,82,3,1,0,21,1,4,25,1,2,2,3
817.906,1662558343614,5.016365456,1,20.1,34.3,0.0,45.0,0.0,0.0,0.6,116,1,67,0,2,522408,116132,309532,713524,5724,99347,56,56,35,0,0,7,10,7,3,1,2,0,0,0,0,2,506030,0,8,2,11,2896,191396,5226,2,1,23016,18061,3148,3663,457,87,491,0,11,102,102,107,875,269,1784323,201,4,130,5,354570,354522,128,18,4,5,13,504359,339555,10,11,217,29,11,0,5,0,100,615675,317,0,73,3,5,4,11,1,6,17,1,3,2,3
822.922,1662558350417,5.015985036,1,1.0,35.7,0.0,63.3,0.0,0.0,0.0,116,1,67,0,2,522408,116128,309536,713528,6411,100370,294,294,35,0,0,5,11,5,6,0,2,0,0,0,0,4,561904,0,10,1,19,545,248139,5626,2,1,23694,18695,4843,4999,645,32,670,0,17,112,112,119,1518,390,2087490,215,6,130,7,355855,355792,131,18,6,8,15,559773,338491,11,13,239,36,23,0,8,0,108,665235,352,0,84,3,3,6,11,1,4,15,1,3,2,3
827.938,1662558357215,5.016296636,1,5.2,32.0,0.0,62.8,0.0,0.0,0.0,116,1,67,0,2,522316,116220,309536,713428,5924,98510,84,84,35,0,0,5,9,5,4,0,2,0,0,0,0,5,501952,0,9,2,15,551,204911,5340,2,1,22804,17807,3803,4316,873,221,894,63,13,104,104,108,1598,693,1840933,205,7,129,44,337847,337794,126,18,7,8,16,500006,322410,10,13,229,23,22,0,8,0,99,610037,341,0,83,3,3,4,20,1,4,24,1,3,2,3
832.953,1662558364005,5.015259232,1,18.7,28.5,0.0,51.5,0.0,0.0,1.3,115,1,66,0,2,522360,116172,309540,713480,5828,99608,56,56,35,0,0,7,10,7,3,2,2,0,0,0,0,5,545009,0,7,1,15,556,233638,5275,2,1,23057,18092,3120,3274,458,150,491,0,11,100,100,106,883,267,2020500,197,4,131,4,351188,351133,126,18,4,5,13,543510,336630,10,11,211,18,9,0,5,0,97,655467,313,0,82,3,5,4,8,1,6,14,1,3,2,3
837.966,1662558370869,5.013079907,1,3.5,29.7,0.0,66.1,0.0,0.0,0.6,116,1,67,0,2,522440,116076,309556,713576,15017,215421,168,168,35,0,0,0,1,0,1,1,1,0,0,0,1,12,519642,0,20,0,8,2284,201222,5562,0,0,23699,18839,10369,10211,2385,779,2228,504,7,119,119,121,4715,1894,1875508,231,17,130,46,364806,364768,139,13,17,28,38,519280,344524,18,27,258,29,37,5,21,1,105,588746,364,0,73,3,4,4,44,0,0,43,1,2,1,3
842.982,1662558383465,5.015758861,1,22.2,34.3,0.0,42.9,0.0,0.0,0.6,117,3,68,0,1,516576,115996,315500,707724,6011,99425,56,56,35,0,0,7,11,7,3,1,2,0,0,0,0,5,543014,0,8,2,11,555,223485,5400,2,1,23099,18133,3240,3348,1941,1286,484,63,10,104,104,110,925,1747,1970980,205,5,130,6,359347,359297,121,14,4,6,12,541070,344309,10,11,220,29,12,0,6,0,101,651896,319,0,76,3,3,2,15,1,6,21,1,3,2,3
847.998,1662558390358,5.015598255,1,1.6,31.7,0.0,65.7,0.0,0.0,1.0,116,1,67,0,2,515536,117004,315532,706700,6232,99507,294,294,35,0,0,5,10,5,5,6,2,0,0,0,0,6,525139,0,10,1,18,2080,212847,5532,2,1,23752,18746,5393,5539,777,104,801,0,15,116,116,122,1850,467,1877777,219,10,130,7,354804,354744,133,18,10,12,21,523307,336730,11,17,254,36,32,0,12,0,112,635293,350,0,85,3,3,6,12,1,4,16,1,3,2,3
853.013,1662558397144,5.014949419,1,4.3,27.9,0.0,67.9,0.0,0.0,0.0,116,1,67,0,2,515528,117012,315532,706692,5776,98565,84,84,35,0,0,5,8,5,3,0,2,0,0,0,0,5,513555,0,9,2,13,559,211927,5141,1,1,22858,17856,3786,4339,866,159,894,63,10,103,103,109,1599,682,1895648,201,7,130,44,342441,342390,126,16,7,9,16,511560,326993,10,13,224,23,20,0,8,0,99,616956,344,0,82,3,5,4,20,1,4,24,1,3,2,2
858.033,1662558403932,5.019767143,1,20.9,32.6,0.0,45.9,0.0,0.0,0.6,116,1,67,0,2,515712,116836,315524,706880,5724,99347,56,56,35,0,0,5,7,5,2,0,1,0,0,0,0,7,525092,0,8,1,10,2847,210944,5311,0,1,23059,18105,3133,3279,460,150,482,63,9,102,102,108,881,257,1865762,201,4,131,5,353302,353253,126,15,4,5,13,523209,338409,10,11,218,29,11,0,5,0,100,638284,342,0,73,1,0,0,10,0,0,10,1,0,0,1
863.05,1662558410696,5.017079357,1,4.7,32.6,0.0,62.0,0.0,0.0,0.6,116,1,67,0,2,516344,116200,315528,707524,6406,100214,189,189,35,0,0,5,7,5,2,0,1,0,0,0,0,10,517759,0,9,1,11,2947,202895,5548,0,1,23173,18196,3370,3832,472,87,498,0,9,108,108,115,910,265,1875124,211,4,130,7,354162,354099,127,16,4,5,12,516013,338938,10,11,236,38,22,0,5,0,104,610415,342,0,67,1,0,0,13,0,0,13,1,0,0,1
868.076,1662558417531,5.025877455,1,1.6,34.0,0.0,63.5,0.0,0.0,1.0,116,1,67,0,2,516256,116296,315520,707428,5827,98382,56,56,35,0,0,5,7,5,2,0,1,0,0,0,0,6,506952,0,8,1,12,551,196779,5403,0,1,22893,17872,3782,4312,864,95,889,126,9,103,103,109,1592,679,1820674,201,7,129,44,350394,350342,122,15,7,8,16,504912,334928,10,13,224,23,21,0,8,0,101,599744,333,0,80,1,0,0,18,0,1,19,1,0,0,1
873.14,1662558424321,5.064445441,1,5.6,33.6,0.0,59.8,0.0,0.0,1.0,116,2,67,0,2,516676,115856,315540,707868,8395,109436,256,256,35,0,0,5,7,5,2,0,1,0,0,0,0,19,525581,0,26,2,10,3864,214793,5825,0,1,24561,19108,13386,13302,2905,420,2735,378,9,125,125,127,6165,2215,1932912,237,24,132,18,360043,359965,144,16,24,29,49,523572,336804,22,35,267,30,39,9,30,1,107,628303,381,0,79,1,0,0,43,0,0,43,1,0,0,1
878.156,1662558431571,5.016059047,1,2.7,34.7,0.0,61.4,0.0,0.0,1.2,116,1,67,0,2,516848,115680,315544,708044,5998,99762,56,56,35,0,0,5,9,5,4,2,2,0,0,0,0,4,508126,0,8,1,15,2925,194878,5370,2,1,23234,18244,3359,3497,474,88,496,0,13,107,107,113,887,264,1793796,211,4,134,7,353334,353283,129,18,4,5,12,506060,337994,10,11,235,36,20,0,5,0,104,595821,329,0,79,1,1,0,11,1,4,15,1,2,2,2
883.172,1662558438331,5.015599714,1,4.6,32.7,0.0,62.7,0.0,0.0,0.0,116,2,66,0,2,515432,117088,315552,706632,9375,104713,292,292,35,0,0,7,9,7,2,4,1,0,0,0,0,14,500161,0,26,1,11,2709,196305,5676,0,1,23265,18183,5276,5792,1189,234,1216,126,9,135,135,130,2112,890,1786718,257,12,130,45,347298,347242,149,15,12,13,23,498202,330272,12,19,294,36,84,17,13,5,111,566925,370,0,84,1,0,0,20,0,3,23,1,0,0,1
888.188,1662558445081,5.016254534,1,4.9,37.6,0.0,57.5,0.0,0.0,0.0,116,1,67,0,2,516172,116344,315556,707376,6104,98511,84,84,35,0,0,5,7,5,2,0,1,0,0,0,0,6,538059,0,9,1,10,1831,229951,5398,0,1,23079,18081,5868,5992,1261,172,1273,126,9,101,101,110,2464,934,2000385,197,11,129,44,350716,350659,124,16,11,13,25,536011,333546,14,18,222,26,21,0,13,0,98,641001,351,0,74,1,0,0,27,0,0,27,1,0,0,1
893.204,1662558451889,5.016071859,1,2.5,33.8,0.0,63.4,0.0,0.0,0.3,116,1,67,0,2,516748,115772,315552,707944,6181,100048,56,56,35,0,0,5,7,5,2,6,1,0,0,0,0,9,557604,0,8,1,10,712,247043,5628,0,1,23553,18396,4018,4164,612,38,636,63,124,110,109,114,1137,336,2086013,215,8,133,7,351582,351539,193,16,8,9,17,555617,335430,10,15,377,37,131,0,9,0,106,689370,471,0,123,1,0,0,14,0,0,14,1,0,0,1
898.219,1662558458715,5.014887001,1,1.6,33.6,0.0,64.8,0.0,0.0,0.0,116,1,67,0,2,516596,115912,315564,707812,5815,98276,84,84,35,0,0,5,7,5,2,0,1,0,0,0,0,6,498922,0,10,1,11,549,198075,5343,0,1,22805,17808,3777,4257,867,158,902,0,9,102,102,108,1591,692,1824671,199,7,129,44,341035,340982,121,16,7,8,17,496865,325623,10,13,227,23,24,0,8,0,98,607566,344,0,78,1,0,0,21,0,0,21,1,0,0,1
903.235,1662558465551,5.016135765,1,2.5,26.6,0.0,70.9,0.0,0.0,0.0,116,1,67,0,2,516508,115992,315572,707732,5676,98226,161,161,35,0,0,5,10,5,5,0,2,0,0,0,0,4,502895,0,8,2,21,2912,199372,5548,0,1,23139,18145,6057,6484,1265,108,1286,126,15,102,102,108,2559,932,1788765,197,11,129,44,346854,346799,122,18,11,13,26,500933,329168,14,18,221,24,23,0,13,0,100,602867,357,0,90,1,2,7,27,1,4,31,1,1,0,2
908.25,1662558472336,5.015119544,1,3.9,31.1,0.0,64.1,0.0,0.0,1.0,115,1,66,0,2,516344,116152,315576,707572,6153,100883,84,84,35,0,0,7,9,7,2,0,1,0,0,0,0,8,549375,0,9,1,11,1274,234803,5520,0,1,23181,18212,3350,3494,467,87,500,0,9,108,108,114,873,265,2016565,211,4,131,7,354396,354343,131,16,4,5,13,547188,339186,10,11,236,36,21,0,5,0,105,693866,338,0,74,1,0,0,12,0,2,14,1,0,0,1
913.263,1662558479107,5.013189329,1,2.4,36.2,0.0,60.8,0.0,0.0,0.7,115,1,67,0,2,515864,116620,315588,707104,15578,229902,378,378,35,0,0,0,0,0,0,1,0,0,0,0,0,14,547441,0,19,0,5,1038,230027,5888,0,0,24351,19507,13606,13149,2857,1110,2543,630,5,119,119,120,5774,2180,2033175,229,21,130,46,366615,366580,132,11,21,33,44,546777,342698,20,28,256,30,41,5,26,1,107,648384,382,0,63,1,0,0,44,0,0,44,1,0,0,1
918.28,1662558492504,5.016813267,1,4.3,30.4,0.0,64.0,0.0,0.0,1.2,115,1,67,0,2,516872,115604,315596,708120,5940,97726,84,84,35,0,0,5,7,5,2,0,1,0,0,0,0,4,501744,0,10,2,14,2901,193556,5150,0,1,23180,18209,3345,3809,474,87,497,0,9,109,109,114,880,263,1768290,213,4,130,7,350602,350571,127,16,4,5,13,500158,335427,10,11,237,36,20,0,5,0,104,607955,336,0,79,1,0,0,8,0,0,8,1,0,0,1
923.295,1662558499270,5.014700897,1,3.7,32.4,0.0,63.9,0.0,0.0,0.0,115,1,67,0,2,515816,116664,315592,707060,5620,98304,84,84,35,0,0,5,10,5,5,0,2,0,0,0,0,5,494415,0,8,1,18,2909,192925,5232,0,1,22834,17846,3059,3659,667,152,854,0,15,102,102,105,1170,525,1803929,201,6,130,33,343700,343633,128,18,5,8,12,492848,328924,9,12,219,28,13,0,5,0,98,594774,346,0,86,1,2,7,20,1,4,24,1,1,0,2
928.311,1662558506061,5.015880580,1,3.9,29.9,0.0,65.6,0.0,0.0,0.6,115,1,67,0,2,515880,116588,315604,707136,5981,99017,266,266,35,0,0,7,11,7,4,4,2,0,0,0,0,8,530305,0,8,1,16,2906,231871,5601,3,1,23482,18469,7329,7856,1429,368,1440,0,13,104,104,112,3193,1041,1996221,195,13,128,43,345454,345349,121,18,12,16,28,528731,326130,13,18,218,20,23,0,12,0,101,649871,379,0,86,1,1,0,27,0,3,30,1,2,2,2
933.328,1662558512852,5.016734377,1,4.5,29.9,0.0,65.3,0.0,0.0,0.3,115,1,67,0,2,515764,116692,315616,707024,11182,101074,5095,5095,35,0,0,5,7,5,2,4,1,0,0,0,0,15,523275,0,17,1,11,3094,216273,5684,0,1,23686,18482,4447,4513,770,40,651,63,157,130,130,134,1333,475,1873171,233,8,133,9,349273,349222,220,16,8,9,15,521267,332549,11,16,417,41,151,4,9,0,119,625533,540,0,136,1,0,0,11,0,0,11,1,0,0,1
938.343,1662558520129,5.015087679,1,4.3,33.8,0.0,60.9,0.0,0.0,0.9,115,1,67,0,2,515788,116680,315604,707040,5776,99608,56,56,35,0,0,5,7,5,2,0,1,0,0,0,0,2,528479,0,8,1,11,2887,220012,5156,0,1,22728,17794,1049,1200,67,10,91,0,9,102,102,106,4,5,1920610,201,0,131,5,346849,346805,126,16,0,0,4,526421,333628,6,6,220,28,13,0,0,0,98,672101,313,0,69,1,0,0,3,0,0,3,1,0,0,1
943.359,1662558526931,5.016457820,1,2.6,31.5,0.0,65.9,0.0,0.0,0.0,115,1,67,0,2,516532,115932,315608,707788,5768,97841,294,294,35,0,0,5,7,5,2,0,1,0,0,0,0,16,506358,0,11,1,11,2928,205517,5688,0,1,23556,18542,7398,7863,1407,305,1429,0,9,111,111,115,3190,1051,1861466,207,13,128,44,347626,347572,125,13,13,16,29,504756,328056,15,20,236,24,27,0,16,0,104,594271,364,0,80,1,0,0,28,0,0,28,1,0,0,1
948.375,1662558533729,5.016091047,1,20.6,32.3,0.0,46.8,0.0,0.0,0.3,115,2,67,0,2,516304,116140,315628,707580,8163,102250,56,56,35,0,0,5,10,5,5,1,2,0,0,0,0,27,510230,0,19,2,20,1630,202060,5750,0,1,24341,18944,12225,12421,2510,729,2541,441,15,118,118,120,5449,1895,1809404,233,21,131,8,354913,354838,139,17,21,27,42,508215,332899,20,33,252,31,30,5,27,1,105,594631,379,0,83,1,2,7,46,1,4,50,1,1,0,2
953.399,1662558540522,5.023963837,1,3.3,27.0,0.0,69.0,0.0,0.0,0.7,115,1,67,0,2,516808,115628,315636,708092,5724,99347,84,84,35,0,0,5,7,5,2,0,1,0,0,0,0,0,500524,0,9,1,10,2923,192235,5054,0,1,22687,17758,1057,1211,65,9,91,63,8,103,103,109,4,5,1824374,201,0,130,5,347437,347390,124,14,0,0,4,498669,334259,6,6,221,28,13,0,0,0,100,611007,307,0,69,1,0,0,3,0,0,3,1,1,1,2
958.415,1662558547327,5.015786603,1,2.5,41.1,0.0,56.4,0.0,0.0,0.0,115,1,67,0,2,516180,116260,315632,707456,5780,98678,294,294,35,0,0,7,9,7,2,0,1,0,0,0,0,11,545619,0,8,1,11,2909,238974,5762,0,1,23616,18594,7375,7531,1434,430,1460,252,9,107,107,113,3201,1049,2034788,203,13,130,44,351531,351469,127,16,13,16,29,543657,332056,15,20,225,24,25,0,16,0,104,652147,381,0,86,1,0,0,29,0,2,31,1,0,0,1
963.431,1662558554131,5.016014140,1,17.8,34.7,0.0,46.9,0.0,0.0,0.6,115,1,67,0,2,515760,116676,315636,707048,5911,99721,56,56,35,0,0,5,7,5,2,0,1,0,0,0,0,8,525125,0,8,1,10,953,215830,5421,0,1,22948,17997,3031,3407,447,86,466,0,8,103,103,109,873,260,1886760,203,4,130,6,348142,348094,121,14,4,5,13,522942,333283,10,11,219,25,13,0,5,0,101,654642,324,0,69,1,0,0,8,0,1,9,1,0,0,1
968.447,1662558560988,5.016339956,1,3.3,32.7,0.0,63.7,0.0,0.0,0.3,115,1,67,0,2,515484,116960,315628,706764,5822,100701,84,84,35,0,0,5,7,5,2,0,1,0,0,0,0,3,510697,0,10,1,9,2324,205520,5168,0,1,22740,17796,1056,1208,66,10,92,0,9,104,104,111,3,5,1851326,203,0,130,5,342996,342951,123,15,0,0,3,508589,329730,6,6,220,26,11,0,0,0,99,639413,311,0,62,1,0,0,3,0,0,3,1,0,0,1
973.463,1662558567850,5.016057076,1,3.8,32.9,0.0,63.3,0.0,0.0,0.0,115,1,67,0,2,515924,116512,315636,707212,6139,98073,266,266,35,0,0,5,15,5,10,12,2,0,0,0,0,11,490148,0,12,1,28,630,189024,5741,0,1,23814,18760,8362,8516,1706,132,1739,126,25,111,111,117,3690,1235,1778816,211,21,129,44,346498,346432,133,17,21,24,37,488083,326044,15,28,237,24,26,0,24,0,107,570905,385,0,110,1,1,7,26,0,0,26,1,1,0,2
978.525,1662558574646,5.061685685,1,3.3,38.0,0.0,58.7,0.0,0.0,0.0,115,1,67,0,2,515352,117072,315648,706652,6472,101095,84,84,35,0,0,5,7,5,2,4,1,0,0,0,0,13,563780,0,15,2,11,3028,248657,5886,0,1,23634,18422,4976,5181,1067,175,797,0,178,111,111,118,1911,750,2118167,217,11,135,17,358458,358401,227,14,11,11,23,561794,341209,12,17,412,28,144,0,12,0,105,656071,559,0,150,1,0,0,10,1,4,14,1,1,1,2
983.543,1662558581536,5.017927174,1,2.4,30.5,0.0,67.1,0.0,0.0,0.0,114,1,66,0,2,515972,116448,315652,707272,5724,98304,56,56,35,0,0,5,7,5,2,0,1,0,0,0,0,3,500229,0,8,1,11,564,191863,5156,0,1,22745,17798,1057,1440,66,10,92,0,9,102,102,108,4,5,1744285,201,0,130,5,345877,345828,122,16,0,1,3,498072,332747,6,6,220,28,13,0,1,0,100,591887,318,0,76,1,0,0,3,0,0,3,1,0,0,1
988.557,1662558588262,5.013745561,1,1.9,31.2,0.0,65.6,0.0,0.0,1.3,115,1,67,0,2,516404,116016,315652,707712,13470,178033,322,322,35,0,0,0,0,0,0,1,0,0,0,0,0,11,570314,0,19,0,5,1020,251755,5891,0,0,23852,18918,9800,9668,2044,516,1874,378,5,124,124,126,4304,1532,2154977,245,17,131,9,364333,364299,140,11,17,21,32,570026,344931,14,25,271,41,38,5,15,1,111,709191,370,0,65,1,0,0,39,0,0,39,1,0,0,1
993.573,1662558598925,5.016284211,1,2.7,36.4,0.0,60.9,0.0,0.0,0.0,115,1,67,0,2,516696,115712,315664,708012,5620,98304,84,84,35,0,0,5,7,5,2,0,1,0,0,0,0,6,496682,0,9,2,11,564,190702,5180,0,1,22774,17783,3783,4183,883,347,910,189,9,102,102,108,1598,696,1809579,199,7,130,44,345810,345758,125,15,7,8,16,494635,330411,10,13,226,23,23,0,8,0,98,594796,324,0,82,1,0,0,21,0,0,21,1,0,0,1
998.589,1662558605738,5.016138973,1,1.9,36.1,0.0,61.4,0.0,0.0,0.6,115,1,67,0,2,516996,115404,315672,708324,5780,96748,266,266,35,0,0,5,7,5,2,0,1,0,0,0,0,15,491638,0,8,1,11,844,192622,5665,0,1,23194,18267,7371,7502,1427,179,1461,189,9,107,107,113,3168,1055,1807029,203,13,127,44,343307,343250,127,15,13,15,29,489969,324041,15,20,227,24,25,0,16,0,104,582007,354,0,74,1,0,0,27,0,0,27,1,0,0,1
1003.6,1662558612487,5.014828847,1,1.4,36.6,0.0,61.7,0.0,0.0,0.3,115,1,67,0,2,516380,116024,315668,707704,5998,99762,84,84,35,0,0,5,9,5,4,0,2,0,0,0,0,3,503338,0,9,1,16,530,196469,4970,0,1,22904,17939,1256,1726,80,10,106,0,13,108,108,114,8,6,1846437,211,0,130,7,345092,345056,129,17,0,0,4,501444,331684,6,6,235,35,19,0,0,0,104,614910,323,0,77,1,2,6,6,1,4,10,1,2,1,2
1008.62,1662558619257,5.015121571,1,3.6,38.7,0.0,57.6,0.0,0.0,0.0,117,1,67,0,2,516064,116336,315672,707392,5924,98304,84,84,35,0,0,7,11,3,4,7,3,0,0,0,0,14,506970,0,8,1,15,2180,197576,5367,3,1,22741,17777,3996,4138,862,283,886,63,13,102,102,108,1462,620,1835354,201,6,129,44,349319,349280,122,15,5,8,13,505099,334190,10,13,227,30,23,0,8,0,98,609555,337,0,83,1,2,0,22,0,0,22,1,1,1,2
1013.64,1662558626060,5.015828560,1,1.6,35.4,0.0,62.7,0.0,0.0,0.3,116,1,67,0,2,515712,116668,315692,707056,5982,98102,266,266,35,0,0,7,9,7,2,0,1,0,0,0,0,15,504650,0,9,1,11,2017,194760,5538,0,1,23525,18515,7413,7932,1429,305,1452,189,9,108,108,114,3190,1049,1809827,205,14,129,43,353912,353849,127,16,13,17,30,502574,334368,15,20,224,20,23,0,16,0,103,567862,363,0,78,1,0,0,28,0,2,30,1,0,0,1
1018.66,1662558632866,5.016793984,1,3.2,35.6,0.0,60.6,0.0,0.0,0.6,116,2,65,0,3,515808,116572,315692,707152,5992,99762,84,84,35,0,0,5,7,5,2,0,1,0,0,0,0,3,562787,0,9,1,11,2836,244816,5110,0,1,22706,17786,1251,1401,80,10,105,0,9,107,107,114,6,5,2079400,209,0,130,7,356910,356866,126,16,0,0,4,560730,343525,6,6,234,35,19,0,0,0,104,686430,326,0,68,0,0,0,5,0,1,6,0,0,0,0
1023.68,1662558640227,5.019039869,1,2.0,30.4,0.0,67.6,0.0,0.0,0.0,117,1,67,0,2,517208,115152,315712,708560,7837,101051,84,84,35,0,0,5,7,5,2,5,1,0,0,0,0,12,538702,0,19,1,10,4030,233653,6016,0,1,24392,18812,10906,11394,2295,541,2342,756,169,115,115,117,4822,1722,2006445,227,21,133,7,351857,351785,225,15,21,26,38,536395,330517,17,33,411,35,149,5,27,1,103,641759,576,0,147,1,0,0,40,0,0,40,1,0,0,1
1028.7,1662558647112,5.016775941,1,3.4,35.2,0.0,61.1,0.0,0.0,0.3,117,1,67,0,2,515356,117004,315712,706708,6012,98154,294,294,35,0,0,5,10,5,5,0,2,0,0,0,0,5,510433,0,11,1,20,2891,207204,5455,0,1,23332,18374,7428,7926,1435,305,1445,126,15,109,109,115,3204,1052,1853732,205,13,128,44,347773,347711,129,18,13,16,29,508384,328320,15,20,231,24,27,0,16,0,105,610041,365,0,95,1,3,7,31,1,4,35,1,2,1,2
1033.72,1662558653950,5.015656429,1,21.6,36.8,0.0,40.6,0.0,0.0,1.0,117,1,67,0,2,516240,116104,315728,707600,5807,99460,56,56,35,0,0,5,9,5,4,1,2,0,0,0,0,2,493594,0,7,2,19,2881,193414,4992,3,1,22643,17705,974,1476,58,9,82,0,12,103,103,108,4,5,1722249,203,0,130,6,339128,339088,123,16,0,0,4,491585,326076,6,6,219,24,12,0,0,0,101,620394,309,0,80,1,1,0,5,0,1,6,1,1,1,2
1038.74,1662558660745,5.016401483,1,3.0,34.5,0.0,62.4,0.0,0.0,0.0,117,1,67,0,2,516224,116108,315740,707600,5672,97261,84,84,35,0,0,7,9,7,2,0,1,0,0,0,0,1,500392,0,9,1,13,2938,193241,5070,0,1,22729,17787,1069,1219,65,9,90,63,9,103,103,109,5,5,1763553,201,0,131,5,346055,346001,122,16,0,0,4,498239,332849,6,6,222,28,14,0,0,0,100,621826,306,0,73,1,0,0,3,0,2,5,1,0,0,1
1043.76,1662558667515,5.015462799,1,3.9,32.7,0.0,62.7,0.0,0.0,0.6,117,1,67,0,2,515412,116924,315736,706792,5930,98884,266,266,35,0,0,5,7,5,2,0,1,0,0,0,0,5,488967,0,9,2,10,2922,191635,5421,0,1,23620,18595,7419,7911,1446,557,1462,189,8,109,109,116,3196,1052,1796052,207,13,129,44,342817,342756,127,14,13,16,29,486979,323270,15,20,232,24,25,0,16,0,106,565956,360,0,76,1,0,0,28,0,0,28,1,0,0,1
1048.8,1662558674309,5.041860087,1,13.0,38.7,0.0,47.7,0.0,0.0,0.7,117,1,67,0,2,515288,117048,315736,706668,6163,98573,84,84,35,0,0,5,7,5,2,0,1,0,0,0,0,5,556320,0,8,1,10,2878,246702,5174,0,1,22762,17810,1860,1958,271,79,136,0,9,106,106,112,435,177,2084644,206,3,131,17,351638,351592,129,16,2,1,7,554430,337701,6,6,227,26,16,0,2,0,103,723755,329,0,75,1,0,0,4,0,0,4,1,0,0,1
1053.82,1662558681149,5.016527537,1,2.6,31.3,0.0,65.2,0.0,0.0,1.0,117,1,67,0,2,515396,116932,315744,706780,5776,98565,84,84,35,0,0,5,10,5,5,0,2,0,0,0,0,0,489956,0,9,1,22,2862,192588,5095,0,1,22609,17695,1062,1595,67,10,91,0,15,103,103,109,6,5,1728918,199,0,130,5,339033,338990,123,18,0,0,3,488088,325953,6,6,219,28,13,0,0,0,100,603779,320,0,81,1,2,7,5,1,4,9,1,2,1,2
1058.84,1662558687932,5.016214208,1,6.0,26.1,0.0,67.6,0.0,0.0,0.3,116,1,66,0,2,515600,116728,315744,706988,5676,94740,266,266,35,0,0,5,7,5,2,0,1,0,0,0,0,14,529942,0,8,1,11,1220,227102,5345,0,1,22678,17863,7392,7545,1421,115,1438,126,9,105,105,110,3208,1048,1983337,199,13,125,44,346330,346269,121,16,13,16,29,527917,327232,15,20,223,24,25,0,16,0,102,646126,359,0,79,1,0,0,27,0,0,27,1,0,0,1
1063.85,1662558694665,5.013590329,1,1.8,26.9,0.0,71.4,0.0,0.0,0.0,117,1,67,0,2,515484,116812,315776,706896,9078,112849,84,84,35,0,0,7,9,7,2,0,1,0,0,0,0,26,533468,0,19,2,10,2936,223072,5805,0,1,22979,18146,15156,14765,3349,1183,3311,567,8,114,114,116,6999,2559,1987394,225,28,124,46,358163,358122,132,14,28,34,55,533170,335579,23,38,252,30,39,5,35,1,102,635126,379,0,74,1,0,0,59,0,2,61,1,0,0,1
1068.87,1662558702371,5.016228120,1,6.4,34.7,0.0,58.6,0.0,0.0,0.3,117,1,67,0,2,516028,116268,315776,707440,5876,98508,84,84,35,0,0,5,7,5,2,4,1,0,0,0,0,6,550648,0,13,1,11,1614,237145,5470,0,1,23097,17949,1754,1907,220,24,264,63,169,105,105,111,247,100,2038016,205,4,134,5,353317,353269,214,15,4,4,8,548664,339167,7,11,392,29,135,0,4,0,99,691530,515,0,139,1,0,0,5,0,0,5,1,0,0,1
1073.89,1662558709146,5.016795508,1,2.2,34.0,0.0,63.2,0.0,0.0,0.6,117,1,67,0,2,515484,116808,315780,706900,6193,94538,294,294,35,0,0,5,7,5,2,0,1,0,0,0,0,13,535862,0,12,2,10,1247,229850,5270,0,1,22541,17781,7697,8190,1446,368,1467,63,8,109,109,115,3204,1049,1989083,205,13,123,45,348485,348424,126,13,13,16,29,533831,329222,15,20,238,35,32,0,16,0,104,619861,354,0,77,1,0,0,29,0,0,29,1,0,0,1
1078.91,1662558715924,5.016562381,1,3.9,30.2,0.0,65.3,0.0,0.0,0.6,117,1,67,0,2,514712,117568,315792,706140,5620,98226,56,56,35,0,0,5,9,5,4,0,2,0,0,0,0,9,528229,0,8,1,17,2887,229095,5216,0,1,23091,18084,5873,6380,1263,361,1278,126,13,100,100,107,2467,916,1974715,197,11,130,44,341805,341739,125,17,11,13,25,525998,324596,14,18,219,24,21,0,13,0,98,637993,357,0,84,1,2,6,29,1,4,33,1,2,1,2
1083.93,1662558722723,5.015609102,1,1.5,36.6,0.0,61.8,0.0,0.0,0.0,117,1,67,0,2,516012,116252,315808,707452,5879,100468,84,84,35,0,0,5,7,5,2,0,1,0,0,0,0,2,512434,0,9,1,11,570,206481,5370,0,1,22757,17802,1057,1526,66,73,91,0,9,104,104,111,5,5,1819523,203,0,130,5,344605,344561,123,15,0,0,4,510506,331350,6,6,223,28,14,0,0,0,101,611514,306,0,69,1,0,0,4,0,1,5,1,0,0,1
1088.95,1662558729981,5.015680191,1,1.3,35.3,0.0,63.4,0.0,0.0,0.0,117,1,67,0,2,515556,116708,315808,707000,6431,99136,266,266,35,0,0,7,9,7,2,0,1,0,0,0,0,9,532214,0,8,1,11,1904,220666,5419,0,1,23609,18630,4801,5432,633,95,665,126,9,112,112,118,1614,378,1948471,213,6,130,6,354259,354206,132,16,6,8,16,530114,336732,11,13,236,33,22,0,8,0,109,614117,361,0,74,1,0,0,12,0,2,14,1,0,0,1
1093.97,1662558736785,5.016825227,1,3.0,35.0,0.0,61.7,0.0,0.0,0.3,117,1,67,0,2,515736,116532,315804,707176,5545,98304,84,84,35,0,0,5,7,5,2,0,1,0,0,0,0,5,524500,0,4,1,11,950,214927,5293,0,1,23159,18139,5862,6013,1260,423,1288,189,9,102,102,104,2464,938,1941782,199,11,130,44,351460,351406,125,16,11,13,26,522724,334250,14,18,219,24,22,0,13,0,100,620031,336,0,76,1,0,0,26,0,0,26,1,0,0,1
1098.99,1662558743603,5.015161690,1,20.8,32.6,0.0,46.3,0.0,0.0,0.3,117,1,67,0,2,515564,116696,315812,707012,7607,101836,56,56,35,0,0,5,7,5,2,1,1,0,0,0,0,12,509983,0,14,1,11,3867,199949,5499,0,1,24087,18693,10207,10702,2156,392,2159,126,9,117,117,114,4601,1651,1834366,231,17,130,7,355638,355570,137,16,17,22,33,507905,335174,16,28,245,34,27,5,22,1,105,603547,354,0,75,1,0,0,41,0,0,41,1,0,0,1
1104.01,1662558750421,5.023191251,1,1.9,42.1,0.0,56.0,0.0,0.0,0.0,117,1,67,0,2,515768,116488,315816,707220,5974,99299,294,294,35,0,0,5,10,5,5,0,2,0,0,0,0,10,550970,0,5,2,19,993,233592,5636,0,1,23622,18644,4885,5333,637,94,661,0,15,115,115,116,1612,386,2022367,217,6,130,7,359257,359197,132,17,6,8,17,548923,341590,11,13,239,36,25,0,8,0,111,663198,347,0,84,1,3,7,13,1,4,17,1,2,1,2
1109.03,1662558757217,5.017115716,1,3.4,32.3,0.0,64.3,0.0,0.0,0.0,117,1,67,0,2,515436,116812,315824,706892,5568,98617,84,84,35,0,0,5,7,5,2,0,1,0,0,0,0,7,508272,0,4,1,11,1687,210963,5278,0,1,23072,18075,5863,6022,1263,423,1274,63,9,103,103,104,2460,916,1888789,201,11,130,44,339208,339153,126,16,11,13,25,506358,322030,14,18,220,24,22,0,13,0,98,628887,333,0,78,1,0,0,26,0,0,26,1,0,0,1
1114.06,1662558764009,5.029594509,1,18.4,32.5,0.0,48.5,0.0,0.0,0.7,117,1,67,0,2,515232,117008,315832,706692,5901,99425,56,56,35,0,0,7,9,7,2,4,1,0,0,0,0,3,536293,0,3,1,11,3114,221194,5158,0,1,23151,17993,1755,1781,220,23,241,0,151,103,103,106,247,93,1939928,203,4,134,5,354576,354526,200,16,4,0,8,534178,340332,7,11,368,31,132,0,4,0,100,681556,476,0,126,1,0,0,4,0,3,7,1,0,0,1
1119.08,1662558770875,5.017042878,1,3.0,35.0,0.0,61.7,0.0,0.0,0.3,117,1,67,0,2,516492,115748,315832,707956,5866,100214,189,189,35,0,0,5,7,5,2,0,1,0,0,0,0,7,490741,0,5,1,11,557,191248,5077,0,1,22966,17982,2177,2379,242,16,263,0,9,111,111,113,652,128,1732935,213,2,131,7,338102,338039,127,16,2,3,7,488281,324074,7,8,233,35,23,0,3,0,107,590754,306,0,67,1,0,0,9,0,0,9,1,0,0,1
1124.09,1662558777661,5.014628300,1,4.4,32.2,0.0,63.4,0.0,0.0,0.0,117,1,67,0,2,515232,116992,315848,706712,5182,92046,56,56,35,0,0,5,7,5,2,0,1,0,0,0,0,8,497807,0,3,1,10,2768,195144,5091,0,1,21806,17081,5848,6003,1256,233,1286,189,8,96,96,97,2472,916,1798564,189,11,123,44,345122,345067,118,14,11,13,25,495873,328597,14,18,207,24,21,0,13,0,93,601940,312,0,78,1,0,0,25,0,0,25,1,0,0,1
1129.11,1662558784412,5.016130825,1,13.2,32.2,0.0,53.0,0.0,0.0,1.6,117,1,67,0,2,515080,117152,315840,706552,5597,97339,84,84,35,0,0,5,15,5,10,0,2,0,0,0,0,2,564537,0,4,1,33,2775,247026,5127,0,1,22650,17702,2110,2363,433,18,255,0,25,103,103,105,721,319,2099760,201,3,130,16,356022,355972,128,18,3,2,10,562622,341951,7,7,220,23,21,0,3,0,101,732098,321,0,97,1,1,7,4,0,0,4,1,2,1,2
1134.13,1662558791235,5.016189975,1,2.9,32.6,0.0,64.2,0.0,0.0,0.3,116,1,66,0,2,515364,116856,315852,706848,6073,99108,84,84,35,0,0,5,7,5,2,0,1,0,0,0,0,2,495811,0,5,2,10,2911,189140,5024,0,1,22877,17912,1250,1710,82,10,107,0,8,109,109,110,21,5,1805538,213,0,131,7,346077,346037,126,13,0,0,3,494166,332611,6,6,233,35,20,0,0,0,105,608157,303,0,66,1,0,0,4,1,4,8,1,0,0,1
1139.15,1662558797960,5.018337245,1,6.1,32.2,0.0,61.7,0.0,0.0,0.0,117,1,67,0,2,516152,116064,315856,707640,10649,149553,112,112,35,0,0,5,8,5,3,2,2,0,0,0,0,12,558301,0,15,1,13,3380,240277,5635,2,1,24014,19022,10732,11825,2256,455,2273,378,10,118,118,118,4533,1636,2066437,231,19,131,7,364946,364893,141,15,19,26,39,557036,344501,18,29,250,37,31,5,18,1,105,670565,361,0,78,1,1,0,39,0,0,39,1,1,1,2
1144.17,1662558807358,5.020182316,1,5.0,37.3,0.0,56.8,0.0,0.0,0.8,117,1,67,0,2,515696,116516,315860,707188,5861,99955,294,294,35,0,0,7,9,7,2,0,1,0,0,0,0,11,500408,0,3,1,11,1506,192839,5523,0,1,23774,18709,7404,7853,1428,367,1454,126,9,110,110,111,3209,1055,1786432,209,13,130,44,351911,351853,130,15,13,16,29,498283,332133,15,20,226,24,26,0,16,0,107,571663,368,0,84,1,0,0,28,0,3,31,1,0,0,1
1149.19,1662558814131,5.015416189,1,18.4,27.8,0.0,53.4,0.0,0.0,0.3,117,1,67,0,2,515508,116704,315860,707000,5761,99929,56,56,35,0,0,5,7,5,2,0,1,0,0,0,0,4,553741,0,3,1,10,516,239588,5206,0,1,22727,17767,986,1111,59,9,82,0,8,105,105,105,5,5,2047755,207,1,130,6,352100,352061,123,13,0,0,4,551718,338977,6,6,219,24,13,0,0,0,101,682076,284,0,68,1,0,0,3,0,0,3,1,0,0,1
1154.21,1662558820926,5.016478765,1,1.7,33.3,0.0,64.7,0.0,0.0,0.3,117,2,67,0,2,516336,115864,315872,707840,11109,103260,8983,8983,35,0,0,5,7,5,2,0,1,0,0,0,0,5,535114,0,10,1,11,2092,230511,5239,0,1,23105,18154,3853,4315,662,155,684,0,9,149,150,146,1264,438,1981191,239,5,130,7,346099,346050,142,15,5,6,15,533158,330390,11,12,260,33,38,11,6,2,136,636672,338,0,73,1,0,0,11,0,0,11,1,1,1,2
1159.23,1662558827767,5.018042898,1,3.3,34.4,0.0,61.3,0.0,0.0,1.0,117,1,67,0,2,516036,116156,315880,707548,5602,97791,266,266,35,0,0,5,10,5,5,4,2,0,0,0,0,22,512411,0,3,1,20,3054,218498,5691,0,1,23952,18740,8060,8239,1573,193,1592,315,126,108,108,109,3448,1145,1887075,205,17,131,44,340148,340086,191,17,17,17,33,510617,319560,16,25,362,25,137,0,20,0,106,605352,507,0,137,1,2,7,28,1,4,32,1,1,0,2
1164.25,1662558834595,5.016578878,1,3.7,35.7,0.0,60.3,0.0,0.0,0.3,117,1,67,0,2,514980,117204,315888,706500,5923,95542,84,84,35,0,0,5,9,5,4,7,2,0,0,0,0,11,495709,0,9,2,16,1751,191875,5361,2,1,22756,17783,2691,2591,647,26,406,0,13,103,103,107,1025,478,1747304,201,7,130,17,343335,343285,124,18,7,6,14,493638,328546,7,11,224,28,22,0,7,0,98,611336,330,0,86,1,1,0,7,0,1,8,1,1,1,2
1169.27,1662558841549,5.016022298,1,3.9,36.6,0.0,59.5,0.0,0.0,0.0,117,1,67,0,2,516028,116156,315888,707548,5518,98406,56,56,35,0,0,7,9,7,2,0,1,0,0,0,0,2,502218,0,5,1,11,2913,192484,4992,0,1,22882,17953,3149,3610,452,86,467,0,9,103,102,103,876,247,1832997,201,4,129,5,350168,350117,122,14,4,5,12,500322,335248,10,11,218,29,15,0,5,0,99,610997,322,0,73,1,0,0,10,0,2,12,1,0,0,1
1174.29,1662558848351,5.016574249,1,5.0,35.6,0.0,59.4,0.0,0.0,0.0,117,1,67,0,2,515864,116308,315900,707396,7946,99417,294,294,35,0,0,5,7,5,2,0,1,0,0,0,0,26,507364,0,16,2,10,3886,209065,5913,0,1,24968,19499,16580,17053,3515,813,3527,882,8,125,125,121,7792,2673,1862343,239,30,129,46,350571,350486,143,14,30,38,60,505301,323753,25,42,262,30,43,5,38,1,111,553424,401,0,76,1,0,0,65,0,0,65,1,0,0,1
1179.31,1662558855242,5.015509026,1,0.9,35.4,0.0,62.7,0.0,0.0,0.9,117,1,67,0,2,514840,117320,315912,706384,5629,98678,84,84,35,0,0,5,7,5,2,0,1,0,0,0,0,8,532285,0,4,1,11,2879,228582,5332,0,1,22747,17766,3765,3928,872,283,898,63,9,103,103,104,1597,687,1969063,201,7,130,44,343807,343753,126,15,7,8,16,530232,328367,10,13,220,23,20,0,8,0,99,676228,306,0,71,1,0,0,20,0,0,20,1,1,1,2
1184.33,1662558862066,5.016479983,1,3.9,36.9,0.0,58.9,0.0,0.0,0.3,117,1,67,0,2,515816,116348,315908,707356,5390,98304,56,56,35,0,0,5,10,5,5,0,2,0,0,0,0,8,562644,0,3,1,19,511,248996,5419,0,1,22968,18020,3142,3643,453,149,480,126,15,102,102,103,873,261,2107407,201,4,130,5,353187,353140,124,17,4,5,12,560858,338287,10,11,216,29,14,0,5,0,99,716582,313,0,86,1,3,7,11,1,4,15,1,1,0,2
1189.35,1662558868864,5.016086626,1,4.0,34.4,0.0,61.7,0.0,0.0,0.0,117,1,67,0,2,515028,117124,315920,706580,6201,99136,294,294,35,0,0,5,7,5,2,0,1,0,0,0,0,15,503819,0,4,1,10,2427,200490,5674,0,1,23593,18568,7397,7550,1428,493,1444,126,9,109,109,112,3206,1051,1810078,205,13,129,44,347970,347911,124,15,13,16,30,501893,328334,15,20,228,26,28,0,16,0,106,601146,352,0,81,1,0,0,28,0,1,29,1,0,0,1
1194.37,1662558875632,5.017210758,1,3.6,40.9,0.0,55.5,0.0,0.0,0.0,117,1,67,0,2,515832,116312,315928,707392,5436,98354,56,56,35,0,0,7,9,7,2,0,1,0,0,0,0,6,503877,0,4,2,10,585,198699,5318,0,1,22780,17793,3772,4277,865,346,890,126,9,102,102,102,1593,681,1847424,201,7,129,44,345051,344997,126,16,7,8,16,501901,329631,10,13,220,23,20,0,8,0,97,604561,322,0,73,1,0,0,20,0,2,22,1,0,0,1
1199.39,1662558882436,5.016442664,1,2.0,31.1,0.0,66.9,0.0,0.0,0.0,117,1,67,0,2,516116,116024,315932,707680,5672,99555,84,84,35,0,0,5,7,5,2,0,1,0,0,0,0,5,512488,0,4,1,11,562,212461,5301,0,1,22997,18051,3150,3660,459,25,480,0,9,106,106,108,878,257,1907948,207,4,129,5,341093,341049,124,16,4,6,13,510516,326132,10,11,222,29,15,0,6,0,102,620832,319,0,75,1,0,0,10,0,0,10,1,0,0,1
1204.41,1662558889244,5.016076337,1,3.3,32.6,0.0,64.2,0.0,0.0,0.0,118,1,67,0,2,516004,116128,315940,707576,5845,99397,294,294,35,0,0,5,7,5,2,0,1,0,0,0,0,17,533790,0,4,2,11,3068,231276,5874,0,1,24149,18867,7962,8097,1461,124,1489,189,161,112,112,111,3210,1036,1987862,211,14,132,45,349673,349608,213,16,13,17,29,531759,328796,18,23,424,36,193,0,18,0,107,637889,565,0,143,1,0,0,30,0,0,30,1,0,0,1
1209.43,1662558896037,5.016877865,1,2.1,33.7,0.0,63.5,0.0,0.0,0.6,117,1,66,0,2,516320,115808,315944,707892,5545,98382,56,56,35,0,0,5,10,5,5,0,2,0,0,0,0,9,486489,0,3,1,20,2881,189445,5066,0,1,22704,17728,3773,3939,868,346,894,0,15,102,102,102,1602,685,1784830,201,7,129,44,337341,337288,124,17,7,8,16,484523,321986,10,13,219,23,21,0,8,0,98,598297,325,0,86,1,2,7,22,1,4,26,1,1,0,2
1214.46,1662558902772,5.034509418,1,22.3,32.3,0.0,44.5,0.0,0.0,0.9,118,2,66,0,2,517556,114572,315944,709132,9140,117821,84,84,35,0,0,5,7,5,2,0,1,0,0,0,0,18,555162,0,14,1,10,3513,241317,5580,0,1,24022,18827,10321,10536,2178,712,2202,693,8,119,119,118,4647,1650,2083445,235,18,131,7,359642,359606,137,14,18,21,33,554591,340106,15,26,249,36,28,5,22,1,106,685669,342,0,71,1,0,0,36,0,0,36,1,0,0,1
1219.48,1662558910443,5.016472552,1,3.6,31.1,0.0,65.2,0.0,0.0,0.0,118,1,67,0,2,515476,116652,315944,707048,5952,99351,294,294,35,0,0,7,17,7,10,0,2,0,0,0,0,8,532200,0,6,1,32,2900,224883,5496,1,1,23582,18616,4898,5042,643,94,673,63,25,114,114,116,1605,388,1959807,215,6,130,7,350445,350394,131,18,6,8,17,530138,332908,11,13,236,36,24,0,8,0,111,654252,351,0,101,3,2,6,12,0,2,14,1,3,2,3
1224.5,1662558917308,5.016754030,1,5.0,36.2,0.0,58.4,0.0,0.0,0.3,118,1,67,0,2,515200,116920,315952,706780,5747,98693,84,84,35,0,0,7,11,7,4,4,3,0,0,0,0,7,497444,0,5,1,14,2879,203301,5090,2,1,22636,17676,3783,4254,880,284,895,63,13,104,104,105,1595,682,1827613,203,7,128,44,336254,336200,125,14,7,8,16,495254,320887,10,13,223,23,21,0,8,0,99,621449,322,0,82,3,1,0,21,1,6,27,1,2,2,3
1229.52,1662558924128,5.017647899,1,19.6,32.2,0.0,48.2,0.0,0.0,0.0,117,1,67,0,2,515680,116436,315956,707264,5598,98565,56,56,35,0,0,5,11,5,6,0,2,0,0,0,0,3,556879,0,3,1,22,2871,241728,5102,2,1,22655,17727,1062,1587,66,10,94,0,17,102,102,103,4,7,2055765,201,0,130,5,353686,353634,121,16,0,2,3,554916,340676,6,6,206,21,8,0,1,0,97,694564,305,0,86,3,3,6,3,1,4,7,1,3,2,3
1234.54,1662558930994,5.016342983,1,1.3,37.7,0.0,61.0,0.0,0.0,0.0,117,1,67,0,2,515672,116436,315964,707268,6027,100292,189,189,35,0,0,5,11,5,6,4,2,0,0,0,0,7,523774,0,4,1,22,2911,216946,5402,2,1,23141,18167,3358,3498,467,87,503,0,17,108,108,109,911,260,1919388,211,4,130,7,346782,346730,129,17,4,5,13,521629,331505,10,11,232,36,22,0,5,0,105,663515,325,0,85,3,2,4,10,1,4,14,1,3,2,3
1239.56,1662558937851,5.024851685,1,2.8,34.5,0.0,62.7,0.0,0.0,0.0,116,1,67,0,2,515492,116616,315964,707084,5930,99555,56,56,35,0,0,7,10,7,3,0,2,0,0,0,0,5,493448,0,3,1,13,577,189398,5260,2,1,22851,17841,3786,3964,868,347,884,63,10,103,103,106,1599,683,1772840,203,7,130,44,344274,344222,125,14,7,9,16,491318,328798,10,13,221,25,21,0,8,0,101,597814,335,0,83,3,1,0,20,1,6,26,1,2,2,3
1244.67,1662558944684,5.108360890,1,3.4,38.5,0.0,57.8,0.0,0.0,0.3,116,1,67,0,2,515964,116132,315976,707568,5598,102476,84,84,35,0,0,5,12,5,7,0,2,0,0,0,0,6,537447,0,4,1,25,515,224150,5140,2,1,23048,18021,2120,2030,531,146,272,63,19,105,105,107,813,416,1962714,204,3,133,16,353007,352964,130,18,3,2,10,535505,338678,7,7,224,23,20,0,3,0,103,646643,329,0,96,3,3,6,3,1,4,7,1,3,2,2
1249.69,1662558951639,5.015821275,1,1.0,35.4,0.0,63.6,0.0,0.0,0.0,117,1,67,0,2,515980,116116,315976,707588,7927,101211,56,56,35,0,0,5,11,5,6,2,2,0,0,0,0,11,533813,0,15,1,24,4024,225768,5989,2,1,24787,19171,12715,13217,2534,542,2559,504,152,121,121,119,5464,1885,1974530,239,21,132,9,356382,356303,220,18,21,27,42,531639,333221,22,35,413,43,160,5,29,1,108,641764,553,0,148,3,2,4,48,1,4,52,1,3,2,3
1254.71,1662558958442,5.016660923,1,2.5,34.7,0.0,61.8,0.0,0.0,0.9,117,1,67,0,2,515404,116692,315976,707004,5332,96190,84,84,35,0,0,7,10,7,3,0,2,0,0,0,0,6,483880,0,5,2,13,2141,191481,5142,2,1,22330,17436,3781,3936,876,536,892,126,11,101,101,101,1599,679,1773304,195,7,127,44,332108,332054,117,13,7,8,17,481643,316843,10,13,215,23,20,0,8,0,97,595395,312,0,77,3,1,0,19,1,6,25,1,2,2,3
1259.73,1662558965243,5.015586470,1,3.6,31.4,0.0,64.7,0.0,0.0,0.3,118,1,67,0,2,515948,116140,315984,707568,5494,99452,84,84,35,0,0,5,10,5,5,0,2,0,0,0,0,2,490522,0,4,1,20,575,198044,5219,2,1,22837,17836,3776,4294,868,221,894,0,15,101,101,103,1600,690,1816443,197,7,130,44,333549,333497,124,15,7,8,16,488606,318104,10,13,216,23,20,0,9,0,99,603503,338,0,86,3,4,6,21,1,4,25,1,3,2,3
1264.75,1662558972051,5.016431534,1,3.1,34.1,0.0,62.8,0.0,0.0,0.0,118,1,67,0,2,515712,116376,315984,707332,5896,99864,56,56,35,0,0,5,11,5,6,8,2,0,0,0,0,7,565455,0,5,2,22,579,247992,5416,2,1,23254,18267,3842,4314,607,32,630,0,17,107,107,108,1129,348,2103134,211,8,130,7,357672,357623,127,16,8,9,16,563474,342045,10,15,231,36,20,0,9,0,104,723444,338,0,94,3,2,4,11,1,4,15,1,3,2,3
1269.77,1662558978838,5.016533613,1,2.8,38.9,0.0,58.0,0.0,0.0,0.3,118,1,67,0,2,515444,116640,315988,707064,5518,98508,84,84,35,0,0,7,10,7,3,0,2,0,0,0,0,4,537246,0,7,1,13,539,235135,5407,1,1,22741,17752,3782,3950,875,221,905,63,11,104,104,105,1601,683,2000265,203,7,129,44,342648,342597,123,15,7,8,17,535292,327267,10,13,224,23,23,0,8,0,99,661066,325,0,81,3,1,0,20,1,6,26,1,2,2,3
1274.79,1662558985661,5.016471610,1,4.3,34.7,0.0,61.0,0.0,0.0,0.0,118,1,67,0,2,515716,116352,316004,707356,5597,97339,56,56,35,0,0,5,10,5,5,0,2,0,0,0,0,4,515230,0,3,2,17,2880,212275,5288,1,1,22684,17709,3781,3940,869,157,891,63,14,102,102,103,1598,681,1874953,201,7,129,44,343949,343896,126,15,7,8,16,513275,328556,10,13,219,23,21,0,8,0,100,628029,324,0,80,3,3,6,19,1,4,23,1,3,2,3
1279.81,1662558992531,5.016861010,1,2.1,35.6,0.0,61.4,0.0,0.0,0.9,118,1,67,0,2,515720,116340,316012,707368,5969,99890,84,84,35,0,0,7,11,7,3,2,2,0,0,0,0,7,476280,0,5,1,14,1842,175465,5145,2,1,23229,18250,3364,3826,475,150,493,0,11,110,110,110,881,272,1720535,213,4,131,7,341738,341696,134,17,4,5,13,474868,326531,10,11,234,36,21,0,5,0,105,579413,312,0,84,3,5,4,12,1,6,18,1,3,2,3
1284.83,1662558999296,5.015319590,1,1.6,30.3,0.0,67.4,0.0,0.0,0.7,117,1,66,0,2,515644,116416,316012,707284,5366,92515,84,84,35,0,0,5,10,5,5,0,2,0,0,0,0,11,494510,0,4,2,19,2746,191663,4986,2,1,22000,17252,6057,6192,1276,297,1294,315,14,100,100,101,2468,939,1804383,195,11,124,44,345641,345582,119,15,11,13,25,492711,328770,14,18,218,31,25,0,12,0,96,599286,311,0,85,3,3,6,27,1,4,31,1,3,2,3
1289.84,1662559006046,5.012323723,1,4.2,33.1,0.0,62.7,0.0,0.0,0.0,118,1,67,0,2,515696,116324,316052,707364,15490,226642,378,378,35,0,0,0,3,0,3,0,1,0,0,0,1,9,560203,0,16,0,14,3368,235265,5640,0,0,23995,19172,9799,9513,1965,584,1837,315,11,123,123,123,3901,1444,2065422,241,14,131,9,370945,370918,140,13,14,25,34,559507,351101,18,23,265,44,37,5,18,1,110,687016,363,0,75,3,2,6,28,0,0,28,1,2,1,3
1294.85,1662559019219,5.014941483,1,2.1,28.3,0.0,68.2,0.0,0.0,1.4,119,1,67,0,2,515680,116328,316064,707356,5597,97522,84,84,35,0,0,5,8,5,3,6,2,0,0,0,0,13,491774,0,4,1,12,2956,191140,5390,2,1,23015,17865,4599,5002,1030,236,1059,126,20,102,102,103,1844,775,1802680,198,11,129,44,342673,342620,130,16,11,12,20,489814,326117,10,17,285,30,106,0,13,0,98,596504,346,0,84,3,3,2,21,1,4,25,1,3,2,3
1299.87,1662559025989,5.016130192,1,2.8,38.6,0.0,58.5,0.0,0.0,0.0,119,1,67,0,2,514948,117044,316080,706644,5751,98884,266,266,35,0,0,5,8,5,3,0,2,0,0,0,0,7,498461,0,4,2,14,2917,198992,5477,2,1,23316,18299,5323,5784,1042,291,1057,252,11,109,109,110,2297,795,1800679,207,9,129,44,343111,342975,127,18,9,11,20,496136,325065,10,15,226,23,25,0,11,0,106,587377,349,0,82,3,5,4,21,1,4,25,1,3,2,3
1304.91,1662559032781,5.036701122,1,1.6,34.0,0.0,63.8,0.0,0.0,0.6,119,1,67,0,2,515176,116820,316076,706868,5768,99762,84,84,35,0,0,7,11,7,4,2,2,0,0,0,0,1,505144,0,4,1,16,2909,195356,5030,2,1,23199,18219,3410,3519,487,87,496,0,13,107,107,108,884,261,1768044,209,4,134,7,350607,350560,128,18,4,5,13,502939,335368,10,11,229,36,20,0,5,0,104,622345,322,0,82,3,3,4,11,1,6,17,1,3,2,3
1309.93,1662559040060,5.016789450,1,1.2,35.0,0.0,63.5,0.0,0.0,0.3,119,1,67,0,2,515168,116812,316092,706876,5554,98552,332,332,35,0,0,5,11,5,6,0,2,0,0,0,0,5,527160,0,8,2,25,2956,213287,5295,2,1,23084,18122,3216,3348,464,87,486,0,17,110,110,110,881,266,1902559,207,4,130,5,354488,354427,131,17,4,5,12,525071,339420,11,12,222,30,16,9,5,1,102,618394,332,0,91,3,3,6,9,1,4,13,1,3,2,3
1314.95,1662559046925,5.015757343,1,1.7,29.2,0.0,67.8,0.0,0.0,1.4,119,1,67,0,2,515200,116772,316100,706912,5906,97713,294,294,35,0,0,5,8,5,3,0,2,0,0,0,0,17,512018,0,4,1,14,2411,207452,5351,2,1,23257,18251,5320,5836,1038,416,1069,126,11,108,108,111,2321,811,1861669,203,9,129,44,348303,348245,125,18,9,11,21,510108,330428,11,15,222,25,24,0,11,0,105,623503,335,0,85,3,5,4,22,1,4,26,1,3,2,3
1319.97,1662559053770,5.017650938,1,18.3,34.0,0.0,47.4,0.0,0.0,0.3,119,1,67,0,2,515232,116736,316104,706948,9267,104822,160,160,35,0,0,7,10,7,3,4,2,0,0,0,0,8,509869,0,15,1,14,2637,203265,5429,2,1,23431,18414,4336,4804,647,92,671,0,11,133,133,126,1151,395,1875608,259,5,130,8,347140,347092,153,18,5,6,14,507648,330951,12,13,286,49,79,12,6,4,117,632280,350,0,77,3,5,4,12,1,6,18,1,3,2,3
1324.99,1662559060587,5.015548422,1,1.0,33.4,0.0,65.6,0.0,0.0,0.0,119,1,67,0,2,514444,117560,316068,706144,7681,102096,84,84,35,0,0,5,10,5,5,1,2,0,0,0,0,12,541247,0,16,1,18,2349,228743,5903,1,1,24307,18930,12335,12483,2540,790,2551,630,14,120,120,115,5447,1888,1980095,235,21,130,7,358969,358889,143,16,21,27,43,539216,336845,20,33,255,35,32,5,27,1,104,640851,383,0,89,3,3,6,48,1,4,52,1,3,2,2
1330.01,1662559067430,5.017448474,1,2.9,32.6,0.0,64.2,0.0,0.0,0.3,119,1,67,0,2,515492,116504,316076,707196,5602,98834,294,294,35,0,0,5,7,5,2,0,1,0,0,0,0,8,489789,0,3,1,11,595,188654,5446,0,1,23250,18253,5307,5469,1040,228,1056,126,9,108,108,108,2331,789,1756258,205,9,129,44,343409,343352,128,15,9,11,20,487653,325579,11,15,221,23,24,0,11,0,104,582979,343,0,82,1,0,0,23,0,1,24,1,0,0,1
1335.03,1662559074252,5.015148769,1,13.8,33.3,0.0,52.0,0.0,0.0,0.9,119,1,67,0,2,514876,117120,316076,706580,5836,99799,56,56,35,0,0,5,7,5,2,0,1,0,0,0,0,1,501591,0,3,1,11,603,192828,5243,0,1,22994,18038,3055,3204,452,87,485,0,9,105,105,106,879,270,1745099,205,4,130,6,348414,348363,124,15,4,5,12,499681,333574,10,11,218,25,14,0,5,0,102,629846,314,0,71,1,0,0,10,0,0,10,1,0,0,1
1340.05,1662559081099,5.017171996,1,3.2,32.4,0.0,63.8,0.0,0.0,0.6,119,1,67,0,2,514884,117092,316096,706604,5798,99347,84,84,35,0,0,5,7,5,2,4,1,0,0,0,0,9,555187,0,4,2,11,1235,239573,5680,0,1,23396,18238,3856,4320,612,102,632,126,153,102,102,105,1117,343,2067320,199,8,133,5,356621,356565,199,16,8,9,17,553081,340323,12,17,380,32,151,0,10,0,99,693255,502,0,132,1,0,0,10,0,0,10,1,0,0,1
1345.07,1662559087965,5.015827177,1,2.9,31.7,0.0,65.4,0.0,0.0,0.0,119,1,67,0,2,515500,116480,316092,707220,5654,99877,266,266,35,0,0,5,7,5,2,0,1,0,0,0,0,10,507348,0,3,1,11,2869,209301,5448,0,1,23375,18348,5311,5820,1041,228,1065,189,9,109,109,110,2334,801,1852048,207,9,130,44,343164,343106,129,16,9,11,20,505272,325234,10,14,225,23,24,0,11,0,106,616389,336,0,78,1,0,0,23,0,0,23,1,0,0,1
1350.23,1662559094762,5.164374786,1,3.6,28.7,0.0,66.4,0.0,0.0,1.3,119,1,67,0,2,515404,116568,316100,707132,5779,102561,84,84,35,0,0,5,8,5,3,0,2,0,0,0,0,5,506347,0,5,1,14,1695,196559,5387,0,1,23729,18595,5669,5522,1200,294,1151,0,11,106,106,107,2310,884,1859465,207,10,133,45,352880,352822,127,18,10,8,25,504859,335449,13,16,227,27,23,0,13,0,102,623445,333,0,75,1,3,5,26,1,4,30,1,1,0,2
1355.25,1662559101702,5.024603740,1,2.3,32.0,0.0,65.7,0.0,0.0,0.0,119,1,67,0,2,515948,116012,316112,707688,5725,98484,56,56,35,0,0,7,9,7,2,0,1,0,0,0,0,4,530898,0,5,1,11,1393,215736,5283,0,1,23015,18060,3160,3307,450,23,478,0,9,104,104,105,872,261,1907617,205,4,130,5,354782,354730,124,15,4,5,12,528787,339817,10,11,221,29,15,0,5,0,100,659700,306,0,72,1,0,0,10,0,3,13,1,0,0,1
1360.27,1662559108539,5.015534456,1,1.8,24.8,0.0,73.0,0.0,0.0,0.4,118,1,66,0,2,515916,116040,316116,707660,5968,99140,294,294,35,0,0,5,7,5,2,6,1,0,0,0,0,6,498874,0,10,1,11,2927,192546,5384,0,1,23476,18434,5806,6283,1163,361,1188,189,9,112,112,112,2579,888,1823670,211,13,130,44,350438,350377,131,15,13,15,25,496838,332032,11,19,234,22,25,0,15,0,105,597151,343,0,86,1,0,0,23,0,0,23,1,0,0,1
1365.28,1662559115239,5.011710069,1,32.1,32.4,0.0,35.5,0.0,0.0,0.0,119,1,67,0,2,515964,115988,316120,707712,18604,204851,5179,5179,35,0,0,0,0,0,0,1,0,0,0,0,0,23,559000,0,21,0,5,2201,235801,5670,0,0,23834,19047,10000,9749,2083,456,1768,378,5,140,140,134,4122,1571,2033749,253,14,131,9,369204,369122,144,11,14,25,29,558331,349019,16,21,273,37,40,9,17,1,121,678736,351,0,61,1,0,0,28,0,0,28,1,0,0,1
1370.3,1662559127473,5.017244873,1,3.7,33.3,0.0,62.9,0.0,0.0,0.0,119,1,67,0,2,515712,116236,316124,707460,5751,97919,294,294,35,0,0,5,10,5,5,0,2,0,0,0,0,10,511854,0,4,1,19,2787,209411,5410,0,1,23395,18369,5336,5810,1033,227,1062,126,15,110,110,110,2332,802,1895366,209,10,129,44,345642,345586,132,17,9,11,20,509906,327761,11,15,230,23,27,0,11,0,107,614804,362,0,92,1,2,7,25,1,4,29,1,1,0,2
1375.32,1662559134272,5.016775874,1,12.0,35.2,0.0,50.3,0.0,0.0,2.4,119,1,67,0,2,515620,116320,316132,707368,5681,99721,56,56,35,0,0,7,10,7,3,1,2,0,0,0,0,2,504016,0,3,2,14,2938,193361,5171,3,1,22975,18023,3071,3251,450,86,466,0,11,103,103,104,879,245,1762647,203,4,130,6,351430,351380,125,18,4,5,12,502081,336553,10,11,216,25,13,0,5,0,101,622519,319,0,85,1,1,0,11,0,2,13,1,2,2,2
1380.34,1662559141109,5.016337551,1,3.7,35.4,0.0,60.6,0.0,0.0,0.3,119,1,67,0,2,515744,116192,316136,707504,5442,98304,84,84,35,0,0,5,7,5,2,0,1,0,0,0,0,7,516426,0,4,1,10,2585,205381,5195,0,1,23010,17900,1221,1711,77,15,102,0,152,103,103,105,5,5,1890066,201,0,133,5,349394,349350,203,16,0,0,4,514407,335685,7,7,358,29,115,0,0,0,100,644837,465,0,124,1,0,0,4,0,0,4,1,0,0,1
1385.36,1662559147879,5.015597095,1,0.7,36.4,0.0,62.2,0.0,0.0,0.7,119,2,67,0,2,515352,116568,316152,707128,5550,98678,266,266,35,0,0,5,7,5,2,0,1,0,0,0,0,6,483866,0,3,2,10,573,192364,5154,0,1,23278,18276,5308,5766,1038,101,1067,126,8,106,106,107,2337,798,1761346,201,9,129,44,334631,334577,124,14,9,11,20,481829,316740,11,15,219,23,24,0,11,0,104,586280,330,0,77,1,0,0,21,0,0,21,1,0,0,1
1390.51,1662559154648,5.152919862,1,3.9,29.4,0.0,66.7,0.0,0.0,0.0,119,1,67,0,2,515492,116420,316160,707272,5681,101546,84,84,35,0,0,5,7,5,2,0,1,0,0,0,0,8,505424,0,4,1,11,1835,192634,5366,0,1,23557,18469,4297,4473,929,96,654,63,9,107,107,109,1694,659,1762586,209,7,133,17,355053,355005,129,16,7,7,19,503728,338730,11,12,228,27,23,0,8,0,104,616401,331,0,80,1,0,0,10,0,0,10,1,0,0,1
1395.53,1662559161587,5.015312108,1,1.8,36.7,0.0,61.5,0.0,0.0,0.0,119,1,67,0,2,515184,116728,316160,706964,5488,98354,84,84,35,0,0,5,9,5,4,0,2,0,0,0,0,4,517684,0,4,1,17,2334,197271,5302,0,1,22767,17816,1056,1328,67,10,92,0,13,104,104,105,6,6,1818369,205,0,131,5,357864,357819,126,16,0,0,3,515629,344555,6,6,220,28,13,0,0,0,100,648049,303,0,79,1,2,6,5,1,4,9,1,1,0,2
1400.55,1662559168383,5.016171636,1,3.6,38.7,0.0,57.4,0.0,0.0,0.3,119,1,67,0,2,515444,116456,316172,707236,7819,101315,266,266,35,0,0,8,12,7,4,2,2,0,0,0,0,24,494977,0,14,1,17,1697,197212,5824,2,1,24699,19228,14487,14811,3103,1059,3127,756,13,122,122,118,6915,2411,1813455,231,26,129,46,347446,347367,139,17,26,33,51,492834,322378,21,37,252,29,41,5,33,1,109,569264,406,0,92,3,3,4,59,1,6,65,1,3,2,4
1405.57,1662559175202,5.015715966,1,2.5,32.0,0.0,64.8,0.0,0.0,0.7,119,1,67,0,2,515192,116708,316172,706988,5577,99565,84,84,35,0,0,5,11,5,6,0,2,0,0,0,0,8,516565,0,4,1,21,649,206640,5470,2,1,23119,18115,5961,6112,1269,360,1297,63,17,101,101,103,2468,941,1873214,193,11,129,43,350946,350873,124,17,11,13,26,514647,333755,14,18,209,20,19,0,13,0,96,635491,343,0,92,3,3,6,27,1,4,31,1,3,2,3
1410.59,1662559181997,5.015426908,1,4.3,43.3,0.0,52.1,0.0,0.0,0.3,118,2,67,0,2,515224,116660,316188,707028,5702,98614,56,56,35,0,0,7,10,7,3,4,2,0,0,0,0,2,557123,0,5,1,14,2746,249579,5328,2,1,22660,17730,1064,1223,65,9,91,0,11,105,105,106,4,12,2080683,207,0,130,5,345345,345302,127,18,0,0,3,555162,332220,5,5,222,28,14,0,0,0,101,728767,303,0,76,3,5,4,5,1,6,11,1,3,2,2
1415.61,1662559188798,5.018661414,1,2.4,40.4,0.0,57.2,0.0,0.0,0.0,118,1,67,0,2,515380,116500,316192,707184,5958,97791,294,294,35,0,0,5,7,5,2,0,1,0,0,0,0,6,535745,0,4,1,11,543,235157,5369,0,1,23201,18201,5320,5813,1036,102,1065,63,9,109,109,112,2355,806,1990411,205,9,129,44,342975,342914,124,16,9,12,21,533631,325166,11,15,227,25,27,0,11,0,105,656081,347,0,78,1,0,0,21,0,0,21,1,0,0,1
1420.63,1662559195646,5.017102626,1,1.4,28.8,0.0,69.1,0.0,0.0,0.7,118,1,67,0,2,515452,116432,316188,707264,5487,97233,56,56,35,0,0,5,7,5,2,0,1,0,0,0,0,5,494150,0,4,1,9,2924,198676,5433,0,1,23017,18024,5869,6371,1255,297,1279,63,8,101,101,102,2470,931,1831442,199,11,128,44,337324,337269,123,14,11,13,25,492151,320171,14,18,219,24,22,0,13,0,98,597408,337,0,76,1,0,0,26,0,0,26,1,0,0,1
1425.65,1662559202494,5.016084874,1,2.9,39.0,0.0,57.1,0.0,0.0,1.0,118,1,67,0,2,514608,117284,316180,706412,5494,99347,84,84,35,0,0,5,7,5,2,0,1,0,0,0,0,3,560292,0,4,2,10,1092,244629,5360,0,1,22735,17797,1934,2150,285,83,244,0,9,104,104,104,548,165,2080387,203,4,131,5,353914,353873,127,16,3,0,8,558363,340213,8,8,217,28,14,0,4,0,100,725369,309,0,74,1,0,0,6,0,0,6,1,0,0,1
1430.67,1662559209322,5.016506330,1,2.2,34.8,0.0,62.7,0.0,0.0,0.3,118,1,67,0,2,515112,116768,316192,706928,6052,98432,294,294,35,0,0,5,7,5,2,4,1,0,0,0,0,22,505594,0,4,1,9,1959,213132,5449,0,1,23491,18458,6115,6278,1202,235,1225,252,8,113,113,114,2531,867,1856273,213,12,129,45,336159,336097,126,13,12,15,22,503990,317829,11,19,246,32,38,0,13,0,109,634543,344,0,79,1,0,0,25,0,1,25,1,0,0,1
1435.69,1662559216149,5.017466789,1,2.9,38.0,0.0,59.1,0.0,0.0,0.0,117,1,66,0,2,515444,116436,316192,707256,5442,98304,56,56,35,0,0,5,10,5,5,0,2,0,0,0,0,9,501771,0,3,1,21,949,206366,5184,0,1,23044,18047,5866,6348,1258,360,1290,252,15,102,102,102,2483,934,1813171,201,11,129,44,337130,337080,124,17,11,13,25,499792,319997,14,18,219,24,21,0,13,0,99,624292,339,0,95,1,2,7,25,1,4,29,1,1,0,2
1440.7,1662559222965,5.012746748,1,3.4,37.7,0.0,58.6,0.0,0.0,0.3,117,1,67,0,2,515188,116684,316200,707016,11692,163827,322,322,35,0,0,7,9,7,2,1,1,0,0,0,0,19,544510,0,14,1,11,1057,235051,5945,0,1,24405,19427,14314,14500,3037,857,2993,378,9,121,121,117,6517,2345,2028689,231,25,129,46,359393,359346,137,15,25,38,55,543182,334742,23,38,253,30,43,5,29,1,108,641094,408,0,82,1,0,0,57,0,2,59,1,0,0,1
1445.72,1662559233092,5.016640230,1,5.4,33.0,0.0,60.7,0.0,0.0,0.9,117,2,67,0,1,515336,116528,316208,707172,5966,98973,84,84,35,0,0,5,7,5,2,6,1,0,0,0,0,6,504945,0,9,1,14,2921,197504,5091,0,1,23275,18288,3822,4314,601,220,625,63,9,110,110,111,1118,338,1783396,215,8,130,7,348027,347975,133,16,8,9,17,503234,332380,10,15,238,36,20,0,9,0,104,623688,332,0,77,1,0,0,9,0,1,10,1,0,0,1
1450.74,1662559240295,5.015432616,1,3.6,34.8,0.0,61.6,0.0,0.0,0.0,117,1,67,0,2,515712,116156,316204,707544,6136,100070,56,56,35,0,0,5,7,5,2,4,1,0,0,0,0,3,496086,0,9,1,11,2416,193391,5059,0,1,22810,17850,1536,2080,206,18,232,0,9,107,107,108,249,100,1821391,211,4,131,5,342065,342020,127,16,4,4,7,494135,328415,6,10,228,28,15,0,4,0,101,619661,301,0,73,1,0,0,4,0,0,4,1,0,0,1
1455.76,1662559247056,5.016086435,1,2.0,31.0,0.0,66.7,0.0,0.0,0.3,117,1,67,0,2,515224,116632,316216,707060,5694,97843,294,294,35,0,0,5,15,5,10,0,2,0,0,0,0,11,521419,0,4,2,33,553,217594,5352,0,1,23507,18500,7412,7953,1401,367,1425,189,25,107,107,108,3189,1046,1936575,201,14,128,44,348121,348060,124,17,13,16,30,519381,328531,15,20,223,24,27,0,16,0,104,632882,372,0,105,1,1,7,27,0,0,27,1,1,0,2
1460.78,1662559253870,5.016789680,1,18.4,29.2,0.0,52.4,0.0,0.0,0.0,116,1,67,0,2,515776,116052,316244,707628,5762,98719,56,56,35,0,0,7,11,7,3,1,2,0,0,0,0,4,508982,0,3,1,15,2893,202027,5158,2,1,23109,18149,3353,3836,468,23,485,0,11,106,106,108,878,257,1814752,209,4,130,7,349002,348954,128,17,4,5,12,506786,333778,10,11,226,36,17,0,5,0,104,647232,316,0,79,1,1,0,11,1,6,17,1,2,2,2
1465.8,1662559260662,5.015550857,1,4.8,33.3,0.0,61.8,0.0,0.0,0.0,116,1,67,0,2,515200,116640,316232,707060,5649,98382,84,84,35,0,0,5,7,5,2,0,1,0,0,0,0,0,500569,0,4,2,10,600,194099,5158,0,1,22642,17722,1053,1202,66,9,91,0,9,104,104,104,6,5,1838640,203,0,130,5,344503,344458,127,15,0,0,4,498622,331366,6,6,218,28,14,0,0,0,100,625276,297,0,71,1,0,0,4,0,0,4,1,0,0,1
1470.82,1662559267508,5.016894928,1,3.4,33.3,0.0,63.0,0.0,0.0,0.3,116,1,67,0,2,514248,117588,316236,706112,5550,97791,294,294,35,0,0,5,7,5,2,0,1,0,0,0,0,19,511959,0,3,1,9,1342,206229,5699,0,1,23869,18651,7567,7730,1432,375,1441,189,173,108,108,108,3196,1038,1891907,205,13,133,44,350720,350662,219,14,13,17,29,509950,330579,16,21,384,25,134,0,17,0,105,606731,549,0,146,1,0,0,29,0,0,29,1,0,0,1
1475.84,1662559274259,5.016502085,1,15.2,36.6,0.0,47.5,0.0,0.0,0.6,116,1,67,0,2,514144,117696,316232,706000,8031,102557,56,56,35,0,0,5,7,5,2,1,1,0,0,0,0,14,514813,0,15,1,11,1530,205840,5867,0,1,24335,18934,12278,12832,2519,600,2535,378,9,119,119,116,5442,1882,1907635,235,21,129,8,355853,355774,139,16,21,27,42,512630,333807,20,33,250,31,30,5,27,1,105,620690,357,0,77,1,0,0,45,0,0,45,1,0,0,1
1480.86,1662559281095,5.016381272,1,5.1,29.3,0.0,65.6,0.0,0.0,0.0,116,1,67,0,2,515256,116584,316232,707116,5494,99347,84,84,35,0,0,5,7,5,2,0,1,0,0,0,0,1,493017,0,4,1,9,2892,193250,4871,0,1,22680,17746,1042,1541,66,9,91,0,8,103,103,104,5,6,1804392,201,0,130,5,341012,340969,124,14,0,0,4,491087,327821,6,6,216,28,13,0,0,0,100,612133,301,0,67,1,0,0,4,0,0,4,1,0,0,1
1485.88,1662559287850,5.015304318,1,2.4,28.6,0.0,69.0,0.0,0.0,0.0,116,1,67,0,2,514972,116856,316244,706836,5446,95705,266,266,35,0,0,5,9,5,4,0,2,0,0,0,0,10,511849,0,3,2,17,2792,209484,5289,0,1,22672,17859,7374,7531,1426,179,1463,126,13,104,104,105,3206,1050,1845042,197,13,124,44,346507,346445,126,17,13,16,29,509936,327461,15,20,216,24,25,0,16,0,102,618109,355,0,91,1,2,6,25,1,4,29,1,1,0,2
1490.9,1662559294643,5.020598767,1,2.5,36.2,0.0,61.3,0.0,0.0,0.0,116,1,67,0,2,515348,116464,316260,707236,6037,101546,84,84,35,0,0,7,9,7,2,0,1,0,0,0,0,9,552126,0,4,1,9,2883,243665,5475,0,1,22976,18012,4278,4176,896,160,653,0,8,105,105,107,1653,638,2059134,205,7,130,17,349300,349246,122,13,7,7,19,550025,333239,11,12,226,29,23,0,8,0,102,699919,315,0,70,1,0,0,10,0,2,12,1,0,0,1
1495.92,1662559301601,5.015531225,1,2.9,34.3,0.0,62.8,0.0,0.0,0.0,116,1,67,0,2,515052,116752,316268,706948,5442,98304,84,84,35,0,0,5,7,5,2,0,1,0,0,0,0,2,559927,0,3,2,11,2332,250092,4917,0,1,22644,17712,1046,1558,66,9,92,0,9,102,102,103,4,5,2086794,201,0,130,5,347452,347410,122,16,0,0,3,557920,334334,6,6,215,28,13,0,0,0,100,740149,301,0,70,1,0,0,3,0,0,3,1,0,0,1
1500.94,1662559308434,5.016580813,1,1.7,35.1,0.0,62.8,0.0,0.0,0.3,116,1,67,0,2,514988,116824,316260,706876,5758,98834,266,266,35,0,0,5,7,5,2,0,1,0,0,0,0,10,493142,0,3,1,11,2063,195813,5304,0,1,23268,18259,5294,5771,1028,227,1056,63,9,108,108,109,2330,805,1770963,205,9,129,44,339824,339765,128,16,9,11,21,491001,322082,11,15,223,23,24,0,11,0,106,600710,340,0,80,1,0,0,23,0,0,23,1,0,0,1
1505.96,1662559315249,5.017003584,1,4.2,36.5,0.0,59.4,0.0,0.0,0.0,116,1,67,0,2,514468,117332,316272,706360,5727,99771,84,84,35,0,0,5,7,5,2,0,1,0,0,0,0,8,528615,0,5,1,11,1545,227115,5533,0,1,22985,17999,5818,6020,1273,297,1304,126,8,104,104,104,2466,943,1953608,203,11,129,44,342908,342852,121,14,11,13,26,526287,325777,14,18,224,23,21,0,13,0,98,656718,321,0,70,1,0,0,29,0,0,29,1,0,0,1
1510.98,1662559322093,5.016737922,1,6.5,26.4,0.0,67.1,0.0,0.0,0.0,114,1,66,0,2,515672,116124,316276,707572,5649,99425,56,56,35,0,0,5,10,5,5,0,2,0,0,0,0,3,541706,0,3,1,19,1120,235903,5032,0,1,22656,17725,1050,1223,66,10,94,0,15,104,104,105,4,5,2017675,203,0,130,5,343622,343579,125,18,0,1,3,539509,330481,6,6,217,28,14,0,0,0,101,696552,308,0,82,1,2,6,3,1,4,7,1,1,0,2
1516,1662559328890,5.017411203,1,20.8,32.3,0.0,46.3,0.0,0.0,0.6,116,1,67,0,2,516168,115592,316312,708100,13839,199000,350,350,35,0,0,4,6,4,2,7,1,0,0,0,0,22,560917,0,14,2,11,3251,242376,6046,0,1,24396,19352,11885,12417,2483,538,2380,567,108,121,121,118,5102,1704,2087578,239,23,138,9,366446,366406,200,16,23,30,42,559900,344497,18,33,390,43,137,5,22,1,109,685374,484,0,123,1,0,0,44,0,0,44,1,0,0,1
1521.02,1662559340711,5.015782322,1,1.0,30.0,0.0,68.3,0.0,0.0,0.7,116,1,67,0,2,515192,116560,316320,707128,5494,99347,84,84,35,0,0,5,7,5,2,0,1,0,0,0,0,5,529792,0,4,1,11,1751,223217,5171,0,1,22688,17747,1044,1198,66,9,91,0,9,104,103,104,7,7,1925794,201,0,129,5,344813,344773,122,16,0,0,4,527666,331653,6,6,216,28,13,0,0,0,100,686011,296,0,68,1,0,0,3,0,1,4,1,0,0,1
1526.04,1662559347521,5.015662124,1,1.4,34.6,0.0,64.1,0.0,0.0,0.0,116,1,67,0,2,514672,117068,316332,706612,5654,98834,294,294,35,0,0,5,7,5,2,0,1,0,0,0,0,8,490712,0,3,1,10,619,190458,5481,0,1,23642,18605,7378,7529,1422,556,1452,189,8,109,109,109,3200,1047,1774881,207,13,129,44,344756,344697,126,13,13,16,29,488585,325142,15,20,224,24,25,0,16,0,105,577640,351,0,81,1,0,0,26,0,0,26,1,0,0,1
1531.06,1662559354371,5.017012538,1,4.5,35.7,0.0,59.8,0.0,0.0,0.0,116,1,67,0,2,513836,117892,316344,705792,5975,100101,56,56,35,0,0,5,16,5,11,2,3,0,0,0,0,4,504183,0,3,2,30,633,193033,5473,2,1,22890,17971,3954,3669,668,92,525,0,27,103,103,104,1310,432,1760002,203,6,130,15,351214,351159,131,19,6,5,15,502095,335658,10,11,218,27,15,0,7,0,101,630760,337,0,96,1,2,7,10,0,0,10,1,3,2,2
1536.08,1662559361614,5.017922038,1,4.7,35.6,0.0,59.3,0.0,0.0,0.3,116,1,67,0,2,515428,116296,316348,707388,6023,99577,84,84,35,0,0,7,9,7,2,6,1,0,0,0,0,4,563998,0,6,1,11,1473,247320,5469,0,1,22772,17825,1538,2000,207,18,233,0,9,105,105,108,249,93,2107496,207,4,130,5,354786,354740,125,15,4,4,7,562064,341170,6,10,223,30,14,0,4,0,101,741790,312,0,76,1,0,0,3,1,6,9,1,0,0,1
1541.1,1662559368426,5.016655734,1,2.2,35.8,0.0,61.6,0.0,0.0,0.3,116,1,67,0,2,514580,117156,316336,706528,5730,99197,266,266,35,0,0,5,7,5,2,6,1,0,0,0,0,13,534257,0,5,2,10,2451,229495,5548,0,1,23631,18599,7885,8382,1573,564,1583,189,8,108,108,109,3460,1149,1970763,205,17,129,44,350074,350006,126,14,17,20,33,532243,329992,15,24,227,24,27,0,20,0,105,651496,355,0,86,1,0,0,31,0,0,31,1,0,0,1
1546.12,1662559375251,5.017024169,1,3.6,38.3,0.0,57.9,0.0,0.0,0.3,116,1,67,0,2,515172,116552,316348,707140,5805,98828,84,84,35,0,0,5,7,5,2,4,1,0,0,0,0,7,522699,0,10,1,11,2892,224269,5457,0,1,23131,18126,6423,6889,1416,431,1436,189,9,105,105,106,2712,1023,1942827,205,15,129,43,341786,341699,127,16,15,17,30,520890,324201,14,22,220,20,19,0,17,0,96,645650,335,0,81,1,0,0,27,0,0,27,1,0,0,1
1551.14,1662559382049,5.017473337,1,2.8,34.7,0.0,62.5,0.0,0.0,0.0,116,1,67,0,2,514364,117380,316328,706316,7653,101833,56,56,35,0,0,5,7,5,2,1,1,0,0,0,0,9,502630,0,14,1,10,3807,197618,5347,0,1,24025,18648,10213,10703,2151,519,2155,378,9,117,117,115,4599,1650,1798166,229,17,130,7,350026,349956,136,15,17,22,33,500390,329415,16,28,248,34,31,5,22,1,104,617765,340,0,74,1,0,0,37,0,0,37,1,0,0,1
1556.16,1662559388822,5.016414607,1,2.7,35.3,0.0,61.7,0.0,0.0,0.3,116,1,67,0,2,514468,117264,316340,706436,5654,98834,294,294,35,0,0,5,7,5,2,0,1,0,0,0,0,10,493140,0,4,1,12,1032,189512,5589,0,1,23587,18558,7386,7683,1427,53,1432,63,9,110,110,110,3207,1039,1798880,207,13,129,44,347852,347806,125,15,13,16,30,491138,328346,15,20,228,24,28,0,16,0,106,592814,347,0,76,1,0,0,28,0,1,29,1,1,1,2
1561.18,1662559395623,5.020152809,1,2.3,38.6,0.0,58.5,0.0,0.0,0.7,116,1,67,0,2,515192,116532,316348,707168,5441,98382,84,84,35,0,0,7,10,7,3,6,2,0,0,0,0,10,516000,0,3,2,15,2986,216534,5576,0,1,23485,18259,6563,6714,1411,187,1438,126,173,102,102,101,2713,1022,1900216,201,15,132,44,343157,343096,224,17,15,17,29,513899,324834,15,23,386,25,133,0,17,0,98,623145,538,0,159,1,2,7,28,1,6,34,1,1,0,2
1566.2,1662559402425,5.015836139,1,2.5,33.1,0.0,64.4,0.0,0.0,0.0,116,1,67,0,2,515096,116628,316348,707068,5650,100651,56,56,35,0,0,5,7,5,2,0,1,0,0,0,0,1,494903,0,3,1,12,2889,193552,4960,0,1,22708,17769,1048,1201,65,9,90,0,9,102,102,103,5,5,1744127,201,0,130,5,339511,339467,122,16,0,0,3,492921,326216,6,6,215,28,13,0,0,0,101,625852,296,0,71,1,0,0,5,0,0,5,1,0,0,1
1571.22,1662559409258,5.015933904,1,1.9,35.9,0.0,62.2,0.0,0.0,0.0,116,1,67,0,2,515524,116160,316388,707516,5787,99186,294,294,35,0,0,5,7,5,2,0,1,0,0,0,0,10,484788,0,5,2,11,2845,191592,5373,0,1,23587,18554,6648,6926,1227,294,1287,63,9,111,111,112,2689,911,1785305,207,10,129,44,337914,337855,125,16,10,14,26,482609,318832,13,18,225,21,26,0,12,0,104,584295,319,0,76,1,0,0,24,0,0,24,1,0,0,1
1576.24,1662559416081,5.015551569,1,2.3,34.4,0.0,63.2,0.0,0.0,0.0,116,2,66,0,2,514640,116980,316452,706676,5649,99425,56,56,35,0,0,5,7,5,2,0,1,0,0,0,0,12,500183,0,3,1,11,628,193996,5393,0,1,23156,18128,5870,6018,1252,423,1287,189,9,103,103,104,2463,931,1787463,203,11,130,44,348434,348381,123,16,11,13,25,498215,331173,14,18,220,24,22,0,13,0,100,585507,333,0,76,1,0,0,26,0,0,26,1,0,0,1
1581.26,1662559422878,5.016382501,1,2.0,39.8,0.0,57.9,0.0,0.0,0.3,116,1,67,0,2,514160,117448,316464,706196,5522,98512,84,84,35,0,0,5,7,5,2,0,1,0,0,0,0,2,506276,0,4,1,9,2886,194473,5051,0,1,22723,17777,1049,1199,65,9,90,0,9,105,105,105,4,5,1800210,205,0,130,5,349649,349603,128,16,0,0,4,504118,336336,6,6,220,28,14,0,0,0,101,629991,295,0,67,1,0,0,3,0,0,3,1,1,1,2
1586.28,1662559430071,5.017543540,1,2.8,26.2,0.0,71.0,0.0,0.0,0.0,115,1,66,0,2,515692,115928,316452,707724,11305,104823,9165,9165,35,0,0,7,16,7,9,0,2,0,0,0,0,13,539558,0,9,1,25,1895,233750,5549,0,1,23451,18460,3295,3601,359,85,472,63,23,154,155,151,980,222,1982114,242,4,130,8,347082,347013,146,17,3,5,10,537382,330947,8,9,260,34,44,7,4,2,142,669207,373,0,91,1,1,6,4,0,0,4,1,1,0,2
1591.29,1662559436850,5.014106026,1,4.1,28.5,0.0,67.1,0.0,0.0,0.3,116,1,67,0,2,515004,116600,316468,707052,8223,107314,84,84,35,0,0,5,7,5,2,1,1,0,0,0,0,19,505960,0,15,1,10,2218,202642,5811,0,1,24026,18964,15148,14786,3347,874,3317,630,9,116,116,112,7059,2548,1852212,227,28,130,47,351912,351859,139,16,28,34,54,505065,328358,22,37,248,27,38,5,34,1,101,602203,377,0,80,1,0,0,58,1,4,62,1,0,0,1
1596.31,1662559444103,5.015221118,1,19.7,29.7,0.0,49.0,0.0,0.0,1.6,116,1,67,0,2,515256,116356,316460,707296,5597,98382,56,56,35,0,0,5,7,5,2,0,1,0,0,0,0,3,498923,0,3,1,11,2902,193052,4930,0,1,22704,17766,1044,1199,65,9,90,0,9,103,103,104,5,5,1824746,203,0,130,5,344745,344703,123,16,0,0,3,497087,331569,6,6,214,28,11,0,0,0,101,632876,296,0,70,1,0,0,3,0,0,3,1,0,0,1
1601.33,1662559450875,5.015759287,1,0.7,29.8,0.0,68.8,0.0,0.0,0.7,116,1,67,0,2,515256,116328,316488,707312,6050,101409,294,294,35,0,0,5,7,5,2,6,1,0,0,0,0,10,508680,0,7,2,10,2873,201176,5300,0,1,23822,18803,5338,5482,780,166,812,0,9,115,115,116,1857,478,1807990,217,10,130,7,350626,350563,130,15,10,12,21,506928,332385,11,17,239,36,24,0,12,0,110,635090,337,0,75,1,0,0,10,0,0,10,1,0,0,1
1606.35,1662559457681,5.015705690,1,4.5,35.5,0.0,59.6,0.0,0.0,0.3,116,1,67,0,2,514988,116584,316500,707064,5234,97261,84,84,35,0,0,5,7,5,2,8,1,0,0,0,0,11,487120,0,3,1,11,1765,184587,5539,0,1,23376,18196,6540,6691,1403,186,1432,63,155,101,101,99,2712,1018,1743646,199,15,131,44,346153,346097,205,16,15,17,29,485519,327885,15,23,379,25,140,0,17,0,96,573935,518,0,142,1,0,0,23,0,0,23,1,1,1,2
1611.37,1662559464427,5.015842245,1,5.2,34.0,0.0,60.2,0.0,0.0,0.6,116,1,67,0,2,514924,116660,316488,706996,6065,108030,84,84,35,0,0,5,7,5,2,0,1,0,0,0,0,10,506676,0,3,1,11,2675,194928,4900,0,1,22654,17706,2064,2296,333,18,254,0,9,104,104,105,600,230,1771766,205,3,130,16,350704,350662,128,16,3,1,9,504641,336601,7,7,221,23,21,0,3,0,101,638301,308,0,72,1,0,0,4,0,0,4,1,0,0,1
1616.39,1662559471700,5.016601717,1,3.7,30.3,0.0,66.0,0.0,0.0,0.0,116,1,67,0,2,515712,115868,316492,707788,6020,99762,84,84,35,0,0,7,16,7,9,0,2,0,0,0,0,6,570075,0,3,1,25,2723,252182,5516,0,1,22961,18037,3347,3615,468,24,507,63,23,106,106,108,888,278,2144276,207,4,129,7,357462,357415,127,18,4,5,12,568078,342418,10,11,227,38,21,0,5,0,103,737121,338,0,88,1,1,6,11,0,2,13,1,1,0,2
1621.41,1662559478485,5.017218109,1,1.6,33.0,0.0,64.7,0.0,0.0,0.7,116,1,67,0,2,515256,116324,316492,707332,5494,99347,56,56,35,0,0,5,7,5,2,0,1,0,0,0,0,6,487591,0,3,1,11,2721,188183,5202,0,1,23048,18049,5849,6345,1266,297,1276,189,9,101,101,101,2462,937,1776766,199,11,130,44,341605,341537,121,16,11,13,25,485507,324370,14,18,218,24,21,0,13,0,98,599290,329,0,76,1,0,0,24,1,4,28,1,0,0,1
1626.43,1662559485328,5.015398117,1,7.1,31.9,0.0,60.6,0.0,0.0,0.4,116,2,66,0,2,514448,117168,316456,706508,7763,101051,84,84,35,0,0,5,7,5,2,0,1,0,0,0,0,19,528122,0,15,1,11,1704,225392,5841,0,1,24090,18665,12935,13129,2933,856,2958,756,9,118,118,115,6138,2293,1960700,229,24,128,46,350147,350069,140,16,24,31,47,526144,327509,20,35,251,29,37,5,31,1,105,638035,371,0,79,0,0,0,55,0,0,55,0,0,0,0
1631.45,1662559492207,5.016577784,1,1.6,33.2,0.0,64.6,0.0,0.0,0.6,116,1,67,0,2,515304,116312,316456,707364,5814,99812,56,56,35,0,0,5,7,5,2,0,1,0,0,0,0,4,490289,0,4,2,10,1721,191575,5252,0,1,22815,17864,1252,1948,80,9,109,0,8,107,107,108,17,5,1800798,211,0,130,7,337587,337545,125,13,0,3,3,488489,324196,6,6,230,35,19,0,0,0,104,611185,303,0,65,1,0,0,5,0,0,5,1,1,1,2
1636.47,1662559499041,5.016865061,1,5.0,33.5,0.0,61.2,0.0,0.0,0.3,116,1,67,0,2,514880,116732,316460,706944,5618,97567,84,84,35,0,0,5,7,5,2,0,1,0,0,0,0,16,546963,0,8,1,11,2437,234594,5234,0,1,22848,17884,5863,6378,1256,108,1287,189,9,103,103,105,2467,912,2029873,201,12,128,44,354504,354450,122,15,11,13,26,545034,337449,14,18,226,24,24,0,13,0,98,685155,336,0,81,1,0,0,25,0,0,25,1,0,0,1
1641.49,1662559505871,5.017965559,1,6.1,31.1,0.0,62.8,0.0,0.0,0.0,116,1,67,0,2,514784,116820,316468,706860,5944,98508,56,56,35,0,0,7,9,7,2,6,1,0,0,0,0,12,498891,0,7,1,11,988,198123,5219,0,1,22888,17882,4261,4747,1005,355,1030,63,9,104,104,108,1841,771,1837686,205,11,129,44,340970,340911,128,15,11,12,20,496897,325054,10,17,226,25,20,0,12,0,99,613643,335,0,82,1,0,0,22,0,2,24,1,0,0,1
1646.51,1662559512664,5.015974261,1,2.9,36.0,0.0,61.1,0.0,0.0,0.0,116,1,67,0,2,514500,117100,316472,706580,5664,97676,84,84,35,0,0,5,9,5,4,0,2,0,0,0,0,1,499135,0,4,1,16,2868,193777,4986,0,1,22715,17788,1241,1391,80,10,107,0,13,107,107,107,5,6,1755233,209,0,130,7,346033,345994,128,18,0,0,4,497233,332677,6,6,228,35,19,0,0,0,103,628549,301,0,79,1,2,6,4,1,4,8,1,1,0,2
1651.63,1662559519413,5.119704641,1,3.0,35.8,0.0,59.9,0.0,0.0,1.3,116,1,67,0,2,514700,116892,316480,706780,5546,98565,84,84,35,0,0,5,7,5,2,0,1,0,0,0,0,12,509092,0,4,1,11,687,194482,5554,0,1,23542,18340,5089,6300,976,44,1191,63,158,103,103,104,1859,680,1852548,201,9,134,33,356626,356561,207,16,9,13,20,507060,339501,14,18,367,30,122,0,10,0,100,613168,502,0,138,1,0,0,26,0,0,26,1,0,0,1
1656.65,1662559526325,5.017526247,1,2.8,42.5,0.0,54.2,0.0,0.0,0.6,116,1,67,0,2,515476,116128,316468,707560,5861,99173,266,266,35,0,0,5,7,5,2,0,1,0,0,0,0,10,491831,0,3,1,11,2876,191480,5387,0,1,23132,18142,5187,5386,1026,353,1054,126,9,107,107,108,2295,795,1790341,201,9,128,43,345484,345434,122,16,9,11,20,489332,327865,11,15,217,19,23,0,11,0,105,600237,322,0,78,1,0,0,22,0,0,22,1,1,1,2
1661.66,1662559533098,5.014931773,1,3.6,30.1,0.0,65.7,0.0,0.0,0.6,114,1,66,0,1,514552,117052,316468,706628,6279,100046,84,84,35,0,0,7,11,7,4,4,2,0,0,0,0,2,517438,0,5,2,18,570,207931,5154,3,1,22940,17960,1277,1428,82,10,107,0,13,111,111,112,9,5,1848001,217,0,131,7,347680,347641,136,18,0,0,4,515523,334282,6,6,237,35,22,0,0,0,107,658634,305,0,83,1,1,0,8,0,2,10,1,1,1,2
1666.67,1662559540376,5.013332265,1,3.7,33.1,0.0,62.2,0.0,0.0,0.9,116,1,67,0,2,514836,116780,316456,706916,14501,217732,350,350,35,0,0,0,3,0,3,1,1,0,0,0,1,13,545218,0,14,0,11,1011,225356,5822,0,0,24079,19214,12270,12292,2649,723,2504,252,10,123,123,119,5564,2068,2026680,235,20,130,46,368120,368077,135,12,20,32,44,544821,345208,19,31,256,29,41,5,24,1,110,646980,371,0,74,1,2,6,48,0,0,40,1,1,0,2
1671.69,1662559553088,5.015960344,1,3.3,31.9,0.0,64.8,0.0,0.0,0.0,116,1,68,0,1,515136,116464,316472,707232,5866,100805,84,84,35,0,0,5,7,5,2,0,1,0,0,0,0,3,501173,0,5,1,11,2895,194604,5198,0,1,22867,17907,1251,1404,79,9,104,0,9,108,108,109,7,5,1750910,211,0,131,7,345045,344998,126,15,0,0,4,499136,331554,6,6,229,35,19,0,0,0,104,630696,307,0,70,1,0,0,7,0,2,9,1,0,0,1
1676.72,1662559560348,5.025938308,1,3.6,30.3,0.0,66.1,0.0,0.0,0.0,116,1,67,0,2,513812,117784,316476,705900,5598,100651,56,56,35,0,0,5,7,5,2,0,1,0,0,0,0,3,545800,0,3,2,10,2938,229578,5267,0,1,23099,18131,3185,3630,457,212,478,0,9,102,102,101,875,258,1985094,201,5,130,5,356902,356854,126,15,4,5,12,543816,341877,10,11,217,29,15,0,5,0,98,688093,325,0,77,1,0,0,10,0,0,10,1,0,0,1
1681.74,1662559567188,5.016634726,1,3.0,31.6,0.0,65.4,0.0,0.0,0.0,115,1,67,0,2,514872,116720,316480,706972,5705,98756,294,294,35,0,0,5,9,5,4,1,2,0,0,0,0,7,502964,0,4,1,16,2888,202336,5347,3,1,23289,18272,5308,5481,1033,353,1057,63,13,109,109,109,2324,797,1816117,205,9,129,44,344068,344009,126,18,9,12,21,500803,326261,11,15,222,23,25,0,11,0,105,601540,355,0,82,1,1,0,24,0,0,24,1,1,1,2
1686.76,1662559574003,5.015813354,1,19.0,35.2,0.0,45.4,0.0,0.0,0.3,115,1,67,0,2,514144,117436,316492,706256,6118,99812,56,56,35,0,0,7,9,7,2,0,1,0,0,0,0,3,521169,0,4,1,10,2095,211928,5103,0,1,22852,17895,1248,1400,80,10,106,0,9,107,107,110,8,5,1895219,211,0,130,7,347266,347220,127,16,0,0,3,519069,333742,6,6,227,37,16,0,0,0,103,662242,296,0,65,1,0,0,6,0,2,8,1,0,0,1
1691.78,1662559580813,5.016443062,1,3.2,36.1,0.0,60.4,0.0,0.0,0.4,115,1,67,0,2,513844,117744,316484,705948,5546,99347,84,84,35,0,0,5,7,5,2,0,1,0,0,0,0,4,521315,0,4,1,10,2908,215013,5348,0,1,23101,18112,3144,3296,459,23,478,0,38,103,103,104,877,258,1884029,201,4,131,5,346282,346226,139,16,4,5,13,519174,331163,11,12,236,29,28,0,5,0,100,663675,340,0,78,1,0,0,9,0,0,9,1,0,0,1
1696.8,1662559587628,5.016918917,1,1.5,36.0,0.0,60.6,0.0,0.0,1.8,115,1,67,0,2,514884,116688,316500,707004,5602,99799,294,294,35,0,0,5,7,5,2,6,1,0,0,0,0,12,496933,0,4,1,10,2929,198804,5423,0,1,23398,18362,5791,5953,1190,424,1219,315,9,108,108,109,2583,892,1783233,202,13,129,44,341194,341130,123,15,13,15,24,495088,322846,11,19,230,23,30,0,15,0,105,603422,336,0,80,1,0,0,22,1,4,26,1,0,0,1
1701.82,1662559594416,5.015571298,1,4.6,34.3,0.0,60.8,0.0,0.0,0.4,115,1,67,0,2,514588,116984,316500,706712,8504,108848,84,84,35,0,0,5,7,5,2,1,1,0,0,0,0,17,503587,0,14,1,12,2389,196599,5689,0,1,24029,18650,11128,10981,2344,530,2213,567,9,121,121,118,4996,1788,1799730,239,19,130,19,352796,352729,139,15,19,22,36,501673,331683,16,28,250,32,30,5,24,1,105,616693,341,0,78,1,0,0,38,0,0,38,1,0,0,1
1706.84,1662559601654,5.015713512,1,3.6,36.2,0.0,59.5,0.0,0.0,0.7,115,1,67,0,2,514760,116796,316516,706896,5390,97261,84,84,35,0,0,5,8,5,3,2,2,0,0,0,0,3,529241,0,4,2,13,1603,218714,5153,2,1,22944,18011,3140,3608,459,149,479,0,11,102,102,103,874,263,1962018,201,4,130,5,349951,349906,128,18,4,5,12,527294,335113,10,11,216,29,14,0,5,0,100,663538,330,0,82,1,1,0,10,0,0,10,1,1,1,2
1711.86,1662559608486,5.016305456,1,5.1,34.2,0.0,60.7,0.0,0.0,0.0,115,1,67,0,2,514656,116896,316520,706792,5884,98310,266,266,35,0,0,7,9,7,2,0,1,0,0,0,0,20,534777,0,4,1,10,2884,230345,5532,0,1,23525,18508,7396,7549,1419,305,1438,252,9,111,111,112,3199,1038,1982887,211,14,128,44,349034,348975,127,16,13,16,29,532877,329470,15,20,233,24,28,0,16,0,108,646947,350,0,78,1,0,0,31,0,2,33,1,0,0,1
1716.88,1662559615277,5.016690058,1,0.9,37.0,0.0,61.7,0.0,0.0,0.3,115,1,67,0,2,515232,116308,316532,707384,5421,98417,84,84,35,0,0,5,7,5,2,0,1,0,0,0,0,7,487677,0,4,2,15,534,187330,5112,0,1,22770,17775,3856,4013,888,157,907,63,9,103,103,103,1601,693,1707638,201,7,129,45,340562,340510,122,16,7,8,17,485700,325048,10,13,221,26,22,0,8,0,99,597912,312,0,77,1,0,0,22,0,0,22,1,0,0,1
1721.9,1662559622107,5.015978261,1,1.6,32.2,0.0,65.8,0.0,0.0,0.3,115,1,67,0,2,514888,116656,316528,707032,5494,99347,56,56,35,0,0,5,14,5,9,0,2,0,0,0,0,3,541673,0,3,1,26,537,236325,5411,0,1,23004,18054,3128,3641,455,23,485,0,22,102,102,103,876,261,2015096,201,4,130,5,345525,345476,126,15,4,5,12,539718,330654,10,11,216,29,14,0,5,0,99,693301,325,0,90,1,1,6,9,0,0,9,1,1,0,2
1726.92,1662559628912,5.016451193,1,4.8,34.0,0.0,61.2,0.0,0.0,0.0,114,1,67,0,2,515004,116528,316540,707164,5672,99901,294,294,35,0,0,5,7,5,2,0,1,0,0,0,0,17,490258,0,6,1,10,2692,193570,5517,0,1,23642,18605,7371,7543,1425,178,1459,189,9,109,109,110,3197,1048,1775700,205,13,129,44,341218,341156,128,15,13,17,30,488451,321734,15,20,230,24,28,0,16,0,104,587227,358,0,81,1,0,0,26,1,4,30,1,1,1,2
1731.94,1662559635719,5.017931824,1,4.1,32.3,0.0,63.6,0.0,0.0,0.0,114,1,67,0,2,514956,116572,316544,707120,5338,98226,84,84,35,0,0,5,7,5,2,0,1,0,0,0,0,8,511545,0,3,1,10,587,207865,5270,0,1,22712,17726,3762,4261,868,157,892,63,8,100,100,101,1602,692,1848841,197,7,133,44,343527,343476,118,13,7,8,16,509489,328093,10,13,215,23,20,0,8,0,98,641811,312,0,73,1,0,0,21,0,0,21,1,0,0,1
1736.96,1662559642492,5.016788779,1,4.9,25.2,0.0,69.6,0.0,0.0,0.3,113,1,66,0,2,514784,116736,316552,706956,5644,99658,56,56,35,0,0,7,9,7,2,0,1,0,0,0,0,5,504750,0,4,2,10,2733,193752,5195,0,1,23066,18103,3135,3277,468,149,464,0,9,104,104,105,879,248,1780383,205,4,131,5,350556,350509,124,16,4,5,12,502577,335457,10,11,221,29,14,0,5,0,100,618760,301,0,67,1,0,0,11,0,2,13,1,0,0,1
1741.97,1662559649246,5.013423519,1,2.7,24.2,0.0,71.9,0.0,0.0,1.2,114,1,67,0,2,514468,117020,316584,706652,15538,214025,1408,1408,35,0,0,0,0,0,0,0,0,0,0,0,1,12,521658,0,27,0,5,3097,205752,5612,0,0,23838,18939,9369,9676,2180,574,2063,315,5,147,147,143,4228,1726,1906713,253,17,131,47,363451,363420,144,12,17,28,34,521338,343256,17,24,278,34,45,27,15,5,121,613504,390,0,64,1,0,0,37,0,0,37,1,0,0,1
1746.99,1662559661916,5.016801472,1,1.6,29.8,0.0,68.5,0.0,0.0,0.0,114,1,67,0,2,514740,116748,316584,706928,5494,99347,56,56,35,0,0,5,14,5,9,0,2,0,0,0,0,2,520111,0,3,1,32,2959,207193,5233,0,1,23052,18096,3126,3269,465,24,482,0,23,102,102,103,878,256,1845231,201,4,131,5,352763,352716,128,18,4,5,12,518286,337889,10,11,216,29,14,0,5,0,100,648051,334,0,102,1,1,6,8,0,0,8,1,2,1,2
1752.01,1662559668693,5.016362011,1,2.5,35.0,0.0,62.5,0.0,0.0,0.0,114,1,67,0,2,514688,116776,316608,706896,5889,99120,294,294,35,0,0,5,7,5,2,0,1,0,0,0,0,11,507183,0,3,2,11,2936,199397,5421,0,1,23398,18356,5293,5453,1038,354,1060,252,9,111,111,111,2334,804,1816249,211,9,130,44,350784,350724,127,16,9,11,20,505075,332930,11,15,229,23,26,0,11,0,108,622128,343,0,78,1,0,0,23,1,4,27,1,0,0,1
1757.03,1662559675515,5.015730780,1,2.3,32.4,0.0,65.0,0.0,0.0,0.3,114,1,67,0,2,514720,116744,316608,706932,5732,98678,84,84,35,0,0,7,11,7,4,1,2,0,0,0,0,5,535585,0,4,1,17,2862,229020,5505,2,1,22821,17815,3787,3946,875,220,896,126,13,102,102,103,1594,684,1985004,199,7,129,44,347650,347601,123,18,7,8,17,533558,332168,10,13,218,23,21,0,8,0,99,673638,329,0,86,1,1,0,22,0,2,24,1,1,1,2
1762.05,1662559682387,5.018741547,1,3.5,34.7,0.0,61.8,0.0,0.0,0.0,114,1,67,0,2,514280,117188,316604,706488,6258,99814,56,56,35,0,0,5,7,5,2,0,1,0,0,0,0,4,544584,0,4,2,11,1457,229258,5270,0,1,23068,18099,3133,3647,454,86,482,0,8,105,105,109,877,263,2001246,207,4,130,5,354805,354747,127,14,4,5,12,542376,339788,10,11,223,31,16,0,5,0,102,699385,301,0,70,1,0,0,8,0,0,8,1,0,0,1
1767.07,1662559689185,5.015961740,1,2.3,31.5,0.0,65.9,0.0,0.0,0.3,114,1,67,0,2,515248,116208,316616,707464,5544,96748,294,294,35,0,0,5,7,5,2,0,1,0,0,0,0,11,489365,0,4,1,10,625,187224,5435,0,1,23147,18224,7353,7514,1429,305,1452,63,9,107,107,109,3196,1041,1787123,201,13,127,44,345822,345757,126,16,13,16,30,487453,326568,15,20,225,24,28,0,16,0,104,587896,339,0,75,1,0,0,28,0,0,28,1,0,0,1
1772.09,1662559696015,5.016311123,1,3.3,30.0,0.0,66.4,0.0,0.0,0.3,114,1,67,0,2,514884,116560,316628,707116,5494,99347,56,56,35,0,0,5,7,5,2,0,1,0,0,0,0,6,482497,0,3,1,10,557,188857,5001,0,1,22771,17780,3766,3926,861,221,883,126,8,102,102,102,1596,680,1723877,199,7,129,44,334535,334482,119,13,7,8,16,480646,319059,10,13,217,23,20,0,8,0,99,592850,304,0,71,1,0,0,20,0,0,20,1,1,1,2
1777.11,1662559702781,5.015747491,1,1.9,31.9,0.0,66.1,0.0,0.0,0.0,114,1,67,0,2,515484,115988,316600,707700,7555,101834,84,84,35,0,0,5,14,5,9,1,2,0,0,0,0,13,492588,0,15,1,32,3856,192995,5447,0,1,24263,18888,12291,12455,2542,979,2569,567,23,118,118,115,5440,1895,1747240,231,21,130,7,349209,349142,138,17,21,27,42,490494,327156,20,33,248,35,31,5,27,1,104,583278,378,0,106,1,1,6,45,0,0,45,1,1,0,2
1782.14,1662559709563,5.032502404,1,3.2,31.2,0.0,65.3,0.0,0.0,0.3,114,1,67,0,2,515012,116440,316620,707244,5741,97050,294,294,35,0,0,5,7,5,2,6,1,0,0,0,0,26,521207,0,4,2,10,3004,214290,5768,0,1,24311,19036,7223,8245,1227,311,1449,126,140,113,113,114,2714,802,1899211,213,14,133,34,353351,353302,205,14,14,24,28,519764,333398,15,24,390,34,150,0,17,0,108,616457,538,0,134,1,0,0,30,1,4,34,1,0,0,1
1787.16,1662559716377,5.016693646,1,2.2,35.3,0.0,61.3,0.0,0.0,1.2,114,1,67,0,2,514720,116736,316616,706948,5972,98717,56,56,35,0,0,7,11,7,3,1,2,0,0,0,0,5,518727,0,6,1,14,595,209056,5443,2,1,22774,17772,3724,3912,857,346,880,63,11,102,102,105,1602,680,1908896,200,7,129,43,349597,349543,127,18,7,8,16,516795,334342,10,13,217,21,18,0,8,0,97,643432,307,0,81,3,5,4,21,1,6,27,1,3,2,4
1792.19,1662559723207,5.026121175,1,9.2,32.0,0.0,58.5,0.0,0.0,0.3,115,2,68,0,1,514948,116504,316620,707184,5494,99347,84,84,35,0,0,7,12,7,5,4,3,0,0,0,0,3,563071,0,4,2,19,2863,250534,5542,3,1,22992,18042,3139,3588,453,86,476,0,15,104,104,105,871,267,2103345,203,5,130,5,352097,352040,126,19,4,5,13,560811,337206,10,11,217,29,14,0,5,0,100,723425,317,0,89,3,3,6,10,1,6,16,1,3,2,3
1797.21,1662559730445,5.016950068,1,8.5,31.8,0.0,59.3,0.0,0.0,0.3,114,1,67,0,2,514624,116824,316624,706864,10888,100720,5277,5277,35,0,0,5,10,5,5,0,2,0,0,0,0,10,530955,0,9,1,17,2905,226997,5477,1,1,23699,18719,5269,5263,782,159,667,126,14,134,134,132,1825,491,1949851,235,6,130,9,346558,346507,143,16,6,8,15,528720,328478,11,13,257,38,35,4,8,0,125,670999,353,0,85,3,3,6,13,1,4,17,1,3,2,3
1802.23,1662559737283,5.015990448,1,3.2,33.3,0.0,63.5,0.0,0.0,0.0,114,1,67,0,2,513956,117484,316632,706196,5286,95175,84,84,35,0,0,7,10,7,3,4,2,0,0,0,0,5,484909,0,4,2,13,1568,188827,5145,2,1,22168,17300,3777,3939,862,409,887,0,11,100,100,101,1596,693,1747896,195,7,126,44,335619,335559,121,17,7,8,17,482771,320443,10,13,214,23,20,0,8,0,96,599182,307,0,80,3,5,4,21,1,6,27,1,3,2,3
1807.25,1662559744103,5.016266335,1,20.9,33.3,0.0,45.2,0.0,0.0,0.6,114,1,67,0,2,514388,117048,316636,706640,5494,99347,56,56,35,0,0,5,10,5,5,0,2,0,0,0,0,3,528742,0,3,1,17,1600,221199,5331,1,1,23009,18049,3121,3571,452,86,469,0,15,103,103,104,873,268,1920000,202,4,130,5,346803,346756,124,17,4,5,12,526483,331871,10,11,213,29,11,0,5,0,100,683442,316,0,82,3,3,6,10,1,4,14,1,3,2,2
1812.27,1662559750976,5.015820720,1,5.1,25.1,0.0,69.8,0.0,0.0,0.0,113,1,66,0,2,514596,116832,316644,706856,6485,100420,294,294,35,0,0,5,8,5,3,0,2,0,0,0,0,2,492097,0,5,2,14,2784,192607,5219,1,1,23363,18386,2774,2926,251,81,281,0,11,116,116,119,741,140,1718100,219,2,131,7,340990,340954,132,18,2,3,8,490013,325279,7,8,237,37,24,0,3,0,111,609177,323,0,77,3,5,4,6,1,4,10,1,3,2,3
1817.28,1662559757792,5.013246776,1,2.9,38.4,0.0,58.6,0.0,0.0,0.0,115,1,67,0,2,514488,116940,316644,706752,13119,201211,168,168,35,0,0,0,3,0,3,1,1,0,0,0,1,12,545505,0,17,0,12,3404,227009,5622,0,0,23847,19026,9793,9973,2006,332,1951,315,11,120,120,116,4007,1501,1996310,235,14,131,7,365286,365253,137,14,14,26,39,545211,345590,18,29,255,35,31,5,18,1,105,668791,360,0,74,3,2,6,35,0,0,31,1,2,1,3
1822.31,1662559770049,5.031121834,1,2.8,29.6,0.0,66.5,0.0,0.0,1.1,116,1,67,0,2,514584,116836,316652,706852,5897,101222,266,266,35,0,0,5,8,5,3,0,2,0,0,0,0,8,510561,0,3,1,13,2590,201103,5544,2,1,23681,18596,4404,5128,585,94,911,63,89,112,112,113,1506,368,1841049,213,7,132,33,351293,351204,172,16,6,9,14,508429,334149,11,15,267,32,35,0,8,0,110,632855,437,0,104,3,3,2,10,1,4,14,1,3,2,3
1827.33,1662559776947,5.016593577,1,2.1,36.6,0.0,61.4,0.0,0.0,0.0,116,1,67,0,2,513756,117652,316664,706028,5518,98406,84,84,35,0,0,5,8,5,3,10,2,0,0,0,0,14,519846,0,6,2,14,671,212774,5261,1,1,23021,17978,4763,5248,1143,110,1166,63,11,104,104,104,2081,858,1875891,203,15,129,44,348039,347968,124,17,15,16,25,517875,331570,10,21,229,23,26,0,16,0,99,645380,333,0,89,3,5,4,20,1,4,24,1,3,2,3
1832.35,1662559783775,5.016407851,1,21.9,34.9,0.0,42.6,0.0,0.0,0.6,116,1,67,0,2,514552,116848,316672,706844,5735,99425,84,84,35,0,0,7,10,7,3,2,2,0,0,0,0,4,486910,0,3,1,14,564,191991,5278,2,1,22985,18041,3147,3602,460,86,482,0,11,103,103,104,878,259,1730267,203,4,130,5,336029,335979,125,17,4,5,13,484830,320982,10,11,218,29,15,0,5,0,101,606644,315,0,85,3,5,4,10,1,6,16,1,3,2,3
1837.37,1662559790564,5.017026178,1,4.7,37.6,0.0,57.8,0.0,0.0,0.0,116,1,67,0,2,514820,116568,316684,707120,6537,100681,266,266,35,0,0,5,10,5,5,0,2,0,0,0,0,8,535774,0,4,2,20,2884,226404,5354,2,1,23367,18390,2796,3288,255,81,275,0,14,115,115,118,742,133,1974179,219,2,130,7,350165,350117,134,15,2,4,7,533602,334364,7,8,236,37,24,0,4,0,111,675794,353,0,84,3,3,6,6,1,4,10,1,3,2,3
1842.39,1662559797401,5.015503587,1,2.5,33.7,0.0,63.5,0.0,0.0,0.3,116,1,67,0,2,515324,116068,316680,707620,5494,98565,84,84,35,0,0,7,10,7,3,2,2,0,0,0,0,6,491921,0,4,1,14,2880,189657,5156,2,1,22707,17727,3779,3947,866,220,888,189,11,101,101,102,1595,680,1757968,195,7,129,43,343012,342956,124,17,7,8,17,489800,327721,10,13,210,19,18,0,8,0,97,603910,315,0,85,3,5,4,21,1,6,27,1,3,2,3
1847.41,1662559804218,5.015776709,1,17.4,34.7,0.0,46.7,0.0,0.0,1.3,116,1,67,0,2,515240,116148,316684,707536,5649,99425,56,56,35,0,0,5,10,5,5,0,2,0,0,0,0,4,500092,0,3,2,19,2924,192579,4956,2,1,22994,18040,3140,3637,457,87,488,0,14,103,103,103,877,258,1765120,203,4,131,5,348200,348155,123,15,4,5,12,498050,333241,10,11,215,29,12,0,5,0,100,616451,308,0,87,3,3,6,11,1,4,15,1,3,2,3
1852.43,1662559811029,5.017433619,1,3.4,41.6,0.0,55.0,0.0,0.0,0.0,116,1,67,0,2,514840,116540,316692,707144,8041,101740,294,294,35,0,0,5,8,5,3,1,2,0,0,0,0,14,538156,0,15,1,14,3860,229445,5777,2,1,24690,19266,11935,12421,2324,594,2364,441,11,128,128,125,5319,1760,1983789,242,19,130,9,356979,356905,145,17,19,25,38,535929,333963,17,30,265,41,40,5,25,1,115,642326,376,0,84,3,5,4,43,1,4,47,1,3,2,3
1857.45,1662559817843,5.015810402,1,1.3,31.0,0.0,67.7,0.0,0.0,0.0,116,1,67,0,2,515672,115700,316700,707992,5338,98226,84,84,35,0,0,7,10,7,3,1,2,0,0,0,0,7,489845,0,3,1,14,2189,191219,5219,2,1,22798,17805,3776,3939,862,94,900,63,11,101,101,101,1603,691,1773245,199,8,129,44,340030,339983,127,17,7,8,16,487950,324635,10,13,215,23,20,0,8,0,97,602113,311,0,83,3,5,4,22,1,6,28,1,3,2,3
1862.47,1662559824683,5.021282955,1,2.7,32.4,0.0,64.8,0.0,0.0,0.0,116,1,67,0,2,515112,116256,316704,707436,5896,99397,84,84,35,0,0,5,10,5,5,0,2,0,0,0,0,5,504209,0,4,1,19,2868,196597,5241,1,1,22900,17952,4195,3961,891,158,648,126,15,100,100,104,1655,632,1775924,197,7,130,16,348596,348545,122,18,7,6,18,502204,332680,11,12,217,26,21,0,8,0,98,628120,311,0,85,3,3,6,11,1,4,15,1,3,2,3
1867.49,1662559831538,5.016438671,1,1.6,33.8,0.0,64.3,0.0,0.0,0.3,116,1,67,0,2,514600,116772,316700,706920,5872,101066,84,84,35,0,0,5,8,5,3,0,2,0,0,0,0,3,567570,0,4,1,14,1094,246538,5172,1,1,22882,17910,1252,1407,81,10,106,0,11,107,107,108,41,5,2118817,209,0,131,7,359029,358985,128,18,0,0,4,565512,345545,6,6,229,35,20,0,0,0,104,735654,312,0,76,3,5,4,4,1,4,8,1,3,2,3
1872.51,1662559838359,5.016881632,1,2.5,34.0,0.0,63.5,0.0,0.0,0.0,117,1,67,0,2,514180,117176,316716,706516,5494,99347,56,56,35,0,0,7,11,7,3,10,2,0,0,0,0,11,496032,0,3,1,14,1580,201950,5379,2,1,22976,17910,4302,4461,1002,228,1029,126,11,101,101,102,1844,774,1835044,199,11,130,44,335049,334980,125,16,11,12,20,493748,318948,10,17,232,23,32,0,12,0,99,609196,320,0,85,3,5,4,24,1,6,30,1,3,2,3
1877.53,1662559845233,5.015132788,1,3.5,37.4,0.0,59.1,0.0,0.0,0.0,117,1,67,0,2,513816,117536,316720,706152,5286,94132,84,84,35,0,0,5,10,5,5,0,2,0,0,0,0,17,502952,0,4,1,19,2718,197555,5236,2,1,22243,17428,5859,6351,1270,297,1280,189,15,99,99,101,2468,933,1772667,193,11,125,44,347269,347213,124,18,11,13,26,500548,330397,14,18,213,24,21,0,13,0,97,605678,338,0,96,3,3,6,26,1,4,30,1,3,2,3
1882.55,1662559852019,5.015665850,1,6.5,28.4,0.0,64.7,0.0,0.0,0.4,117,1,67,0,2,514184,117164,316724,706528,5952,101013,56,56,35,0,0,7,10,7,3,4,2,0,0,0,0,0,511208,0,3,1,11,2884,195231,5048,2,1,23238,18253,3360,3818,470,87,494,63,10,109,109,109,890,257,1801441,215,4,131,7,356019,355967,129,15,4,5,12,509102,340634,10,11,234,36,21,0,5,0,106,624058,318,0,70,3,5,4,12,1,6,18,1,3,2,3
1887.57,1662559858801,5.016731355,1,2.2,30.9,0.0,65.6,0.0,0.0,1.3,116,1,66,0,2,514324,117028,316720,706660,6085,98432,84,84,35,0,0,5,10,5,5,0,2,0,0,0,0,7,497393,0,5,1,21,609,190984,5245,2,1,22792,17793,3790,4256,874,159,898,63,15,105,105,107,1594,679,1802961,205,7,130,44,346532,346479,126,17,7,8,16,495487,331224,10,13,223,25,21,0,8,0,100,608078,317,0,90,3,3,6,19,1,4,23,1,3,2,3
1892.58,1662559865554,5.012224828,1,2.8,26.0,0.0,70.8,0.0,0.0,0.3,117,1,67,0,2,514848,116496,316728,707196,7867,106272,84,84,35,0,0,5,8,5,3,0,2,0,0,0,0,22,514147,0,14,1,14,1752,214481,5537,2,1,22931,18105,14866,14392,3295,1123,3057,756,11,112,112,108,6844,2529,1905026,221,28,123,46,347396,347347,138,18,28,34,53,513651,324852,22,37,243,30,38,5,31,1,99,607549,369,0,85,3,5,4,61,1,4,65,1,3,2,3
1897.6,1662559872846,5.016124734,1,4.2,35.8,0.0,59.7,0.0,0.0,0.3,117,1,67,0,2,515680,115656,316736,708036,5871,98797,84,84,35,0,0,7,10,7,3,4,2,0,0,0,0,6,531411,0,4,2,13,542,224335,5236,2,1,23164,18186,3358,3495,471,150,497,126,10,109,109,109,895,265,1939151,211,4,130,7,347267,347221,127,14,4,5,12,529544,332097,10,11,231,36,21,0,5,0,105,674226,311,0,75,3,5,4,12,1,6,18,1,3,2,3
1902.62,1662559880219,5.016957378,1,3.1,34.0,0.0,62.9,0.0,0.0,0.0,117,1,67,0,2,514552,116788,316732,706900,5540,100390,56,56,35,0,0,5,10,5,5,0,2,0,0,0,0,0,499330,0,3,1,21,2897,193927,5063,2,1,22739,17799,1053,1209,65,9,103,0,15,102,102,104,6,17,1750467,201,0,130,5,343708,343664,128,17,0,0,3,497351,330612,6,6,216,28,13,0,0,0,100,634093,310,0,85,3,3,6,3,1,4,7,1,3,2,3
1907.64,1662559887020,5.015328217,1,2.4,36.6,0.0,60.7,0.0,0.0,0.3,117,1,67,0,2,514584,116744,316744,706948,5803,97919,294,294,35,0,0,5,8,5,3,0,2,0,0,0,0,11,524120,0,5,2,14,2933,219277,5625,2,1,23651,18614,7408,7560,1431,367,1453,126,11,111,111,112,3180,1056,1944107,209,13,129,44,350020,349961,132,17,13,16,30,522118,330403,15,20,230,24,26,0,16,0,107,639973,348,0,83,3,5,4,26,1,4,30,1,3,2,3
1912.66,1662559893799,5.017220274,1,21.1,34.1,0.0,43.5,0.0,0.0,1.3,117,1,67,0,2,514088,117224,316760,706464,6389,99942,84,84,35,0,0,7,10,7,3,1,2,0,0,0,0,4,533267,0,5,1,15,802,224939,5396,2,1,23157,18185,3358,3502,469,212,491,0,11,108,108,111,871,257,1954105,213,5,130,7,348292,348244,130,17,4,5,13,531259,333123,10,11,233,38,21,0,5,0,105,677005,316,0,77,3,5,4,11,1,6,17,1,3,2,3
1917.68,1662559900659,5.016175586,1,4.9,30.1,0.0,64.4,0.0,0.0,0.7,117,1,67,0,2,515184,116120,316768,707568,5598,99608,56,56,35,0,0,5,10,5,5,4,2,0,0,0,0,4,549636,0,3,2,19,721,243848,5446,1,1,23118,17969,1745,1889,221,24,243,0,146,102,102,103,250,113,2042064,201,4,133,5,344861,344818,201,18,4,4,7,547602,330588,8,12,370,29,137,0,5,0,100,708173,469,0,144,3,3,6,4,1,4,8,1,3,2,3
1922.71,1662559907489,5.025448935,1,5.0,30.2,0.0,64.5,0.0,0.0,0.3,117,1,67,0,2,514616,116680,316776,707008,5706,99877,294,294,35,0,0,7,11,7,3,1,2,0,0,0,0,10,485686,0,4,1,15,772,187511,5487,2,1,23303,18293,5421,6301,1062,228,1065,63,11,109,109,110,2338,806,1747466,205,9,129,44,340499,340439,130,18,9,14,21,483210,322706,11,15,224,23,24,0,11,0,106,583757,343,0,92,3,5,4,25,1,6,31,1,3,2,3
1927.73,1662559914379,5.016019369,1,5.9,33.3,0.0,60.1,0.0,0.0,0.6,117,1,67,0,2,514552,116744,316776,706944,8007,101468,56,56,35,0,0,5,10,5,5,0,2,0,0,0,0,10,506587,0,15,2,19,3908,201373,5685,2,1,24568,19140,12521,12682,2537,915,2588,945,14,124,124,121,5476,1895,1815246,244,21,130,9,352906,352835,144,16,21,28,42,504644,330372,20,33,265,42,35,5,27,1,111,593177,362,0,83,3,3,6,48,1,4,52,1,3,2,3
1932.75,1662559921512,5.016650030,1,1.9,34.5,0.0,63.5,0.0,0.0,0.0,117,1,67,0,2,514524,116768,316780,706920,5494,99347,84,84,35,0,0,5,8,5,3,0,2,0,0,0,0,2,544428,0,4,1,14,2871,230453,5248,1,1,22678,17745,1058,1213,65,9,94,0,11,103,103,104,4,13,1984955,201,0,130,5,352765,352721,124,17,0,0,4,542356,339552,6,6,217,28,14,0,0,0,100,706380,305,0,78,3,5,4,3,1,4,7,1,3,2,3
1937.77,1662559928392,5.016336636,1,1.0,32.7,0.0,66.0,0.0,0.0,0.3,117,1,67,0,2,515444,115836,316792,707852,5958,99799,266,266,35,0,0,7,10,7,3,4,2,0,0,0,0,4,491505,0,3,1,14,2916,191978,5205,2,1,23388,18355,5315,5797,1046,228,1058,63,11,108,108,110,2328,803,1795517,204,9,130,44,342264,342210,129,16,9,11,20,489486,324381,11,15,221,25,24,0,11,0,105,585279,351,0,83,3,5,4,23,1,6,29,1,3,2,3
1942.79,1662559935257,5.016377040,1,3.1,33.9,0.0,62.4,0.0,0.0,0.6,117,1,67,0,2,514484,116796,316792,706896,5679,97374,84,84,35,0,0,5,10,5,5,0,2,0,0,0,0,8,535442,0,4,1,18,562,230342,5471,2,1,23082,18075,5950,6435,1256,234,1293,126,14,104,104,105,2476,940,1978196,203,11,133,45,346862,346802,123,15,11,13,26,533503,329659,14,18,222,27,25,0,13,0,101,665902,350,0,90,3,3,6,25,1,4,29,1,3,2,3
1947.81,1662559942070,5.015932864,1,3.9,37.2,0.0,58.9,0.0,0.0,0.0,117,1,67,0,2,514096,117188,316788,706504,5540,99397,56,56,35,0,0,5,8,5,3,0,2,0,0,0,0,0,502645,0,4,1,14,540,192106,4962,2,1,22753,17797,1061,1575,65,9,91,0,11,103,103,104,6,9,1831263,203,0,130,5,348339,348288,125,17,0,0,3,500636,335143,6,6,218,28,13,0,0,0,100,619349,289,0,73,3,5,4,5,1,4,9,1,3,2,3
1952.83,1662559948848,5.015361501,1,2.9,35.9,0.0,60.6,0.0,0.0,0.6,117,1,67,0,2,514388,116892,316792,706800,5636,97791,294,294,35,0,0,7,10,7,3,4,2,0,0,0,0,6,493380,0,4,1,14,2534,190983,5203,2,1,22904,17982,5314,5472,1050,227,1063,63,11,108,108,109,2341,801,1800063,201,9,127,44,344325,344271,128,17,9,11,20,491268,326711,11,15,220,23,24,0,11,0,104,595524,327,0,83,3,5,4,23,1,6,29,1,3,2,3
1957.85,1662559955661,5.015248832,1,3.9,36.6,0.0,59.5,0.0,0.0,0.0,117,2,66,0,2,515192,116076,316804,707616,5629,97635,84,84,35,0,0,5,10,5,5,0,2,0,0,0,0,5,508902,0,4,1,20,2945,200671,5372,2,1,23081,18068,5839,6339,1253,486,1279,126,15,102,102,102,2465,933,1866433,199,11,130,44,351014,350969,123,18,11,13,26,507048,333961,14,18,217,22,21,0,13,0,98,609877,337,0,90,3,3,6,25,1,4,29,1,3,2,3
1962.87,1662559962431,5.015513398,1,3.5,26.5,0.0,69.4,0.0,0.0,0.6,116,1,66,0,2,514352,116920,316800,706772,5804,99503,56,56,35,0,0,7,10,7,3,8,2,0,0,0,0,9,544389,0,3,1,14,2250,230869,5415,2,1,23122,17966,1735,2195,225,25,246,0,137,104,104,105,247,104,2003746,205,5,133,5,352626,352575,198,17,4,4,7,542372,338275,7,11,363,29,123,0,4,0,101,692233,454,0,132,3,5,4,5,1,6,11,1,3,2,3
1967.88,1662559969185,5.013780560,1,13.7,35.1,0.0,50.3,0.0,0.0,0.9,117,1,67,0,2,514600,116648,316824,707040,13499,196131,350,350,35,0,0,0,1,0,1,1,1,0,0,0,1,13,572597,0,15,0,8,2465,249188,5769,0,0,23800,19021,10234,9856,2050,390,1945,378,7,123,123,119,4147,1521,2130423,243,15,131,9,369774,369739,145,14,15,25,35,572270,349642,18,26,263,42,35,5,18,1,109,700534,361,0,75,3,4,4,31,0,0,31,1,2,1,3
1972.9,1662559981204,5.016270939,1,4.1,30.6,0.0,65.0,0.0,0.0,0.3,117,1,67,0,2,514844,116408,316820,707276,5442,99347,84,84,35,0,0,5,8,5,3,0,2,0,0,0,0,1,487808,0,4,1,16,2887,187748,4841,1,1,22621,17701,1053,1211,65,9,97,0,11,102,102,103,6,11,1725328,199,0,130,5,339655,339617,121,16,0,0,4,486289,326570,6,6,214,28,13,0,0,0,99,621450,291,0,77,3,3,2,5,1,4,9,1,3,2,3
1977.92,1662559987986,5.015722854,1,1.8,36.3,0.0,62.0,0.0,0.0,0.0,117,1,67,0,2,514612,116624,316836,707060,5394,94662,294,294,35,0,0,7,11,7,3,1,2,0,0,0,0,14,518942,0,3,1,13,2759,208892,5229,2,1,22509,17718,7392,7891,1419,305,1432,63,11,104,104,105,3188,1048,1898661,197,13,124,44,353425,353365,121,18,13,16,29,516862,334355,14,19,214,24,25,0,16,0,101,623235,337,0,80,3,5,4,29,1,6,35,1,3,2,2
1982.96,1662559994771,5.035073715,1,3.4,32.7,0.0,63.9,0.0,0.0,0.0,117,1,67,0,2,514112,117124,316836,706560,5820,98980,84,84,35,0,0,5,7,5,2,0,1,0,0,0,0,8,498538,0,3,1,11,2950,192194,5174,0,1,22980,18022,4273,4210,908,285,652,126,9,103,103,104,1662,650,1822371,203,7,129,17,348167,348113,127,15,7,7,18,496528,332099,11,12,223,27,23,0,8,0,101,611824,331,0,76,1,0,0,10,0,0,10,1,0,0,1
1987.98,1662560001675,5.015904850,1,4.4,35.9,0.0,59.1,0.0,0.0,0.6,117,1,67,0,2,514452,116772,316848,706916,5948,99658,84,84,35,0,0,5,7,5,2,0,1,0,0,0,0,3,557465,0,5,1,10,2853,242197,5389,0,1,22687,17754,1055,1205,66,10,89,0,8,104,104,107,6,6,2061893,203,0,131,5,353288,353243,121,14,0,0,4,555468,340107,6,6,219,30,13,0,0,0,100,723574,296,0,65,1,0,0,5,0,0,5,1,0,0,1
1993,1662560008480,5.016746022,1,2.4,29.7,0.0,67.9,0.0,0.0,0.0,117,1,67,0,2,515128,116104,316840,707584,5654,97791,266,266,35,0,0,5,7,5,2,0,1,0,0,0,0,6,491439,0,3,2,11,629,188721,5424,0,1,23233,18225,5304,5921,1035,227,1063,0,9,108,108,109,2330,807,1795316,205,9,129,44,345107,345049,124,16,9,14,20,489396,327318,11,15,223,23,24,0,11,0,106,583898,332,0,76,1,0,0,22,0,0,22,1,0,0,1
1998.02,1662560015260,5.017670475,1,0.7,37.2,0.0,62.1,0.0,0.0,0.0,117,1,67,0,2,514336,116876,316860,706812,5628,97452,84,84,35,0,0,5,7,5,2,0,1,0,0,0,0,8,493435,0,4,1,10,614,185943,5254,0,1,23099,18093,5945,6096,1283,423,1298,63,8,105,105,105,2471,935,1792413,205,11,129,45,349185,349156,126,14,11,13,26,491796,331990,14,18,224,27,24,0,13,0,101,592765,333,0,79,1,0,0,27,0,0,27,1,0,0,1
2003.04,1662560022074,5.017459417,1,4.0,28.3,0.0,67.7,0.0,0.0,0.0,117,1,67,0,2,514248,116960,316864,706720,7659,100791,56,56,35,0,0,5,9,5,4,0,2,0,0,0,0,9,495231,0,14,1,16,3882,194964,5490,0,1,24145,18732,10243,10416,2160,461,2171,441,74,117,117,114,4587,1637,1814154,231,17,132,7,345886,345819,176,17,17,22,33,493261,325486,17,29,282,34,44,5,22,1,105,595302,427,0,106,1,2,6,38,1,4,42,1,1,0,2
2008.06,1662560028870,5.016063940,1,6.3,26.9,0.0,66.4,0.0,0.0,0.3,117,1,67,0,2,514388,116800,316884,706876,5602,94814,294,294,35,0,0,7,9,7,2,4,1,0,0,0,0,9,493647,0,7,1,10,2797,190215,5301,0,1,22352,17546,5806,6291,1179,361,1208,126,8,107,107,108,2577,881,1803966,198,13,124,44,345809,345752,119,13,13,15,24,491727,328050,11,19,228,23,30,0,15,0,101,589042,327,0,82,1,0,0,20,0,2,22,1,0,0,1
2013.08,1662560035663,5.023068184,1,3.0,37.8,0.0,58.9,0.0,0.0,0.3,117,1,67,0,2,513712,117472,316888,706208,11601,103866,8983,8983,35,0,0,5,7,5,2,0,1,0,0,0,0,15,488772,0,12,1,13,2870,186901,5510,0,1,23293,18266,6675,6827,1486,303,1503,63,9,151,152,149,2852,1105,1699266,243,12,129,45,345168,345104,143,16,12,14,28,486821,327160,15,19,263,26,44,11,14,2,134,578863,356,0,80,1,0,0,28,0,0,28,1,0,0,1
2018.1,1662560042456,5.016053536,1,2.6,33.9,0.0,63.2,0.0,0.0,0.3,117,1,67,0,2,513760,117432,316880,706248,5442,99347,56,56,35,0,0,5,7,5,2,0,1,0,0,0,0,4,562456,0,3,1,11,2841,250123,5158,0,1,22625,17703,1042,1536,65,9,91,0,9,102,102,103,6,5,2108565,201,1,130,5,350740,350691,126,16,0,0,3,560206,337560,6,6,213,28,13,0,0,0,99,737455,301,0,70,0,0,0,4,0,0,4,0,0,0,0
2023.12,1662560049273,5.022712313,1,3.3,35.4,0.0,60.3,0.0,0.0,1.0,117,1,67,0,2,513852,117340,316880,706340,5757,98834,294,294,35,0,0,5,7,5,2,0,1,0,0,0,0,9,492681,0,4,2,11,2835,195706,5514,0,1,23599,18569,7397,7545,1423,178,1443,189,9,109,109,110,3191,1043,1814242,205,13,129,44,342048,341988,124,16,13,16,30,490637,322457,15,20,228,24,29,0,16,0,106,592595,361,0,76,1,0,0,26,0,0,26,1,0,0,1
2028.14,1662560056072,5.015043554,1,0.0,30.8,0.0,69.2,0.0,0.0,0.0,117,1,67,0,2,514492,116680,316900,707000,5488,98354,56,56,35,0,0,5,9,5,4,0,2,0,0,0,0,19,463595,0,4,1,16,2424,166098,5390,0,1,23127,18113,5866,6019,1267,108,1268,0,13,103,103,104,2464,915,1639903,203,11,129,44,340355,340304,125,17,11,13,25,462103,323159,14,18,223,24,21,0,13,0,100,545951,334,0,84,1,2,6,23,1,4,27,1,1,0,2
2033.15,1662560062941,5.014926035,1,3.2,32.7,0.0,62.8,0.0,0.0,1.3,116,1,67,0,2,514208,116960,316904,706720,5649,99425,84,84,35,0,0,7,9,7,2,0,1,0,0,0,0,0,495819,0,4,1,11,2890,193720,5091,0,1,22705,17756,1055,1551,66,72,91,0,9,104,104,105,4,5,1813135,203,0,130,5,343065,343029,123,15,0,1,3,494024,329865,6,6,218,28,14,0,0,0,101,607853,293,0,67,1,0,0,4,0,2,6,1,0,0,1
2038.18,1662560070036,5.028407828,1,3.2,24.3,0.0,72.2,0.0,0.0,0.4,114,1,66,0,2,514704,116468,316900,707212,6201,100179,294,294,35,0,0,5,7,5,2,0,1,0,0,0,0,6,480380,0,3,1,11,2786,178453,5319,0,1,23920,18859,6445,6838,966,233,1299,189,9,112,112,115,2384,635,1741226,213,10,130,34,346393,346327,132,15,10,15,23,478381,327616,14,19,231,35,22,0,13,0,109,569723,333,0,71,1,0,0,28,0,0,28,1,0,0,1
2043.19,1662560076767,5.012940615,1,1.0,31.6,0.0,67.1,0.0,0.0,0.3,115,2,66,0,2,514556,116612,316904,707072,13673,210832,140,140,35,0,0,0,0,0,0,0,0,0,0,0,1,8,520711,0,14,0,5,3391,203278,5421,0,0,23560,18759,7830,7485,1584,631,1531,126,5,118,118,115,3129,1240,1828586,233,10,131,7,362520,362490,138,13,10,19,27,519688,344610,14,22,250,34,30,5,13,1,106,635417,348,0,65,1,0,0,26,0,0,26,1,0,0,1
2048.21,1662560089105,5.015726610,1,2.8,35.4,0.0,61.2,0.0,0.0,0.6,116,2,66,0,2,515084,116084,316904,707604,5602,98834,294,294,35,0,0,7,13,7,5,7,3,0,0,0,0,15,553998,0,4,1,16,712,241236,6019,2,1,24045,18799,8084,8606,1574,195,1623,63,127,110,110,109,3454,1141,2073747,207,17,132,44,358408,358340,186,16,17,21,34,552087,337613,17,26,363,25,135,0,22,0,105,660093,513,0,132,1,3,6,32,1,6,38,1,3,2,2
2053.23,1662560095937,5.017635998,1,2.5,32.5,0.0,64.6,0.0,0.0,0.3,116,1,67,0,2,515632,115520,316920,708164,5522,98434,84,84,35,0,0,5,10,5,5,0,2,0,0,0,0,5,510100,0,3,1,18,2308,213099,5301,2,1,23094,18087,5877,6016,1264,235,1285,189,15,103,103,102,2467,925,1906209,203,11,129,44,339141,339082,125,17,11,13,26,508195,322049,14,18,220,24,22,0,13,0,99,618405,329,0,82,3,3,6,28,1,4,32,1,3,2,2
2058.25,1662560102744,5.015676251,1,2.7,30.5,0.0,66.8,0.0,0.0,0.0,116,1,67,0,2,514664,116488,316920,707200,5753,99686,56,56,35,0,0,5,7,5,2,0,1,0,0,0,0,4,533251,0,3,1,10,553,222243,5304,0,1,22754,17802,1051,1212,65,9,92,0,8,103,103,105,6,5,1942415,203,0,130,5,349324,349284,125,13,0,1,3,531674,336120,6,6,218,28,15,0,0,0,101,688823,299,0,70,1,0,0,3,0,0,3,1,0,0,1
2063.28,1662560109583,5.025652083,1,2.0,39.7,0.0,57.7,0.0,0.0,0.7,116,1,67,0,2,514476,116680,316916,707008,6255,105627,294,294,35,0,0,5,7,5,2,0,1,0,0,0,0,9,548541,0,4,1,10,581,238333,5739,0,1,23795,18757,6443,6838,957,106,1286,126,8,113,113,113,2397,630,2042008,215,10,130,34,353650,353592,127,14,10,14,24,546516,334941,13,18,234,33,22,0,13,0,109,685644,333,0,68,1,0,0,28,0,0,28,1,0,0,1
2068.3,1662560116817,5.016205419,1,2.3,30.4,0.0,66.3,0.0,0.0,1.0,116,1,67,0,2,514776,116368,316928,707312,5441,94471,56,56,35,0,0,5,7,5,2,0,1,0,0,0,0,11,478720,0,3,2,11,2783,188745,5067,0,1,21908,17155,5846,5993,1263,424,1278,252,9,98,98,99,2470,932,1731742,193,11,124,44,331745,331687,117,16,11,13,25,476456,315069,14,18,210,24,22,0,13,0,95,576070,309,0,74,1,0,0,26,0,0,26,1,0,0,1
2073.32,1662560123677,5.016085135,1,21.0,29.8,0.0,48.5,0.0,0.0,0.6,116,1,68,0,1,514492,116640,316940,707048,5650,100651,84,84,35,0,0,5,7,5,2,0,1,0,0,0,0,2,495038,0,4,1,11,2909,193111,5147,0,1,22744,17793,1018,1495,61,9,86,0,9,101,101,103,4,5,1770377,197,0,130,4,340020,339978,124,16,0,0,4,493032,326849,6,6,210,24,11,0,0,0,98,621577,296,0,67,1,0,0,4,0,0,4,1,0,0,1
2078.34,1662560130507,5.016927551,1,3.3,30.8,0.0,65.9,0.0,0.0,0.0,116,1,67,0,2,515784,115348,316940,708340,8211,102745,266,266,35,0,0,5,8,5,3,1,2,0,0,0,0,19,501873,0,14,1,13,3884,194369,5945,2,1,24905,19488,13953,14117,2714,794,2718,504,11,127,127,125,6204,2011,1783217,243,23,130,8,357458,357374,145,17,23,30,46,499712,332734,21,35,265,39,40,5,30,1,114,574049,393,0,79,1,1,0,48,1,4,52,1,2,2,2
2083.36,1662560137378,5.015275143,1,1.7,32.0,0.0,65.7,0.0,0.0,0.7,115,1,67,0,2,515044,116080,316948,707608,5384,98198,84,84,35,0,0,7,9,7,2,0,1,0,0,0,0,7,518334,0,5,1,11,2920,215259,5477,0,1,23045,18046,5855,6323,1266,298,1286,63,9,102,102,103,2467,935,1917732,199,12,129,44,345758,345701,121,15,11,14,26,516346,328580,14,18,220,24,21,0,13,0,97,626994,361,0,80,1,0,0,27,0,2,29,1,0,0,1
2088.38,1662560144164,5.015076681,1,20.8,33.1,0.0,45.1,0.0,0.0,0.9,115,1,67,0,2,514208,116920,316944,706768,5874,99449,56,56,35,0,0,5,7,5,2,0,1,0,0,0,0,1,539233,0,5,1,10,2859,223388,5095,0,1,22654,17726,1045,1553,66,10,93,0,8,103,103,106,5,5,1957698,203,0,130,5,353691,353646,125,14,0,0,3,537267,340524,6,6,215,30,10,0,0,0,100,689448,293,0,64,1,0,0,3,0,0,3,1,0,0,1
2093.4,1662560150963,5.016864036,1,1.1,39.4,0.0,59.1,0.0,0.0,0.4,115,1,67,0,2,515264,115852,316956,707832,5928,100292,294,294,35,0,0,5,7,5,2,4,1,0,0,0,0,18,554346,0,4,1,10,2732,241865,5649,0,1,23882,18740,5524,5670,787,109,822,0,146,113,113,114,1847,479,2068913,213,10,133,7,355684,355627,209,16,10,12,20,552353,337137,11,17,390,37,144,0,12,0,109,677076,519,0,132,1,0,0,12,0,0,12,1,0,0,1
2098.42,1662560157809,5.016898697,1,1.7,30.9,0.0,67.4,0.0,0.0,0.0,115,1,67,0,2,514460,116620,316992,707044,5702,98875,84,84,35,0,0,5,7,5,2,0,1,0,0,0,0,15,473008,0,6,2,10,2072,176722,5287,0,1,23036,18035,5867,6012,1261,423,1283,189,8,106,106,105,2470,949,1702003,207,11,128,44,338733,338679,123,13,11,13,26,471324,321606,14,18,226,24,22,0,13,0,100,559890,314,0,71,1,0,0,22,0,0,22,1,0,0,1
2103.53,1662560164626,5.113896563,1,5.4,34.2,0.0,60.1,0.0,0.0,0.4,115,1,67,0,2,513888,117168,317016,706496,5778,100753,56,56,35,0,0,5,9,5,4,8,2,0,0,0,0,6,552976,0,5,1,15,2931,238900,5501,0,1,23098,18076,2876,3073,655,89,417,0,13,103,103,105,1018,459,2061809,203,7,132,17,354296,354244,125,18,7,6,13,550900,339105,7,11,224,34,22,0,7,0,100,702549,317,0,79,1,2,6,4,1,4,8,1,2,1,2
2108.55,1662560171610,5.017884000,1,4.2,36.9,0.0,58.6,0.0,0.0,0.3,115,1,67,0,2,513996,117040,317036,706616,5814,99221,189,189,35,0,0,7,9,7,2,0,1,0,0,0,0,1,545770,0,5,1,10,2842,238166,5025,0,1,22704,17777,1247,1436,79,9,105,0,9,108,108,109,42,6,2012440,211,0,129,7,345426,345380,131,16,0,2,4,543750,332099,6,6,231,35,19,0,0,0,103,714462,307,0,72,1,0,0,3,0,2,5,1,0,0,1
2113.57,1662560178437,5.015699094,1,5.0,21.7,0.0,73.0,0.0,0.0,0.4,114,1,66,0,2,514248,116796,317028,706860,5901,97339,56,56,35,0,0,5,7,5,2,0,1,0,0,0,0,10,483893,0,3,1,11,989,189066,5443,0,1,23007,18017,5853,6004,1264,297,1288,252,9,102,102,105,2469,933,1765448,201,11,129,44,338102,338046,122,16,11,13,25,482145,320892,14,18,220,26,22,0,13,0,100,555806,302,0,75,1,0,0,25,0,0,25,1,0,0,1
2118.59,1662560185225,5.020337053,1,2.8,36.1,0.0,60.8,0.0,0.0,0.3,115,1,67,0,2,514016,117036,317020,706632,8858,118940,189,189,35,0,0,5,7,5,2,1,1,0,0,0,0,27,527737,0,14,1,11,2481,214874,5689,0,1,22798,18033,12345,13045,2795,783,2734,567,9,116,116,113,5848,2163,1924011,225,25,123,46,358981,358937,137,15,23,29,43,526667,337281,18,31,244,29,40,5,21,1,103,624635,356,0,78,1,0,0,54,0,0,54,1,0,0,1
2123.61,1662560193288,5.015874093,1,10.1,31.6,0.0,58.3,0.0,0.0,0.0,116,2,68,0,1,513780,117284,317008,706388,5768,99762,84,84,35,0,0,5,7,5,2,0,1,0,0,0,0,3,526452,0,4,1,11,2860,223780,5260,0,1,22863,17901,1248,1404,80,10,105,0,9,108,108,109,5,5,1941713,209,0,130,7,341122,341079,126,16,0,0,4,524458,327617,6,6,229,35,20,0,0,0,104,677240,309,0,69,1,0,0,4,0,0,4,1,0,0,1
2128.63,1662560200388,5.016849474,1,6.3,35.7,0.0,57.7,0.0,0.0,0.3,115,1,67,0,2,508024,117084,322964,700656,5442,99347,56,56,35,0,0,5,9,5,4,0,2,0,0,0,0,4,558316,0,3,2,14,2879,248609,5157,0,1,22932,18003,3127,3270,455,86,490,0,12,102,102,101,874,269,2086357,199,4,130,5,350066,350013,126,16,4,5,12,556187,335132,10,11,216,29,14,0,5,0,99,721213,319,0,80,1,2,6,11,1,4,15,1,2,1,2
2133.65,1662560207235,5.016439344,1,2.4,28.6,0.0,69.0,0.0,0.0,0.0,115,1,67,0,2,509316,115792,322964,701948,5803,97919,294,294,35,0,0,7,9,7,2,0,1,0,0,0,0,14,488838,0,5,1,10,2896,192774,5520,0,1,23596,18571,7394,7856,1433,367,1454,252,9,111,111,112,3184,1045,1756650,209,13,129,44,340789,340727,130,16,13,16,30,486820,321150,15,20,232,24,28,0,16,0,107,572006,363,0,79,1,0,0,30,0,2,32,1,0,0,1
2138.67,1662560214056,5.016594001,1,21.1,34.5,0.0,43.8,0.0,0.0,0.7,115,2,67,0,2,507536,117560,322976,700180,6307,98797,84,84,35,0,0,5,7,5,2,4,1,0,0,0,0,1,553809,0,4,2,10,2959,242050,5544,0,1,23154,18015,1944,2091,235,151,258,0,149,106,106,111,247,102,2060409,209,4,133,7,350953,350908,206,15,4,4,8,551805,336452,7,11,385,38,141,0,4,0,105,701609,500,0,134,1,0,0,4,0,0,4,1,0,0,1
2143.69,1662560220891,5.016458869,1,2.5,36.3,0.0,61.2,0.0,0.0,0.0,115,1,67,0,2,507512,117588,322972,700148,5753,99573,84,84,35,0,0,5,7,5,2,15,1,0,0,0,0,4,547104,0,3,1,11,689,240151,5495,0,1,23148,18164,4914,5046,854,43,884,63,9,103,103,104,1696,528,2036307,203,13,130,5,347689,347629,123,16,12,14,23,545072,331454,12,20,221,31,18,0,14,0,101,695366,317,0,79,1,0,0,13,0,0,13,1,0,0,1
2148.71,1662560227736,5.020909896,1,7.2,36.2,0.0,54.6,0.0,0.0,2.0,115,2,66,0,2,508040,117044,322988,700692,5758,99095,294,294,35,0,0,5,7,5,2,0,1,0,0,0,0,12,501685,0,4,1,11,588,202227,5412,0,1,23581,18555,7379,7531,1431,115,1446,63,9,109,109,111,3187,1054,1818256,205,13,129,44,343517,343453,128,16,13,16,30,499425,323961,15,20,223,24,25,0,16,0,106,608415,334,0,79,1,0,0,28,0,0,28,1,0,0,1
2153.97,1662560234578,5.259471075,1,5.0,32.1,0.0,62.3,0.0,0.0,0.6,116,1,67,0,2,507148,117920,323004,699808,8141,104598,56,56,35,0,0,5,9,5,4,1,2,0,0,0,0,25,518699,0,14,1,16,3834,201066,5994,0,1,25052,19456,11763,12054,2611,915,2360,504,13,125,125,123,5363,2020,1882838,247,20,139,21,365739,365666,147,18,20,24,39,516934,343406,17,29,274,47,45,5,25,1,113,614977,387,0,95,1,2,6,41,1,4,45,1,2,1,2
2158.99,1662560241667,5.016159199,1,1.5,41.5,0.0,57.1,0.0,0.0,0.0,116,1,67,0,2,508048,117020,323004,700716,5488,98354,84,84,35,0,0,7,9,7,2,0,1,0,0,0,0,4,547506,0,5,2,11,2852,236812,5085,0,1,22869,17950,3144,3635,457,86,488,0,9,103,103,104,876,264,2027072,201,4,129,5,350568,350515,122,16,4,5,13,545306,335631,10,11,218,29,14,0,5,0,99,704976,305,0,71,1,0,0,9,0,2,11,1,0,0,1
2164.01,1662560248481,5.015769379,1,2.1,28.3,0.0,69.6,0.0,0.0,0.0,116,1,67,0,2,508300,116772,323000,700964,5750,94662,266,266,35,0,0,5,7,5,2,0,1,0,0,0,0,8,487955,0,3,1,11,2815,192400,5409,0,1,22807,17958,7374,7523,1437,116,1457,63,9,105,105,107,3200,1062,1774698,199,13,125,44,339443,339376,125,16,13,16,29,485800,320284,15,20,218,26,25,0,16,0,102,580849,349,0,77,1,0,0,25,0,0,25,1,0,0,1
2169.03,1662560255268,5.015770546,1,3.1,42.5,0.0,54.3,0.0,0.0,0.0,116,1,67,0,2,507276,117772,323024,699960,6359,100456,1114,1114,35,0,0,7,12,7,5,10,3,0,0,0,0,8,497793,0,18,2,17,2537,192396,5242,2,1,23085,18033,4420,4914,1022,291,1042,63,15,130,130,132,1841,769,1782786,219,11,130,45,346400,346342,135,20,11,12,22,495639,330104,11,18,241,28,28,22,12,4,113,604673,359,0,87,3,3,6,23,1,6,29,1,3,2,3
2174.05,1662560262063,5.016205511,1,2.8,40.0,0.0,56.9,0.0,0.0,0.3,116,1,67,0,2,508744,116304,323024,701424,5494,99347,84,84,35,0,0,5,10,5,5,0,2,0,0,0,0,4,509673,0,3,1,17,534,204791,5255,2,1,22906,17972,3137,3283,453,86,479,0,15,102,102,103,876,268,1809767,201,4,130,5,344609,344557,124,18,4,5,13,507657,329699,10,11,216,29,14,0,5,0,100,649439,304,0,78,3,3,6,10,1,4,14,1,3,2,3
2179.07,1662560268887,5.017429271,1,2.1,28.5,0.0,69.1,0.0,0.0,0.3,116,1,67,0,2,508056,116988,323028,700744,5758,99095,266,266,35,0,0,7,10,7,3,4,2,0,0,0,0,8,491535,0,3,2,14,2932,189849,5541,2,1,23622,18591,7397,7548,1434,368,1456,126,11,109,109,108,3214,1047,1789106,207,13,129,44,346955,346898,127,17,13,16,29,489521,327357,15,20,226,24,25,0,16,0,105,574929,344,0,84,3,5,4,29,1,6,35,1,3,2,3
2184.09,1662560275677,5.017019243,1,1.0,34.4,0.0,63.3,0.0,0.0,1.3,116,1,67,0,2,507592,117444,323036,700288,5754,99718,84,84,35,0,0,5,10,5,5,0,2,0,0,0,0,7,539742,0,5,1,18,3005,236135,5600,1,1,23216,18001,4049,4209,888,418,909,0,172,106,106,106,1602,684,2018294,207,7,133,45,344888,344830,220,18,7,8,17,537490,328643,11,14,385,27,140,0,8,0,100,692610,520,0,146,3,3,6,21,1,4,25,1,3,2,3
2189.11,1662560282527,5.017287751,1,3.7,22.2,0.0,73.7,0.0,0.0,0.3,115,1,66,0,2,507372,117656,323044,700076,5798,99347,56,56,35,0,0,5,8,5,3,0,2,0,0,0,0,4,510214,0,3,2,15,1078,204856,5244,1,1,22691,17757,1062,1218,67,10,91,0,10,102,102,105,4,7,1816444,201,0,130,5,343097,343053,122,16,0,0,3,508107,329912,6,6,216,30,14,0,0,0,99,645947,291,0,76,3,5,4,3,1,4,7,1,3,2,3
2194.12,1662560289306,5.013663382,1,22.7,31.7,0.0,45.0,0.0,0.0,0.6,116,1,67,0,2,509324,115708,323040,702028,13610,198140,350,350,35,0,0,0,3,0,3,0,1,0,0,0,1,10,573489,0,14,0,12,1019,253454,5477,0,0,23742,18908,8271,8122,1705,382,1613,315,11,123,123,120,3344,1294,2153122,243,11,131,9,364683,364651,145,14,11,21,28,572868,346196,14,22,261,41,34,5,13,1,110,734580,364,0,77,3,2,6,36,0,0,36,1,2,1,3
2199.14,1662560300976,5.016150273,1,3.8,31.8,0.0,63.4,0.0,0.0,1.0,116,1,67,0,2,508224,116812,323036,700924,5725,99527,84,84,35,0,0,5,8,5,3,6,2,0,0,0,0,4,541854,0,6,1,12,574,233048,5469,2,1,23091,18123,3619,4121,596,94,609,0,11,103,103,104,1058,317,2018597,201,6,130,5,348920,348865,122,16,5,9,13,539938,333805,9,11,217,29,14,0,5,0,99,688022,324,0,78,3,3,2,9,1,4,13,1,3,2,3
2204.16,1662560307781,5.016491299,1,2.0,29.8,0.0,67.5,0.0,0.0,0.7,116,1,67,0,2,508632,116396,323044,701348,5498,93880,294,294,35,0,0,5,8,5,3,0,2,0,0,0,0,9,480872,0,4,2,14,2775,188941,5174,1,1,22317,17575,7373,7518,1426,304,1445,252,11,104,104,105,3182,1043,1738954,195,13,123,44,338526,338459,122,18,13,16,30,478747,319564,15,20,215,24,25,0,16,0,101,588339,314,0,80,3,5,4,28,1,4,32,1,3,2,3
2209.18,1662560314596,5.015558482,1,5.7,34.6,0.0,59.4,0.0,0.0,0.3,116,1,67,0,2,508056,116968,323048,700776,5762,101898,56,56,35,0,0,7,10,7,3,4,2,0,0,0,0,5,517968,0,4,1,14,819,215623,5173,2,1,22847,17875,2495,2403,470,82,285,63,11,106,106,108,727,328,1873961,209,3,130,18,342155,342108,128,17,3,2,9,515984,327525,7,7,230,37,26,0,3,0,103,666776,313,0,76,3,5,4,6,1,6,12,1,3,2,3
2214.2,1662560321569,5.015549250,1,1.6,31.6,0.0,66.8,0.0,0.0,0.0,116,1,67,0,2,508876,116148,323048,701588,5901,98382,84,84,35,0,0,5,10,5,5,0,2,0,0,0,0,2,491844,0,4,2,17,2885,192877,5132,2,1,22997,18055,3148,3626,460,86,480,0,15,104,104,107,872,260,1744352,203,4,130,5,342263,342215,129,18,4,5,13,489929,327387,10,11,219,31,15,0,5,0,100,621796,318,0,87,3,3,6,9,1,4,13,1,3,2,3
2219.22,1662560328395,5.016468499,1,2.0,34.2,0.0,62.9,0.0,0.0,1.0,116,1,67,0,2,508144,116864,323064,700880,5757,98834,266,266,35,0,0,7,10,7,3,1,2,0,0,0,0,12,521238,0,3,1,13,585,215176,5528,2,1,23659,18615,7409,7566,1412,241,1459,63,10,108,108,110,3198,1055,1913359,204,13,129,44,350336,350271,124,15,13,16,29,519249,330689,15,20,226,24,28,0,16,0,107,625914,356,0,82,3,5,4,32,1,6,38,1,3,2,3
2224.24,1662560335196,5.016469214,1,3.7,38.1,0.0,58.0,0.0,0.0,0.3,116,1,67,0,2,508884,116116,323072,701628,5473,99460,84,84,35,0,0,5,10,5,5,0,2,0,0,0,0,12,476979,0,4,2,18,568,189121,5389,2,1,22840,17836,3859,4338,871,346,897,0,15,103,103,102,1592,696,1758769,201,7,129,45,328938,328883,124,18,7,8,16,475054,313379,10,13,221,26,22,0,8,0,98,576461,311,0,82,3,3,6,21,1,4,25,1,3,2,3
2229.26,1662560342039,5.015432074,1,3.9,30.8,0.0,64.9,0.0,0.0,0.4,117,1,67,0,2,507624,117368,323080,700368,13222,104709,9035,9035,35,0,0,5,8,5,3,6,2,0,0,0,0,23,497765,0,20,1,14,2675,199099,6107,2,1,24886,19292,13688,13848,2877,624,2911,567,108,163,164,156,6071,2143,1785917,267,26,132,9,348234,348161,213,18,26,32,49,495847,324276,21,38,414,40,157,16,33,3,142,567330,518,0,124,3,5,4,45,1,4,49,1,3,2,3
2234.28,1662560348846,5.015464351,1,3.8,35.5,0.0,60.4,0.0,0.0,0.3,117,1,67,0,2,507984,117008,323080,700732,5856,100188,266,266,35,0,0,7,10,7,3,2,2,0,0,0,0,8,485815,0,4,1,13,618,187402,5485,2,1,23307,18294,5325,5484,1035,228,1055,126,11,109,109,110,2327,811,1762609,207,10,129,44,341982,341925,127,17,9,11,20,483677,324169,11,15,226,23,24,0,11,0,106,578680,339,0,80,3,5,4,25,1,6,31,1,3,2,3
2239.3,1662560355684,5.023862958,1,1.5,24.2,0.0,74.0,0.0,0.0,0.4,117,2,66,0,2,508112,116868,323092,700872,5880,99538,84,84,35,0,0,5,10,5,5,0,2,0,0,0,0,11,492385,0,4,1,18,2924,189180,5474,1,1,22878,17867,3858,4367,871,472,889,63,15,104,104,105,1601,691,1793427,203,7,129,45,344443,344388,125,17,7,8,17,490227,328864,10,13,223,28,23,0,8,0,99,591596,329,0,83,3,3,6,19,1,4,23,1,3,2,3
2244.32,1662560362481,5.016582488,1,2.5,33.2,0.0,64.0,0.0,0.0,0.3,117,1,67,0,2,508572,116416,323084,701324,5390,97261,56,56,35,0,0,5,8,5,3,0,2,0,0,0,0,3,492431,0,3,1,15,2894,193136,5073,1,1,22997,18042,3139,3288,457,23,471,0,11,102,102,103,877,257,1722740,201,4,130,5,340044,339993,124,18,4,5,12,490243,325118,10,11,216,29,14,0,5,0,100,610222,306,0,84,3,5,4,9,1,4,13,1,3,2,3
2249.35,1662560369327,5.027663361,1,3.3,33.5,0.0,62.5,0.0,0.0,0.7,117,1,67,0,2,507268,117704,323100,700032,5602,99799,294,294,35,0,0,7,11,7,3,2,2,0,0,0,0,6,497767,0,4,1,13,1067,192193,5194,2,1,23378,18345,5336,5489,1035,416,1049,126,11,108,108,109,2329,789,1820811,203,9,129,44,347913,347859,129,18,9,11,21,495653,330040,11,15,226,23,28,0,11,0,105,582294,333,0,81,3,5,4,23,1,6,29,1,3,2,3
2254.37,1662560376157,5.016321366,1,4.8,30.8,0.0,64.4,0.0,0.0,0.0,117,1,67,0,2,508308,116668,323096,701072,5442,97261,56,56,35,0,0,5,10,5,5,0,2,0,0,0,0,3,514913,0,3,1,16,554,211663,5140,2,1,22774,17783,3780,3940,861,94,891,126,14,102,102,102,1594,692,1878043,201,7,129,44,343414,343359,121,16,7,8,17,512898,327944,10,13,217,23,20,0,8,0,99,644510,318,0,80,3,3,6,21,1,4,25,1,3,2,3
2259.4,1662560382975,5.025032260,1,4.7,32.8,0.0,62.2,0.0,0.0,0.3,117,1,67,0,2,508232,116740,323100,701000,5690,100440,84,84,35,0,0,7,10,7,3,2,2,0,0,0,0,3,499469,0,5,1,14,571,191468,5220,2,1,23049,18089,3153,3299,464,87,475,0,11,105,105,106,879,259,1825463,205,4,130,5,347769,347720,126,17,4,5,12,497439,332898,9,11,221,29,14,0,5,0,100,607926,308,0,80,3,5,4,8,1,6,14,1,3,2,3
2264.42,1662560390157,5.017636949,1,3.7,29.6,0.0,66.3,0.0,0.0,0.3,114,1,66,0,2,507844,117120,323108,700624,6252,98171,266,266,35,0,0,5,10,5,5,0,2,0,0,0,0,9,547603,0,3,1,17,2877,236107,5654,2,1,23604,18628,4803,5031,638,220,668,252,15,113,113,115,1610,373,2039735,215,6,130,6,353884,353838,135,17,6,9,17,545837,336478,11,13,233,35,23,0,8,0,110,679620,348,0,86,3,3,6,12,1,4,16,1,3,2,3
2269.43,1662560396997,5.013381484,1,12.3,31.2,0.0,56.5,0.0,0.0,0.0,117,3,68,0,1,508552,116396,323124,701344,14689,228773,168,168,35,0,0,0,1,0,1,4,1,0,0,0,0,10,563057,0,15,0,8,1148,244703,6004,0,0,24245,19238,10540,10527,2166,655,2020,315,131,121,121,117,4306,1590,2091246,237,18,134,7,365435,365398,210,14,18,29,39,562657,344596,19,30,402,36,141,5,22,1,107,690573,534,0,133,3,4,4,33,0,0,33,1,2,1,3
2274.45,1662560410437,5.015643843,1,3.8,42.9,0.0,52.7,0.0,0.0,0.6,116,1,67,0,2,509116,115832,323124,701900,5921,100281,266,266,35,0,0,7,10,7,3,2,2,0,0,0,0,6,550420,0,5,1,12,548,241153,5557,2,1,23616,18637,4788,4934,633,156,654,63,10,113,113,114,1615,381,2045049,214,6,130,6,351659,351607,130,14,6,8,16,548493,334263,11,13,232,33,22,0,8,0,109,687482,348,0,77,3,3,2,13,1,6,19,1,3,2,3
2279.47,1662560417229,5.019149784,1,4.4,28.1,0.0,66.8,0.0,0.0,0.7,116,1,67,0,2,508356,116592,323124,701144,5488,98354,84,84,35,0,0,5,10,5,5,0,2,0,0,0,0,7,520675,0,5,1,17,565,215461,5342,2,1,22792,17803,3775,4283,880,346,899,63,15,103,103,105,1602,680,1925620,201,7,130,44,345063,345011,128,18,7,8,16,518542,329667,10,13,221,23,20,0,8,0,99,647508,329,0,87,3,3,6,21,1,4,25,1,3,2,3
2284.49,1662560424049,5.021174644,1,18.7,38.4,0.0,42.0,0.0,0.0,0.9,116,1,67,0,2,508516,116428,323128,701308,5960,99449,84,84,35,0,0,5,8,5,3,0,2,0,0,0,0,1,496096,0,3,1,13,558,190299,5241,2,1,22994,18048,3139,3599,458,86,482,0,10,102,102,106,874,259,1811041,201,4,130,5,345632,345580,122,15,4,5,13,493970,330664,10,11,216,31,14,0,5,0,100,601162,313,0,79,3,5,4,8,1,4,12,1,3,2,3
2289.51,1662560430931,5.020026929,1,1.7,31.4,0.0,66.9,0.0,0.0,0.0,116,1,67,0,2,508308,116628,323136,701112,6315,100733,266,266,35,0,0,5,7,5,2,6,1,0,0,0,0,11,541787,0,5,2,11,596,234903,5588,0,1,23751,18748,5340,5807,776,102,800,0,9,115,115,115,1853,468,2023755,217,10,130,7,349597,349539,130,16,10,12,20,539662,331563,11,17,237,36,25,0,12,0,111,665106,351,0,77,1,0,0,12,0,0,12,1,0,0,1
2294.53,1662560437709,5.023494954,1,2.5,26.3,0.0,71.2,0.0,0.0,0.0,116,1,67,0,2,508388,116528,323156,701208,5285,92124,84,84,35,0,0,5,7,5,2,0,1,0,0,0,0,10,489243,0,4,1,11,1418,189567,4993,0,1,21237,16589,3751,4258,870,534,892,189,9,96,96,97,1609,683,1764835,187,8,121,44,338117,338063,120,16,7,8,17,487007,323391,10,13,208,23,21,0,8,0,94,592998,309,0,82,1,0,0,23,0,0,23,1,0,0,1
2300.12,1662560444531,5.588989945,1,3.9,34.2,0.0,61.5,0.0,0.0,0.3,116,1,67,0,2,508608,116300,323164,701436,6273,109073,84,84,35,0,0,5,7,5,2,0,1,0,0,0,0,1,541475,0,4,1,12,3180,213019,5826,0,1,25647,20119,5885,5918,1222,295,1086,0,10,116,116,116,2310,886,1988126,227,10,143,45,378761,378722,137,18,10,7,23,539994,360117,14,17,247,35,24,0,12,0,112,653183,352,0,84,1,0,0,29,0,0,29,1,0,0,1
2305.14,1662560451976,5.016030925,1,1.2,39.5,0.0,58.5,0.0,0.0,0.9,116,2,66,0,2,508044,116840,323188,700880,8031,101518,84,84,35,0,0,5,7,5,2,1,1,0,0,0,0,14,528112,0,16,1,12,1506,222407,5952,0,1,24528,19115,12507,12655,2545,1228,2557,1008,9,123,123,120,5508,1883,1944490,241,21,130,9,353217,353144,146,15,21,27,43,526097,330824,19,32,265,42,37,5,27,1,109,636405,368,0,77,1,0,0,46,0,0,46,1,0,0,1
2310.16,1662560458805,5.015598046,1,2.3,38.4,0.0,58.9,0.0,0.0,0.3,116,1,67,0,2,507512,117364,323196,700356,5798,98565,56,56,35,0,0,6,10,5,3,4,2,0,0,0,0,3,488301,0,3,2,14,2922,190204,5244,3,1,22744,17764,3795,4272,864,284,881,63,11,99,99,103,1599,685,1781324,195,7,129,43,338684,338628,125,17,7,8,16,485980,323343,10,13,210,21,19,0,8,0,96,598141,330,0,83,1,1,0,22,1,4,26,1,2,2,2
2315.18,1662560465577,5.015991253,1,7.1,33.3,0.0,59.6,0.0,0.0,0.0,116,1,67,0,2,508008,116868,323196,700860,5338,98304,84,84,35,0,0,7,9,7,2,6,1,0,0,0,0,6,493174,0,4,1,10,2981,196905,5393,0,1,23111,17906,4463,5095,1027,298,1055,126,159,102,102,100,1839,772,1813249,199,11,132,44,340636,340582,204,14,11,15,21,491232,323982,11,18,380,24,138,0,12,0,97,590092,514,0,137,1,0,0,22,0,2,24,1,0,0,1
2320.2,1662560472367,5.015962119,1,4.4,30.1,0.0,65.4,0.0,0.0,0.0,116,1,67,0,2,508272,116600,323200,701120,5768,99762,56,56,35,0,0,5,7,5,2,0,1,0,0,0,0,3,529644,0,3,2,12,552,220896,5266,0,1,23125,18161,3330,3867,465,149,493,0,9,106,106,107,893,261,1932515,209,4,131,7,348727,348679,126,16,4,5,12,527593,333558,10,11,228,36,20,0,5,0,104,661288,315,0,78,1,0,0,11,0,0,11,1,0,0,1
2325.22,1662560479179,5.016244702,1,2.4,33.9,0.0,63.7,0.0,0.0,0.0,116,1,67,0,2,507740,117132,323200,700596,5597,99425,84,84,35,0,0,5,7,5,2,0,1,0,0,0,0,8,483100,0,4,1,10,910,190043,5160,0,1,22746,17766,3772,3932,862,31,892,63,8,103,103,104,1597,688,1770852,201,7,129,44,333420,333365,124,14,7,8,16,480972,317995,10,13,223,23,24,0,8,0,100,586389,309,0,76,1,0,0,23,0,0,23,1,0,0,1
2330.24,1662560485981,5.015696250,1,5.7,34.4,0.0,59.6,0.0,0.0,0.3,116,1,67,0,2,508024,116844,323204,700888,5546,97522,84,84,35,0,0,5,7,5,2,0,1,0,0,0,0,0,490983,0,4,1,11,592,190365,5399,0,1,22809,17815,3765,4284,868,346,891,63,9,103,103,103,1597,680,1794450,201,8,129,44,341242,341190,125,15,7,8,17,489029,325819,9,12,218,23,20,0,8,0,99,594504,318,0,79,1,0,0,21,0,0,21,1,0,0,1
2335.26,1662560492746,5.017120281,1,1.9,34.1,0.0,64.1,0.0,0.0,0.0,116,1,67,0,2,507504,117360,323208,700372,5768,99762,56,56,35,0,0,5,9,5,4,0,2,0,0,0,0,4,499090,0,3,1,14,1187,191722,5302,0,1,23108,18149,3328,3476,467,86,500,0,12,106,106,107,887,264,1825297,209,4,131,7,347147,347103,126,15,4,5,12,496962,331967,10,11,228,36,20,0,5,0,103,610372,314,0,81,1,2,6,11,1,4,15,1,1,0,2
2340.28,1662560499544,5.016533183,1,2.9,26.8,0.0,70.3,0.0,0.0,0.0,115,2,66,0,2,508204,116668,323200,701064,5390,98304,84,84,35,0,0,7,9,7,2,0,1,0,0,0,0,7,495308,0,4,2,10,1240,190844,5115,0,1,22714,17738,2572,3047,575,85,715,126,9,103,103,101,953,450,1808052,201,4,129,33,343786,343753,122,15,4,7,11,494168,329762,9,12,216,21,13,0,5,0,97,616521,305,0,69,1,0,0,20,0,2,22,1,0,0,1
2345.29,1662560506298,5.013564597,1,4.6,32.2,0.0,62.8,0.0,0.0,0.3,116,1,67,0,2,509032,115836,323204,701904,7911,103460,266,266,35,0,0,5,7,5,2,0,1,0,0,0,0,12,517015,0,15,1,10,3313,215036,5729,0,1,23483,18580,14556,14178,3129,678,3117,441,9,120,120,119,6858,2446,1918119,229,26,125,46,352800,352763,140,15,26,32,48,515792,329529,19,34,252,29,41,5,28,1,108,612847,382,0,80,1,0,0,56,0,0,56,1,0,0,1
2350.31,1662560513502,5.016143981,1,15.2,33.0,0.0,51.4,0.0,0.0,0.3,117,3,68,0,1,508800,116064,323208,701668,5716,98719,84,84,35,0,0,5,7,5,2,0,1,0,0,0,0,1,502139,0,4,2,10,2930,192684,5217,0,1,23141,18169,3338,3779,476,87,496,63,8,108,108,108,884,262,1833871,211,4,131,7,350516,350471,124,14,4,5,13,500206,335327,10,11,229,36,20,0,5,0,104,608497,317,0,74,1,0,0,12,0,0,12,1,0,0,1
2355.33,1662560520480,5.016084014,1,4.7,40.2,0.0,55.1,0.0,0.0,0.0,116,1,67,0,2,507780,117076,323216,700660,5677,98590,56,56,35,0,0,5,7,5,2,0,1,0,0,0,0,1,555713,0,3,1,11,2859,245840,5252,0,1,22531,17629,1049,1201,68,73,91,0,9,103,103,104,5,6,2067172,203,0,130,5,348365,348319,123,16,0,0,3,553689,335236,6,6,217,28,15,0,0,0,101,728099,297,0,71,1,0,0,3,0,0,3,1,0,0,1
2360.35,1662560527360,5.017237212,1,3.9,40.9,0.0,55.2,0.0,0.0,0.0,116,1,67,0,2,507048,117800,323224,699940,5705,98912,294,294,35,0,0,5,9,5,4,0,2,0,0,0,0,11,485038,0,4,1,13,1667,188963,5640,0,1,23673,18446,5474,5639,1053,297,1076,126,159,109,109,109,2314,800,1747302,205,9,133,44,339612,339557,214,18,9,11,21,482941,321082,12,16,368,24,122,0,11,0,105,584294,514,0,143,1,2,6,22,1,4,26,1,1,0,2
2365.37,1662560534214,5.016935893,1,18.6,35.1,0.0,46.3,0.0,0.0,0.0,116,1,67,0,2,507032,117812,323228,699928,5768,99762,56,56,35,0,0,7,9,7,2,0,1,0,0,0,0,2,501599,0,3,1,9,2936,193457,5136,0,1,23155,18178,3328,3828,468,87,493,0,8,106,106,107,876,259,1791193,209,4,135,7,348305,348255,124,13,4,5,13,499691,332988,10,11,225,36,17,0,5,0,104,628514,304,0,71,1,0,0,9,0,2,11,1,0,0,1
2370.39,1662560541034,5.015752080,1,4.9,35.9,0.0,58.8,0.0,0.0,0.4,115,1,67,0,2,507804,117032,323236,700696,5597,97339,84,84,35,0,0,5,7,5,2,0,1,0,0,0,0,4,555128,0,3,1,11,2500,243691,5304,0,1,22564,17655,1043,1213,65,9,92,0,9,103,104,104,4,5,2059424,203,0,130,5,350122,350082,122,15,0,1,3,553320,337033,6,6,216,28,14,0,0,0,100,721487,300,0,68,1,0,0,3,0,0,3,1,0,0,1
2375.41,1662560547838,5.022551893,1,5.1,36.5,0.0,58.4,0.0,0.0,0.0,115,1,67,0,2,507740,117088,323244,700640,5758,100138,294,294,35,0,0,5,7,5,2,0,1,0,0,0,0,8,485822,0,4,1,11,561,186774,5269,0,1,23320,18305,5289,5446,1038,165,1068,63,8,109,109,109,2319,806,1742811,205,9,129,44,341507,341452,126,14,9,11,21,483680,323689,11,15,224,23,24,0,11,0,105,583732,331,0,81,1,0,0,22,0,0,22,1,0,0,1
2380.43,1662560554671,5.015509226,1,8.5,31.0,0.0,59.8,0.0,0.0,0.6,115,1,67,0,2,507560,117260,323252,700476,8002,102283,56,56,35,0,0,5,7,5,2,0,1,0,0,0,0,12,495013,0,17,2,11,1808,199214,5747,0,1,24467,19053,13727,13543,2942,862,2771,819,9,121,121,119,6186,2234,1827275,239,24,129,20,345246,345173,145,16,24,28,48,493022,321668,21,34,267,44,45,5,30,1,108,572816,365,0,79,1,0,0,46,0,0,46,1,0,0,1
2385.45,1662560561607,5.016130034,1,2.1,26.9,0.0,71.0,0.0,0.0,0.0,115,1,67,0,2,507536,117284,323252,700452,5494,99347,84,84,35,0,0,5,9,5,4,0,2,0,0,0,0,6,501723,0,4,1,11,2729,195316,5271,0,1,23021,18060,3127,3631,451,86,479,0,13,103,103,104,870,252,1776991,201,4,131,5,345991,345940,124,18,4,5,13,499641,330931,10,11,217,29,14,0,5,0,100,610734,305,0,68,1,2,6,9,1,4,13,1,2,1,2
2390.47,1662560568399,5.016927505,1,3.6,30.2,0.0,66.2,0.0,0.0,0.0,115,1,67,0,2,507728,117092,323252,700644,6061,97869,266,266,35,0,0,7,10,7,3,2,2,0,0,0,0,11,512280,0,3,1,14,2923,207751,5470,2,1,23302,18277,5327,5485,1041,228,1066,126,11,109,109,112,2336,804,1867202,207,9,129,44,347616,347560,127,17,9,11,20,510277,329758,11,15,227,25,27,0,11,0,106,627855,338,0,84,1,1,0,24,0,2,26,1,1,1,2
2395.49,1662560575238,5.016187489,1,3.6,37.2,0.0,59.2,0.0,0.0,0.0,115,1,67,0,2,508032,116780,323260,700952,5768,98719,84,84,35,0,0,5,7,5,2,0,1,0,0,0,0,14,539805,0,4,1,10,2121,236443,5412,0,1,23126,18121,5932,6472,1261,423,1278,63,9,104,104,106,2464,935,2011166,203,11,129,45,345282,345220,127,15,11,13,25,537809,328009,14,18,224,27,23,0,13,0,101,661984,340,0,80,1,0,0,25,0,0,25,1,0,0,1
2400.51,1662560582082,5.015801689,1,2.9,32.5,0.0,64.6,0.0,0.0,0.0,115,2,66,0,2,507916,116888,323268,700848,5574,99555,84,84,35,0,0,5,7,5,2,0,1,0,0,0,0,3,493527,0,3,1,10,2937,191876,5367,0,1,23029,18078,3126,3272,459,87,476,0,8,104,104,104,879,256,1741404,205,4,130,5,341764,341718,122,14,4,5,13,491570,326690,10,11,220,29,15,0,5,0,101,610849,311,0,70,1,0,0,12,0,0,12,1,0,0,1
2405.53,1662560588892,5.016656659,1,5.7,35.2,0.0,58.7,0.0,0.0,0.4,115,1,67,0,2,507276,117532,323264,700200,5758,99095,266,266,35,0,0,5,7,5,2,0,1,0,0,0,0,10,519487,0,3,1,10,2898,218561,5472,0,1,23293,18258,5324,5446,1050,292,1062,126,56,109,109,109,2331,798,1917971,207,9,130,44,345517,345476,150,16,9,11,20,517401,327681,12,16,251,23,38,0,11,0,106,632003,399,0,93,1,0,0,24,0,0,24,1,0,0,1
2410.55,1662560595730,5.016762626,1,3.9,32.1,0.0,63.0,0.0,0.0,1.0,115,1,67,0,2,507836,116956,323280,700780,5421,98417,84,84,35,0,0,5,9,5,4,4,2,0,0,0,0,5,519440,0,4,2,16,2882,216206,5440,0,1,23143,18133,6437,6921,1402,369,1421,63,13,103,103,104,2709,1024,1913744,199,15,129,45,347385,347327,127,17,15,17,30,517438,329619,14,22,228,27,29,0,17,0,99,640369,348,0,86,1,2,6,24,1,4,28,1,2,1,2
2415.57,1662560602505,5.016683228,1,5.5,26.5,0.0,67.7,0.0,0.0,0.3,114,1,66,0,2,507584,117196,323292,700536,5798,99347,56,56,35,0,0,5,7,5,2,0,1,0,0,0,0,2,491568,0,3,1,10,2898,192256,5131,0,1,23039,18089,3129,3646,457,87,483,0,9,103,103,106,881,251,1738225,203,4,131,5,339142,339094,127,16,4,5,12,489567,324163,10,11,216,31,14,0,5,0,100,601577,315,0,72,1,0,0,10,0,0,10,1,0,0,1
2420.72,1662560609261,5.148303261,1,3.4,32.5,0.0,63.8,0.0,0.0,0.3,115,1,67,0,2,507456,117328,323288,700404,14203,205464,350,350,35,0,0,0,0,0,0,0,0,0,0,0,0,16,540921,0,14,0,5,3358,216853,5908,0,0,24527,19579,11002,10480,2396,590,1877,189,5,120,120,118,4594,1805,1955441,237,18,134,20,371740,371709,140,11,17,23,35,539766,350416,17,22,263,44,44,5,19,1,109,651693,366,0,74,1,0,0,29,0,0,29,1,0,0,1
2425.74,1662560621639,5.019444014,1,2.0,32.8,0.0,64.6,0.0,0.0,0.7,115,1,67,0,2,508104,116664,323304,701072,5494,99347,84,84,35,0,0,5,7,5,2,0,1,0,0,0,0,1,558506,0,4,2,11,2852,241688,5076,0,1,22697,17762,1049,1514,66,9,90,0,8,103,103,104,3,7,2067508,201,0,130,5,355752,355705,120,14,0,0,4,556585,342536,6,6,216,28,13,0,0,0,100,730297,291,0,67,1,0,0,3,0,0,3,1,0,0,1
2430.76,1662560628452,5.015257361,1,4.9,35.2,0.0,59.9,0.0,0.0,0.0,115,1,67,0,2,508336,116428,323308,701308,5544,97791,266,266,35,0,0,5,7,5,2,0,1,0,0,0,0,15,532709,0,3,1,11,2859,229750,5348,0,1,23155,18171,5287,5755,1036,290,1058,189,9,108,108,108,2333,808,1958307,205,9,129,44,346786,346731,124,16,9,11,20,530876,329099,11,15,224,23,24,0,11,0,104,657967,349,0,81,1,0,0,23,0,0,23,1,0,0,1
2435.79,1662560635321,5.026455311,1,5.1,36.7,0.0,58.2,0.0,0.0,0.0,115,1,67,0,2,508356,116404,323312,701328,6020,97676,84,84,35,0,0,5,7,5,2,0,1,0,0,0,0,10,495986,0,4,1,11,1249,197873,5299,0,1,23158,18145,5939,6420,1262,234,1287,63,9,104,104,107,2476,936,1770957,203,11,130,45,340102,340042,127,16,11,13,25,493825,322793,14,18,224,29,23,0,13,0,101,601692,341,0,81,1,0,0,27,1,4,31,1,0,0,1
2440.81,1662560642117,5.016737040,1,30.7,31.9,0.0,37.0,0.0,0.0,0.3,113,1,66,0,2,508100,116656,323316,701072,10350,99514,5095,5095,35,0,0,5,7,5,2,0,1,0,0,0,0,7,500220,0,9,1,11,596,193747,5432,0,1,23067,18115,3541,3623,596,151,490,0,9,124,124,122,1080,385,1742783,223,4,130,7,346392,346331,133,15,4,6,12,497958,330932,10,11,240,31,24,4,5,0,116,624536,327,0,71,1,0,0,11,0,0,11,1,0,0,1
2445.83,1662560648943,5.016793578,1,2.4,33.7,0.0,63.6,0.0,0.0,0.3,114,1,67,0,2,507248,117508,323316,700220,5913,99173,266,266,35,0,0,7,11,7,4,2,2,0,0,0,0,7,534182,0,3,2,16,2871,234668,5378,3,1,23125,18146,5320,5470,1044,228,1061,252,13,108,108,109,2325,796,1985119,205,9,129,44,342487,342430,126,17,9,11,20,531997,324781,10,14,223,23,25,0,11,0,106,672235,336,0,86,3,5,4,24,1,6,30,1,3,2,2
2450.85,1662560655793,5.016763867,1,4.5,31.4,0.0,63.4,0.0,0.0,0.6,114,1,67,0,2,507868,116888,323316,700852,5680,98495,84,84,35,0,0,5,7,5,2,4,1,0,0,0,0,7,520065,0,4,1,11,653,219380,5722,0,1,23542,18306,6614,6767,1427,376,1444,63,164,105,105,105,2715,1018,1930932,205,15,132,45,344107,344069,216,16,15,17,30,518195,325669,15,23,384,28,135,0,17,0,101,627438,534,0,146,1,0,0,26,0,0,26,1,0,0,1
2455.87,1662560662613,5.016297753,1,3.8,34.2,0.0,61.7,0.0,0.0,0.3,114,1,67,0,2,508624,116112,323336,701624,7802,100921,56,56,35,0,0,5,7,5,2,0,1,0,0,0,0,13,489565,0,16,2,11,3114,193610,5617,0,1,24010,18644,10213,10698,2141,584,2175,693,9,118,118,115,4576,1646,1751674,231,17,130,7,341757,341688,141,16,17,22,33,487577,321356,16,28,250,34,30,5,22,1,104,584645,348,0,73,1,0,0,39,0,0,39,1,0,0,1
2460.89,1662560669415,5.015435809,1,2.0,37.3,0.0,59.0,0.0,0.0,1.7,114,1,67,0,2,507616,117128,323328,700608,5550,99877,294,294,35,0,0,5,7,5,2,0,1,0,0,0,0,16,511157,0,4,1,10,1567,208426,5447,0,1,23251,18232,5282,5442,1034,416,1056,63,8,109,109,108,2338,796,1879512,205,9,129,44,345116,345066,122,14,9,11,20,508887,327354,11,15,227,23,27,0,11,0,104,620755,333,0,76,1,0,0,21,0,0,21,1,0,0,1
2465.91,1662560676229,5.015542293,1,5.1,30.2,0.0,64.8,0.0,0.0,0.0,114,1,67,0,2,507788,116932,323352,700800,5182,93089,84,84,35,0,0,5,7,5,2,0,1,0,0,0,0,9,507682,0,3,1,11,2110,208748,5087,0,1,21920,17170,5832,6301,1271,234,1282,63,9,97,97,98,2472,933,1834264,191,11,123,44,340051,339995,117,15,11,13,26,505805,323481,14,18,210,24,21,0,13,0,95,631347,309,0,77,1,0,0,29,0,0,29,1,0,0,1
2470.93,1662560682974,5.015687266,1,5.1,38.5,0.0,55.7,0.0,0.0,0.7,114,1,67,0,2,507932,116780,323360,700952,5674,99710,56,56,35,0,0,5,9,5,4,0,2,0,0,0,0,4,523238,0,5,1,15,512,214817,5112,0,1,22774,17825,1048,1595,65,9,91,0,12,104,104,105,5,9,1895810,205,0,131,5,346813,346771,128,15,0,0,3,521374,333607,5,5,220,28,13,0,0,0,101,667544,299,0,73,1,2,6,3,1,4,7,1,1,0,2
2475.95,1662560690012,5.017083532,1,1.3,37.3,0.0,61.5,0.0,0.0,0.0,114,2,66,0,2,507552,117156,323364,700576,5910,100342,294,294,35,0,0,7,9,7,2,0,1,0,0,0,0,13,546485,0,8,2,11,2158,236390,5418,0,1,23326,18321,4258,4966,574,219,903,126,9,112,112,112,1523,379,2017516,211,6,129,33,351394,351312,127,16,6,9,15,544220,334542,10,14,228,28,19,0,8,0,105,686989,323,0,78,1,0,0,25,0,2,27,1,0,0,1
2480.97,1662560696860,5.016388252,1,4.8,29.8,0.0,65.1,0.0,0.0,0.3,114,1,67,0,2,507820,116888,323364,700840,5442,97522,56,56,35,0,0,5,7,5,2,0,1,0,0,0,0,9,514181,0,3,1,11,982,218955,5452,0,1,22978,17988,5855,6013,1249,298,1272,189,9,102,102,102,2468,935,1908491,197,12,129,43,337166,337107,119,16,11,14,25,512410,320210,14,18,212,20,19,0,14,0,97,629686,331,0,79,1,0,0,26,0,0,26,1,0,0,1
2485.99,1662560703678,5.015992814,1,19.3,30.5,0.0,49.8,0.0,0.0,0.3,115,3,68,0,1,508292,116404,323376,701320,5522,99555,84,84,35,0,0,5,7,5,2,0,1,0,0,0,0,0,493270,0,4,2,11,573,191927,5196,0,1,22760,17815,1053,1529,67,9,90,0,9,106,106,106,7,5,1808571,206,0,130,5,339634,339586,126,14,0,0,4,491350,326457,6,6,220,28,14,0,0,0,101,607243,305,0,68,1,0,0,5,0,0,5,1,0,0,1
2491.01,1662560710546,5.015616385,1,3.7,27.3,0.0,68.7,0.0,0.0,0.3,113,1,66,0,2,507788,116904,323380,700828,6097,99136,266,266,35,0,0,5,7,5,2,0,1,0,0,0,0,7,559489,0,3,1,11,576,248898,5458,0,1,23321,18355,2675,2834,242,142,269,63,9,112,112,114,737,142,2096842,213,2,131,6,351124,351075,132,15,2,3,7,557622,335499,7,8,230,34,21,0,3,0,109,707323,343,0,76,1,0,0,5,0,0,5,1,0,0,1
2496.02,1662560717301,5.013835092,1,1.7,37.8,0.0,60.1,0.0,0.0,0.3,115,1,67,0,2,508104,116584,323384,701152,13251,205405,140,140,35,0,0,0,1,0,1,2,1,0,0,0,0,6,511427,0,14,0,8,3390,199801,5260,2,0,23523,18729,7055,7068,1461,623,1256,441,7,118,118,115,2784,1121,1795605,233,10,131,7,357258,357238,140,14,10,17,19,510906,339402,12,16,248,34,30,5,7,1,105,617268,332,0,71,1,1,0,21,0,0,21,1,2,2,2
2501.04,1662560729388,5.017067329,1,4.2,30.7,0.0,65.0,0.0,0.0,0.0,115,1,68,0,2,507324,117356,323392,700380,5654,97791,294,294,35,0,0,5,13,5,8,0,2,0,0,0,0,9,521584,0,4,1,30,2895,211441,5394,2,1,23387,18359,5315,5468,1032,229,1053,189,21,110,110,110,2335,796,1924677,205,9,130,44,353320,353264,130,17,9,11,20,519738,335518,11,15,228,23,28,0,11,0,106,640518,359,0,103,3,2,4,20,1,4,24,1,3,2,3
2506.06,1662560736213,5.018020004,1,2.1,36.0,0.0,61.6,0.0,0.0,0.3,116,1,67,0,2,508048,116632,323392,701104,5442,98226,84,84,35,0,0,7,11,7,4,4,2,0,0,0,0,14,522918,0,3,2,17,2312,218457,5349,2,1,23105,18095,5874,6017,1260,172,1285,126,13,101,101,101,2463,934,1919920,199,11,130,44,346943,346886,121,15,11,13,26,520931,329771,14,18,216,24,21,0,14,0,98,653784,327,0,81,3,1,0,29,1,6,35,1,2,2,3
2511.09,1662560743009,5.027067293,1,3.4,35.7,0.0,60.5,0.0,0.0,0.3,118,2,66,0,4,508096,116580,323396,701156,6057,99686,56,56,35,0,0,5,10,5,5,0,2,0,0,0,0,3,522217,0,3,1,19,2194,207565,5147,1,1,22810,17841,1067,1527,65,9,91,0,15,104,103,106,3,5,1861905,203,0,131,5,352445,352404,125,17,0,0,3,519981,339133,6,6,217,30,14,0,0,0,101,663375,299,0,78,3,3,6,3,1,4,7,1,3,2,3
2516.11,1662560749969,5.016301684,1,1.7,35.7,0.0,61.4,0.0,0.0,1.2,116,1,67,0,2,507788,116876,323408,700860,5758,100138,294,294,35,0,0,7,11,7,4,1,2,0,0,0,0,16,512437,0,4,2,17,658,206125,5432,2,1,23488,18445,4262,5019,594,93,903,189,13,110,110,110,1531,404,1824998,207,6,130,33,348012,347945,131,18,6,9,15,510182,331092,10,14,222,28,17,0,8,0,106,641440,345,0,88,3,5,4,23,1,6,29,1,3,2,3
2521.13,1662560756791,5.015209375,1,2.2,32.2,0.0,65.0,0.0,0.0,0.6,116,1,67,0,2,508276,116384,323412,701352,5532,92202,56,56,35,0,0,5,10,5,5,0,2,0,0,0,0,13,491688,0,4,1,21,2753,193913,5153,2,1,21743,17035,5858,6012,1259,108,1282,63,14,98,98,101,2471,931,1758236,193,11,123,44,339532,339472,118,16,11,13,25,489769,323033,14,18,214,24,23,0,13,0,96,582740,335,0,87,3,3,6,28,1,4,32,1,3,2,3
2526.15,1662560763575,5.015838561,1,13.2,30.7,0.0,56.1,0.0,0.0,0.0,117,3,68,0,1,508048,116596,323428,701140,5470,97469,84,84,35,0,0,5,8,5,3,0,2,0,0,0,0,0,504190,0,4,2,18,2929,193900,5211,1,1,22635,17706,1056,1579,67,9,91,0,11,105,105,105,5,14,1748616,205,0,130,5,349390,349349,126,17,0,0,4,502242,336239,6,6,220,28,14,0,0,0,101,626924,306,0,78,3,5,4,3,1,4,7,1,3,2,3
2531.17,1662560770507,5.016271447,1,4.1,31.3,0.0,64.2,0.0,0.0,0.3,116,1,67,0,2,508284,116356,323432,701380,8004,101677,266,266,35,0,0,7,10,7,3,3,2,0,0,0,0,12,498853,0,15,1,14,3844,193760,5589,2,1,24706,19283,11866,12034,2326,405,2332,378,11,128,128,124,5306,1764,1783100,245,19,130,8,355265,355222,149,18,19,25,38,496997,332372,17,30,262,38,38,5,25,1,112,611272,383,0,87,3,5,4,39,1,6,45,1,3,2,3
2536.19,1662560777295,5.015930433,1,3.9,33.5,0.0,62.0,0.0,0.0,0.6,116,1,67,0,2,507188,117452,323432,700276,5953,98460,84,84,35,0,0,5,10,5,5,0,2,0,0,0,0,12,506898,0,4,2,20,2916,205327,5372,2,1,23075,18067,5896,6371,1255,172,1279,189,15,105,105,106,2472,935,1836745,205,11,129,44,344982,344924,126,18,11,13,25,505117,327896,14,18,223,26,22,0,13,0,100,617028,334,0,93,3,3,6,27,1,4,31,1,3,2,3
2541.21,1662560784083,5.015433118,1,23.8,34.9,0.0,41.0,0.0,0.0,0.3,116,1,67,0,2,507292,117328,323452,700400,5528,99347,84,84,35,0,0,5,8,5,3,6,2,0,0,0,0,4,519547,0,4,1,16,2900,207435,5119,2,1,22814,17855,1560,2058,210,17,234,0,11,104,104,104,247,100,1852107,203,4,130,5,351986,351933,124,18,4,4,8,518085,338300,6,10,224,27,19,0,4,0,100,658180,305,0,81,3,5,4,3,1,4,7,1,3,2,2
2546.23,1662560790864,5.015654182,1,2.6,31.9,0.0,64.5,0.0,0.0,1.0,116,1,67,0,2,507732,116884,323456,700844,5921,99238,266,266,35,0,0,7,10,7,3,2,2,0,0,0,0,3,551629,0,5,1,14,2871,240643,5359,2,1,23128,18195,2698,3163,245,17,269,0,11,112,112,114,741,132,2042278,212,2,129,6,351852,351807,129,17,2,3,7,549631,336283,7,8,229,32,21,0,3,0,109,704838,313,0,77,3,5,4,6,1,6,12,1,3,2,3
2551.25,1662560797729,5.015093222,1,3.9,36.5,0.0,59.6,0.0,0.0,0.0,116,1,67,0,2,507544,117068,323460,700664,5442,97261,84,84,35,0,0,5,10,5,5,0,2,0,0,0,0,11,521444,0,4,1,22,2899,219970,5432,2,1,22974,17992,5869,6353,1260,171,1271,63,15,102,102,103,2465,921,1903957,199,12,129,44,343637,343576,127,17,11,13,26,519480,326508,14,18,219,24,21,0,13,0,98,658717,340,0,94,3,3,6,28,1,4,32,1,3,2,3
2556.27,1662560804518,5.016048706,1,15.0,39.0,0.0,45.9,0.0,0.0,0.0,116,1,67,0,2,507640,116964,323468,700764,5442,99347,56,56,35,0,0,5,8,5,3,0,2,0,0,0,0,2,538703,0,3,1,14,2846,234594,5156,2,1,22602,17685,1123,1207,74,74,92,0,11,102,102,103,37,5,1983032,201,0,129,5,344202,344149,124,18,0,0,6,536663,331019,6,6,210,28,10,0,1,0,99,705652,305,0,75,3,5,4,3,1,4,7,1,3,2,3
2561.29,1662560811362,5.016757787,1,4.7,38.0,0.0,57.0,0.0,0.0,0.3,116,1,67,0,2,507496,117104,323472,700616,6050,99401,294,294,35,0,0,7,10,7,3,10,2,0,0,0,0,6,540937,0,7,1,14,2879,229226,5435,2,1,23362,18388,3271,3794,388,151,414,0,11,116,116,116,995,222,1980979,219,6,130,7,352964,352935,133,18,6,7,11,538976,336768,7,12,238,35,23,0,7,0,110,682182,340,0,84,3,5,4,8,1,6,14,1,3,2,3
2566.31,1662560818241,5.016512552,1,2.3,31.0,0.0,66.7,0.0,0.0,0.0,115,1,66,0,2,507828,116772,323472,700952,5442,98226,84,84,35,0,0,5,10,5,5,0,2,0,0,0,0,8,523131,0,3,1,19,549,225913,5371,1,1,23040,18050,5865,6330,1250,423,1276,315,14,101,101,101,2472,925,1954645,199,11,129,44,339222,339165,124,16,11,13,26,521227,322074,14,18,216,24,21,0,13,0,98,657374,347,0,87,3,3,6,28,1,4,32,1,3,2,2
2571.32,1662560825005,5.012488719,1,4.6,40.6,0.0,54.8,0.0,0.0,0.0,116,1,67,0,2,508048,116548,323476,701180,12769,189408,350,350,35,0,0,0,3,0,3,1,1,0,0,0,0,23,500278,0,15,0,13,1089,200791,5809,0,0,24550,19607,16210,15721,3417,880,3210,630,11,126,126,122,7476,2600,1813703,239,30,131,46,351271,351216,138,14,30,37,57,499487,325677,23,39,263,30,45,5,32,1,112,581137,379,0,77,3,2,6,60,0,0,60,1,2,1,3
2576.34,1662560836248,5.015417519,1,2.5,36.5,0.0,61.1,0.0,0.0,0.0,116,1,67,0,2,507340,117244,323488,700488,5442,97261,84,84,35,0,0,5,8,5,3,0,2,0,0,0,0,8,503960,0,3,1,13,906,201099,5308,2,1,23100,18086,5870,6327,1264,171,1287,63,11,102,102,102,2471,927,1796456,201,11,133,44,345036,344989,121,15,11,13,26,502131,327831,14,18,218,24,21,0,13,0,99,600529,332,0,78,3,3,2,26,1,4,30,1,3,2,3
2581.36,1662560843072,5.017563774,1,3.8,29.6,0.0,66.7,0.0,0.0,0.0,116,1,67,0,2,508008,116580,323484,701148,5546,98565,56,56,35,0,0,5,8,5,3,6,2,0,0,0,0,4,537626,0,3,1,14,3057,227695,5365,1,1,23013,17887,1721,2182,216,23,241,0,142,102,102,103,247,101,1963896,201,4,132,5,350455,350410,200,13,4,4,7,535603,336217,7,11,360,29,116,0,4,0,99,681962,469,0,135,3,5,4,3,1,4,7,1,3,2,3
2586.39,1662560850249,5.028963908,1,3.8,31.5,0.0,64.0,0.0,0.0,0.6,116,1,67,0,2,507260,117324,323488,700408,6113,99955,294,294,35,0,0,5,11,5,6,2,2,0,0,0,0,6,509711,0,3,1,23,2898,207199,5339,2,1,23467,18502,4694,4858,623,31,651,126,17,110,110,113,1605,385,1838430,207,6,130,5,347436,347381,127,18,6,8,17,507621,330179,11,13,222,31,19,0,8,0,107,628700,344,0,87,3,2,4,13,1,4,17,1,3,2,2
2591.41,1662560857098,5.019286307,1,4.6,34.8,0.0,60.3,0.0,0.0,0.3,116,1,67,0,2,507732,116844,323496,700880,5540,97311,56,56,35,0,0,7,9,7,2,0,1,0,0,0,0,6,508337,0,4,2,10,2888,207956,5458,0,1,23052,18055,5873,6018,1264,172,1280,189,9,103,103,103,2475,930,1848174,203,11,129,44,343174,343130,122,16,11,13,25,506342,325975,14,18,221,24,21,0,13,0,99,613639,326,0,74,1,0,0,25,1,6,31,1,0,0,1
2596.43,1662560863891,5.016103909,1,21.5,29.5,0.0,47.1,0.0,0.0,1.9,116,1,67,0,2,508736,115816,323520,701904,5649,99538,84,84,35,0,0,5,10,5,5,0,2,0,0,0,0,0,488862,0,4,1,19,2893,191503,4879,2,1,22635,17714,1055,1534,66,10,91,63,14,104,103,105,5,6,1787392,201,1,130,5,339045,339005,126,16,0,0,4,487017,325921,6,6,210,24,12,0,0,0,99,601883,307,0,81,3,3,6,3,1,4,7,1,3,2,3
2601.45,1662560870678,5.015824350,1,2.8,33.1,0.0,63.4,0.0,0.0,0.6,116,1,67,0,2,508016,116532,323524,701196,6155,100335,266,266,35,0,0,7,10,7,3,2,2,0,0,0,0,11,532653,0,3,2,14,2849,220646,5593,2,1,23581,18611,4790,5304,637,31,660,63,11,112,112,113,1610,394,1929152,213,6,130,6,354633,354583,134,18,6,8,16,530609,337210,11,13,231,33,23,0,8,0,110,680950,334,0,84,3,5,4,12,1,6,18,1,3,2,3
2606.47,1662560877464,5.015602238,1,5.8,27.3,0.0,65.9,0.0,0.0,1.0,116,1,67,0,2,508260,116300,323512,701432,7555,99752,84,84,35,0,0,5,10,5,5,1,2,0,0,0,0,17,485394,0,15,1,19,1544,198541,5776,2,1,24432,18982,15035,15535,3308,809,3323,630,14,117,117,114,7031,2541,1809799,229,28,129,46,337653,337579,136,15,28,35,55,483540,313282,24,40,252,30,38,5,35,1,104,563250,379,0,92,3,3,6,59,1,4,63,1,3,2,3
2611.49,1662560884308,5.016318766,1,19.6,34.2,0.0,45.0,0.0,0.0,1.2,116,1,67,0,2,508164,116396,323512,701336,6033,99633,84,84,35,0,0,5,7,5,2,0,1,0,0,0,0,5,518564,0,3,2,11,2930,206608,5018,0,1,22750,17795,1054,1206,66,9,91,0,9,105,105,107,7,5,1829857,207,0,130,5,350827,350787,125,15,0,0,4,516886,337651,6,6,218,30,12,0,0,0,101,659134,298,0,70,1,0,0,4,0,0,4,1,0,0,1
2616.51,1662560891150,5.016275715,1,0.6,40.7,0.0,58.8,0.0,0.0,0.0,116,1,67,0,2,507472,117072,323528,700656,5928,99249,266,266,35,0,0,5,7,5,2,0,1,0,0,0,0,3,559798,0,3,1,11,2905,250527,5516,0,1,23316,18356,2767,2925,251,79,280,63,9,113,113,114,744,138,2084215,213,2,130,7,350185,350142,132,16,2,3,7,557859,334456,7,8,231,35,23,0,3,0,111,718674,340,0,77,1,0,0,7,0,0,7,1,0,0,1
2621.53,1662560897948,5.020777365,1,6.5,27.7,0.0,65.8,0.0,0.0,0.0,116,1,67,0,2,507456,117088,323528,700640,5644,98615,84,84,35,0,0,5,7,5,2,0,1,0,0,0,0,11,500704,0,5,1,11,716,202423,5297,0,1,23085,18072,5860,6011,1270,423,1281,252,9,104,104,104,2475,923,1838150,203,11,129,44,341017,340962,123,16,11,13,26,498552,323877,14,18,223,24,21,0,13,0,99,600346,331,0,79,1,0,0,28,0,0,28,1,0,0,1
2626.86,1662560904786,5.325981937,1,2.2,37.5,0.0,59.7,0.0,0.0,0.6,116,1,67,0,2,507756,116744,323572,700968,5754,104823,56,56,35,0,0,5,7,5,2,0,1,0,0,0,0,5,522265,0,3,1,11,789,201781,5851,0,1,24393,18973,2633,2851,599,278,284,0,127,109,109,108,855,451,1906359,215,3,140,25,362812,362769,197,16,3,2,9,520221,346874,9,9,366,35,119,0,4,0,104,628101,491,0,121,1,0,0,8,0,0,8,1,0,0,1
2631.88,1662560911970,5.016413020,1,2.7,31.4,0.0,65.9,0.0,0.0,0.0,116,1,67,0,2,508348,116132,323592,701580,5976,100475,189,189,35,0,0,6,10,5,3,4,2,0,0,0,0,1,496509,0,4,2,14,2886,194117,4994,3,1,22870,17910,1273,1805,80,9,107,0,11,108,108,109,38,5,1755453,209,0,130,7,342992,342947,132,17,0,1,4,494545,329500,6,6,229,35,20,0,0,0,104,611501,310,0,75,1,1,0,6,1,4,10,1,2,2,2
2636.9,1662560918791,5.016928245,1,2.1,36.7,0.0,60.9,0.0,0.0,0.3,116,1,67,0,2,507796,116676,323600,701032,5694,99347,56,56,35,0,0,7,9,7,2,0,1,0,0,0,0,10,540278,0,3,1,11,1699,234700,5417,0,1,23071,18069,5869,6369,1251,173,1283,315,9,102,101,103,2466,937,2009353,199,11,129,44,348681,348628,121,16,11,13,25,538380,331492,14,18,218,26,21,0,13,0,98,682359,324,0,80,1,0,0,27,0,2,29,1,0,0,1
2641.92,1662560925584,5.016240824,1,6.1,34.7,0.0,59.0,0.0,0.0,0.3,115,1,66,0,2,507024,117436,323612,700272,5390,97183,84,84,35,0,0,5,7,5,2,0,1,0,0,0,0,9,491919,0,4,2,11,2525,194535,5194,0,1,22659,17690,3766,4279,870,221,897,63,9,101,101,103,1602,688,1749739,197,7,129,44,338450,338402,120,16,7,8,16,490108,323043,10,13,216,23,20,0,8,0,99,605183,315,0,75,1,0,0,21,0,0,21,1,0,0,1
2646.93,1662560932327,5.012882561,1,3.4,32.0,0.0,63.7,0.0,0.0,0.9,116,1,67,0,2,507576,116892,323604,700824,14623,223760,168,168,35,0,0,0,0,0,0,1,0,0,0,0,0,11,511901,0,14,0,5,3389,197274,5594,0,0,23867,19006,12764,12558,2848,919,2701,819,5,116,116,113,5724,2184,1868150,229,22,130,46,364155,364114,132,12,22,33,48,511473,341906,22,32,251,30,38,5,26,1,104,607184,364,0,69,1,0,0,52,0,0,52,1,0,0,1
2651.95,1662560945358,5.015018865,1,6.2,36.3,0.0,56.9,0.0,0.0,0.6,116,2,66,0,2,507536,116936,323600,700776,5650,98614,84,84,35,0,0,5,9,5,4,6,2,0,0,0,0,8,542010,0,6,1,17,2864,231220,5120,0,1,22946,17928,4263,4788,1009,102,1035,63,13,106,106,107,1844,768,1993176,207,11,130,44,352552,352496,131,18,11,12,20,540043,336561,10,17,227,23,21,0,12,0,101,689640,340,0,88,1,2,6,20,1,4,24,1,2,1,2
2656.97,1662560952200,5.016524498,1,2.4,34.8,0.0,61.0,0.0,0.0,1.7,116,1,67,0,2,507844,116616,323612,701100,6684,104114,4077,4077,35,0,0,7,11,7,4,1,2,0,0,0,0,9,511404,0,6,1,17,1540,210263,5344,3,1,22938,17951,2370,2635,316,21,476,0,13,136,137,135,826,182,1877333,231,3,130,7,339854,339797,140,18,3,4,10,509607,325978,8,9,252,37,36,7,4,2,128,649931,327,0,67,0,0,0,7,0,2,9,0,0,0,0
2661.99,1662560959002,5.016541654,1,2.7,31.6,0.0,65.6,0.0,0.0,0.0,116,1,67,0,2,507340,117116,323616,700600,5874,98667,56,56,35,0,0,5,7,5,2,0,1,0,0,0,0,10,480672,0,5,1,11,2589,187454,5337,0,1,22912,17941,5852,6355,1261,360,1286,189,9,101,101,102,2469,927,1768757,199,11,129,44,335008,334949,121,16,11,13,25,478654,317944,14,18,219,24,21,0,13,0,98,577331,323,0,74,1,0,0,24,0,0,24,1,0,0,1
2667.01,1662560965805,5.016036835,1,5.8,36.3,0.0,57.9,0.0,0.0,0.0,116,1,67,0,2,507088,117364,323620,700352,5597,98382,84,84,35,0,0,5,7,5,2,0,1,0,0,0,0,8,491361,0,4,1,10,1081,191091,5271,0,1,22829,17829,3769,3932,865,157,892,126,8,104,104,105,1597,686,1741157,202,8,130,44,340414,340360,125,14,7,8,17,489340,324971,10,13,222,23,21,0,8,0,100,603578,308,0,73,1,0,0,21,0,0,21,1,0,0,1
2672.03,1662560972601,5.016185136,1,5.8,29.4,0.0,64.5,0.0,0.0,0.3,116,1,67,0,2,507780,116668,323624,701048,5923,99840,56,56,35,0,0,5,7,5,2,6,1,0,0,0,0,4,502976,0,3,1,11,2884,201281,5274,0,1,23240,18252,3836,4299,607,95,630,0,9,107,107,108,1156,353,1803295,211,8,130,7,345042,344987,131,16,8,9,17,500979,329290,10,15,238,36,27,0,9,0,104,625412,335,0,81,1,0,0,10,0,0,10,1,0,0,1
2677.05,1662560979354,5.018039254,1,5.6,35.5,0.0,58.2,0.0,0.0,0.7,116,1,67,0,2,508080,116356,323636,701356,5643,98432,84,84,35,0,0,5,9,5,4,0,2,0,0,0,0,9,521822,0,5,2,16,575,214006,5536,0,1,23051,18044,5871,6352,1266,235,1287,63,12,104,104,106,2463,935,1922786,203,11,129,44,349371,349306,122,15,11,13,25,519689,332205,14,18,222,24,22,0,13,0,100,634774,348,0,83,1,2,6,27,1,4,31,1,2,1,2
2682.07,1662560986187,5.017424123,1,5.8,38.2,0.0,55.7,0.0,0.0,0.3,116,1,67,0,2,507716,116736,323620,700984,7555,99750,84,84,35,0,0,5,7,5,2,1,1,0,0,0,0,8,497527,0,15,1,11,1537,192254,5743,0,1,24122,18683,12925,13417,2941,739,2982,630,9,117,117,114,6160,2305,1824464,229,24,129,46,352715,352637,136,15,24,30,47,495484,330076,20,35,249,29,37,5,30,1,103,570606,364,0,73,1,0,0,58,0,0,58,1,0,0,1
2687.09,1662560993013,5.017918878,1,3.6,35.6,0.0,60.5,0.0,0.0,0.3,116,1,67,0,2,507508,116936,323628,700788,6331,100101,56,56,35,0,0,7,9,7,2,0,1,0,0,0,0,4,562161,0,3,1,11,1933,248605,5286,0,1,23077,18130,3341,3522,466,23,488,63,9,106,106,110,884,257,2105377,209,4,130,7,353339,353288,130,15,4,5,12,560211,338199,10,11,228,38,21,0,5,0,105,716712,326,0,70,1,0,0,10,0,2,12,1,0,0,1
2692.11,1662561000417,5.017476404,1,3.4,30.6,0.0,66.0,0.0,0.0,0.0,116,1,67,0,2,507556,116896,323620,700828,5442,97261,84,84,35,0,0,5,7,5,2,0,1,0,0,0,0,5,519142,0,3,1,13,1194,213276,5184,0,1,22876,17948,3147,3281,449,86,472,0,9,102,102,102,879,257,1866923,201,4,129,5,345100,345053,122,16,4,5,13,517071,330207,10,11,217,29,15,0,5,0,99,654779,311,0,77,1,0,0,6,0,0,6,1,0,0,1
2697.13,1662561007248,5.017437726,1,2.1,36.1,0.0,61.2,0.0,0.0,0.6,116,1,67,0,2,507600,116808,323664,700900,5648,98756,294,294,35,0,0,5,7,5,2,0,1,0,0,0,0,10,491923,0,3,1,11,1696,193950,5443,0,1,23208,18215,5298,5797,1036,228,1064,252,9,107,107,109,2290,800,1770896,203,9,128,44,340243,340187,123,16,9,11,20,489846,322486,11,15,222,23,24,0,11,0,104,588829,340,0,75,1,0,0,23,0,0,23,1,0,0,1
2702.15,1662561014065,5.017845139,1,23.0,31.4,0.0,45.3,0.0,0.0,0.3,116,1,67,0,2,507820,116580,323672,701120,6027,100101,84,84,35,0,0,5,9,5,4,0,2,0,0,0,0,2,496213,0,4,1,22,1645,191264,5025,0,1,22826,17879,1248,1711,81,10,105,0,13,109,109,110,7,13,1735457,211,0,130,7,342970,342927,133,17,0,0,4,494071,329616,6,6,230,35,20,0,0,0,105,617500,304,0,86,1,2,6,4,1,4,8,1,2,1,2
2707.17,1662561020874,5.016020329,1,2.4,33.8,0.0,63.1,0.0,0.0,0.7,115,1,67,0,2,506796,117616,323660,700092,5540,99397,56,56,35,0,0,7,10,7,3,2,2,0,0,0,0,2,507943,0,4,2,13,2913,194930,5185,2,1,23069,18105,3143,3591,464,87,489,0,10,103,103,105,879,263,1793166,203,5,131,5,352731,352682,123,15,4,5,12,505856,337637,10,11,219,29,14,0,5,0,100,630572,306,0,74,1,1,0,10,0,2,12,1,1,1,2
2712.19,1662561027679,5.015715039,1,2.4,35.5,0.0,60.9,0.0,0.0,1.2,115,2,66,0,2,508340,116060,323672,701652,5906,98834,294,294,35,0,0,5,7,5,2,0,1,0,0,0,0,10,501431,0,4,1,11,566,204057,5426,0,1,23184,18190,5291,5453,1037,228,1063,126,9,109,109,112,2307,804,1844654,205,9,129,44,339934,339883,124,15,9,11,20,499404,322213,11,15,224,25,24,0,11,0,106,613050,335,0,77,1,0,0,22,0,0,22,1,0,0,1
2717.21,1662561034515,5.016146774,1,13.5,31.6,0.0,54.6,0.0,0.0,0.3,115,1,66,0,2,507764,116628,323680,701084,5923,99840,56,56,35,0,0,5,7,5,2,4,1,0,0,0,0,1,561516,0,3,2,10,3037,248192,5550,0,1,23258,18106,1963,2430,237,27,259,63,179,107,107,108,250,104,2095736,211,4,134,7,352649,352594,230,14,4,4,8,559453,338021,8,12,401,36,142,0,6,0,105,711239,534,0,153,1,0,0,4,0,0,4,1,0,0,1
2722.22,1662561041312,5.014126864,1,2.5,33.0,0.0,64.1,0.0,0.0,0.3,115,1,67,0,2,508112,116284,323676,701428,8543,117741,84,84,35,0,0,5,7,5,2,1,1,0,0,0,0,11,504718,0,15,1,10,3435,197003,5638,0,1,24029,18993,12411,11829,2550,788,2243,441,9,118,118,115,5390,1876,1820491,231,21,130,7,354924,354886,137,16,21,26,43,504368,333886,19,31,250,35,31,5,27,1,105,601647,356,0,77,1,0,0,42,0,0,42,1,0,0,1
2727.24,1662561049074,5.019623242,1,6.0,30.1,0.0,63.6,0.0,0.0,0.3,115,1,67,0,2,507772,116620,323680,701088,5758,99095,266,266,35,0,0,5,7,5,2,0,1,0,0,0,0,8,496356,0,3,1,10,2925,190674,5510,0,1,23626,18598,7385,7544,1434,242,1455,63,8,108,108,109,3209,1052,1810566,205,13,130,44,350986,350927,126,13,13,17,29,494417,331394,15,20,226,24,27,0,16,0,105,588893,362,0,81,1,0,0,30,1,4,34,1,1,1,2
2732.26,1662561055867,5.016313237,1,2.0,32.3,0.0,65.7,0.0,0.0,0.0,115,1,67,0,2,507868,116532,323672,701188,5369,94245,84,84,35,0,0,7,11,7,4,1,2,0,0,0,0,9,539423,0,4,1,16,2738,234928,5361,2,1,21850,17072,3857,4370,879,94,902,63,13,100,100,100,1599,679,2014931,195,7,125,45,343533,343480,124,17,7,8,17,537539,328547,10,13,213,26,22,0,8,0,96,676525,323,0,84,1,1,0,20,0,2,22,1,1,1,2
2737.28,1662561062661,5.020381398,1,2.5,35.5,0.0,61.1,0.0,0.0,0.9,115,1,67,0,2,507600,116788,323684,700932,5999,98432,56,56,35,0,0,5,7,5,2,0,1,0,0,0,0,4,553690,0,4,1,10,2898,241898,5375,0,1,22944,18009,3131,3584,454,88,471,0,8,104,104,107,877,241,2048083,205,4,130,5,352014,351966,122,14,4,5,13,551527,337121,10,11,221,31,15,0,5,0,100,707119,305,0,74,1,0,0,10,0,0,10,1,0,0,1
2742.3,1662561069534,5.016991394,1,2.3,42.2,0.0,54.2,0.0,0.0,1.3,115,1,67,0,2,508096,116300,323676,701420,5862,99144,294,294,35,0,0,5,7,5,2,0,1,0,0,0,0,10,546733,0,6,1,11,2860,240696,5531,0,1,23568,18548,7387,7872,1423,367,1454,126,9,112,112,113,3192,1037,2037811,211,13,128,44,350674,350585,127,16,12,16,27,544891,331157,15,20,235,22,29,0,14,0,107,670146,337,0,81,1,0,0,28,0,0,28,1,0,0,1
2747.32,1662561076372,5.016367875,1,3.5,35.2,0.0,61.3,0.0,0.0,0.0,115,1,67,0,2,507268,117096,323708,700616,5569,96398,84,84,35,0,0,5,7,5,2,0,1,0,0,0,0,12,485131,0,5,2,11,2848,189708,5227,0,1,22251,17380,3767,4244,872,284,893,0,9,101,101,102,1596,694,1732398,199,7,127,44,335383,335327,125,16,7,8,17,483109,320113,10,13,218,23,21,0,8,0,98,599106,310,0,79,1,0,0,18,0,0,18,1,0,0,1
2752.34,1662561083166,5.016160865,1,3.2,40.6,0.0,55.5,0.0,0.0,0.6,115,1,67,0,2,507600,116760,323712,700952,5752,99503,56,56,35,0,0,5,9,5,4,0,2,0,0,0,0,6,535560,0,3,1,15,1042,224782,5108,0,1,22908,17978,3127,3662,458,151,474,0,13,104,104,104,877,250,1958492,205,4,130,5,349771,349718,126,17,4,5,12,533497,334811,10,11,220,29,16,0,5,0,101,678725,313,0,78,1,2,6,9,1,4,13,1,1,0,2
2757.36,1662561090306,5.017195303,1,3.7,35.3,0.0,61.0,0.0,0.0,0.0,116,2,66,0,2,507560,116824,323688,700900,7767,102363,294,294,35,0,0,7,11,7,4,5,2,0,0,0,0,18,523795,0,14,1,15,3848,226276,5832,2,1,24828,19417,13861,13993,2716,860,2724,693,13,123,123,119,6197,1996,1970612,235,23,130,7,347263,347191,139,16,23,30,47,521897,322780,21,35,254,35,36,5,31,1,110,611445,384,0,82,1,1,0,49,0,2,51,1,1,1,2
2762.38,1662561097205,5.016816522,1,3.2,36.8,0.0,59.3,0.0,0.0,0.7,116,1,67,0,2,507576,116804,323692,700916,5792,98354,56,56,35,0,0,5,7,5,2,4,1,0,0,0,0,12,533603,0,4,1,11,2991,232996,5622,0,1,23089,17895,4449,4609,1022,110,1059,63,125,102,102,104,1852,784,1981187,201,12,131,44,342775,342721,190,16,11,12,20,531525,326266,11,18,360,26,131,0,12,0,98,664047,489,0,130,1,0,0,21,0,0,21,1,0,0,1
2767.4,1662561104019,5.015487280,1,19.9,34.4,0.0,44.5,0.0,0.0,1.2,116,1,67,0,2,507828,116552,323692,701172,5546,98565,84,84,35,0,0,5,7,5,2,0,1,0,0,0,0,3,544559,0,4,1,11,2876,247560,5092,0,1,22841,17927,3127,3278,456,86,479,0,9,103,103,104,874,262,2051724,201,4,130,5,341719,341670,122,14,4,5,13,542569,326803,10,11,217,29,14,0,5,0,99,715746,298,0,68,1,0,0,7,0,0,7,1,0,0,1
2772.42,1662561110858,5.016775933,1,4.9,35.6,0.0,58.8,0.0,0.0,0.7,116,1,67,0,2,508568,115804,323700,701920,5845,100179,266,266,35,0,0,5,7,5,2,0,1,0,0,0,0,10,542588,0,3,1,11,694,236111,5619,0,1,23460,18505,4766,4911,628,31,655,0,9,111,111,112,1615,386,2005011,211,6,130,6,348431,348373,127,16,6,8,16,540593,331016,11,13,229,33,22,0,8,0,109,680319,333,0,77,1,0,0,11,0,0,11,1,0,0,1
2777.44,1662561117647,5.017776046,1,3.0,30.4,0.0,66.6,0.0,0.0,0.0,116,1,67,0,2,507024,117300,323748,700408,5442,97261,84,84,35,0,0,5,9,5,4,0,2,0,0,0,0,9,486452,0,4,2,16,2934,188121,5284,0,1,22661,17696,3772,4276,866,283,887,63,12,102,102,103,1611,679,1755831,199,7,129,44,338979,338925,125,15,7,8,16,484280,323535,10,13,218,23,20,0,8,0,99,591103,317,0,85,1,2,6,21,1,4,25,1,1,0,2
2782.46,1662561124494,5.016400190,1,15.0,36.0,0.0,48.7,0.0,0.0,0.3,116,1,67,0,2,507264,117024,323784,700664,5643,98432,56,56,35,0,0,5,8,5,3,1,2,0,0,0,0,9,553416,0,4,1,14,2814,243834,5382,3,1,22967,18033,3146,3611,459,149,470,126,11,104,104,105,878,258,2061938,205,4,130,5,349957,349909,130,17,4,5,13,551492,335062,10,11,218,29,12,0,5,0,101,716427,318,0,83,1,1,0,11,0,0,11,1,1,1,2
2787.48,1662561131284,5.016024013,1,2.7,34.4,0.0,62.5,0.0,0.0,0.3,116,1,67,0,2,506372,117908,323792,699776,6462,100500,294,294,35,0,0,7,9,7,2,0,1,0,0,0,0,6,515280,0,3,1,10,2882,216345,5480,0,1,23665,18681,4866,5013,639,158,662,126,8,115,115,119,1625,384,1895658,219,6,130,7,343304,343256,129,13,6,8,16,513177,325637,11,13,239,38,25,0,8,0,113,641188,348,0,76,1,0,0,12,0,2,14,1,0,0,1
2792.5,1662561138127,5.017365842,1,1.9,30.8,0.0,65.9,0.0,0.0,1.3,115,1,66,0,2,507232,117044,323796,700644,5442,98565,84,84,35,0,0,5,7,5,2,0,1,0,0,0,0,5,484965,0,4,1,12,560,187466,5034,0,1,22689,17715,3762,4267,868,220,894,126,9,102,102,101,1596,682,1748264,199,7,129,44,337448,337390,121,15,7,8,17,482946,322040,10,13,218,23,20,0,8,0,97,586096,330,0,76,1,0,0,20,0,0,20,1,0,0,1
2797.51,1662561144924,5.013501635,1,1.8,35.1,0.0,63.1,0.0,0.0,0.0,116,1,67,0,2,507640,116624,323808,701064,14439,217999,350,350,35,0,0,0,3,0,3,0,1,0,0,0,0,17,517474,0,14,0,14,1308,200241,5750,0,0,24350,19541,11365,11140,2158,524,1963,252,11,128,128,124,4729,1606,1901040,245,16,131,8,365061,365016,146,13,16,28,38,517017,342991,19,26,266,39,40,5,21,1,115,598685,384,0,79,1,2,6,28,0,0,28,1,1,0,2
2802.52,1662561157650,5.014654038,1,3.2,37.5,0.0,58.7,0.0,0.0,0.7,116,1,67,0,2,507104,117112,323856,700560,5436,98354,84,84,35,0,0,5,7,5,2,0,1,0,0,0,0,7,534253,0,5,1,11,3078,236307,5382,0,1,23099,17880,3967,4134,886,289,904,126,162,103,103,105,1598,683,2005969,201,8,132,44,341225,341174,215,15,7,8,16,532380,325158,11,14,383,24,139,0,8,0,99,675788,508,0,144,1,0,0,21,0,2,23,1,1,1,2
2807.54,1662561164451,5.016427582,1,15.5,38.1,0.0,46.4,0.0,0.0,0.0,116,1,67,0,2,507656,116556,323860,701108,5649,99425,84,84,35,0,0,7,9,7,2,0,1,0,0,0,0,5,557111,0,3,1,10,536,245040,5554,0,1,22883,17953,3130,3596,454,24,479,0,8,103,103,104,875,249,2070979,203,4,129,5,351635,351587,121,14,4,5,13,554924,336750,10,11,213,29,12,0,5,0,100,724251,294,0,72,1,0,0,10,0,2,12,1,0,0,1
2812.56,1662561171319,5.016679368,1,4.7,37.0,0.0,57.3,0.0,0.0,1.0,116,1,67,0,2,508060,116140,323872,701528,6232,99249,294,294,35,0,0,5,7,5,2,0,1,0,0,0,0,4,548001,0,4,1,11,2904,244210,5351,0,1,23550,18579,4852,5005,640,220,663,189,9,113,113,117,1617,378,2039338,213,6,129,7,346628,346573,128,16,6,8,16,545810,329097,11,13,233,36,24,0,8,0,111,680070,336,0,80,1,0,0,12,0,0,12,1,0,0,1
2817.58,1662561178175,5.016807248,1,3.7,36.7,0.0,59.6,0.0,0.0,0.0,116,1,67,0,2,507348,116860,323864,700808,5280,93089,84,84,35,0,0,5,7,5,2,0,1,0,0,0,0,8,534608,0,5,1,11,2765,231905,5332,0,1,21599,16871,3754,4311,864,93,898,63,9,97,97,98,1603,691,1983291,189,7,124,44,341158,341106,120,16,7,8,17,532651,326366,10,13,209,23,20,0,8,0,93,672977,322,0,81,1,0,0,20,0,0,20,1,0,0,1
2822.6,1662561185021,5.022803933,1,2.7,38.9,0.0,58.5,0.0,0.0,0.0,116,1,67,0,2,507648,116548,323876,701120,5390,94393,56,56,35,0,0,5,14,5,9,0,2,0,0,0,0,6,551781,0,3,2,33,2667,242394,5335,0,1,21588,16935,4186,4153,921,158,638,0,23,97,97,99,1697,673,2063406,191,7,124,16,348085,348036,119,17,7,7,18,549652,332866,11,12,210,24,21,0,8,0,96,687500,320,0,95,1,1,6,12,0,0,12,1,1,0,2
2827.62,1662561191991,5.022171611,1,3.0,31.1,0.0,65.5,0.0,0.0,0.3,116,1,67,0,2,507592,116604,323876,701060,6205,100811,189,189,35,0,0,5,7,5,2,0,1,0,0,0,0,3,488899,0,5,1,11,2884,188349,5401,0,1,23132,18149,3662,4507,566,91,667,63,9,114,114,112,1378,328,1790137,221,5,130,7,342036,341986,132,15,5,8,13,487409,326639,11,13,242,36,24,0,6,0,108,591117,311,0,72,1,0,0,13,1,4,17,1,1,1,2
2832.64,1662561198803,5.022145326,1,2.4,28.7,0.0,68.9,0.0,0.0,0.0,116,1,67,0,2,507212,117024,323836,700672,7605,95733,56,56,35,0,0,7,10,7,3,2,2,0,0,0,0,18,483344,0,14,1,13,3001,190849,5563,2,1,23018,17825,12938,13427,2918,669,2952,504,10,114,114,111,6155,2291,1776401,225,24,124,46,338645,338567,138,16,24,30,47,481257,316616,20,35,246,29,39,5,30,1,101,565296,368,0,84,1,1,0,56,0,2,58,1,1,1,2
2837.66,1662561205594,5.018323915,1,4.1,33.0,0.0,62.6,0.0,0.0,0.3,116,1,67,0,2,507144,117084,323844,700608,5694,98304,84,84,35,0,0,5,7,5,2,0,1,0,0,0,0,5,494887,0,4,1,11,611,189955,5363,0,1,22761,17778,3769,4269,867,283,900,0,9,103,102,105,1594,690,1740584,199,7,129,44,344943,344886,125,16,7,8,16,492782,329522,10,13,218,25,20,0,8,0,99,600930,330,0,75,1,0,0,21,0,0,21,1,0,0,1
2842.68,1662561212377,5.015671559,1,3.2,31.5,0.0,65.3,0.0,0.0,0.0,116,1,67,0,2,506768,117452,323852,700232,5768,99762,84,84,35,0,0,5,7,5,2,0,1,0,0,0,0,1,496582,0,3,1,10,601,192533,5273,0,1,23020,18080,3327,3803,474,150,495,0,8,106,106,107,884,259,1824197,207,4,129,7,344290,344244,123,14,4,5,13,494824,329153,10,11,226,36,20,0,5,0,104,605738,314,0,73,1,0,0,9,0,0,9,1,0,0,1
2847.7,1662561219193,5.018333271,1,2.9,30.7,0.0,66.0,0.0,0.0,0.3,116,1,67,0,2,507096,117124,323852,700564,5552,97511,56,56,35,0,0,5,7,5,2,6,1,0,0,0,0,7,490245,0,5,1,11,678,191666,5452,0,1,22883,17856,4297,4811,1009,354,1046,189,88,103,103,102,1844,775,1801937,203,11,130,44,340083,340027,170,16,11,12,20,488230,324158,11,18,265,23,34,0,12,0,97,592795,421,0,111,1,0,0,22,0,0,22,1,0,0,1
2852.72,1662561225967,5.016363198,1,4.0,36.3,0.0,59.1,0.0,0.0,0.6,116,1,67,0,2,507332,116880,323860,700812,5460,98456,84,84,35,0,0,5,9,5,4,6,2,0,0,0,0,4,488540,0,7,2,20,2923,190516,5153,0,1,22890,17878,4279,4787,1017,228,1041,63,13,104,104,103,1842,769,1737766,203,11,130,44,341498,341439,129,17,10,12,19,486797,325583,9,15,224,23,20,0,9,0,97,589691,323,0,89,1,2,6,20,1,4,24,1,2,1,2
2857.74,1662561232737,5.016215924,1,2.5,36.1,0.0,60.7,0.0,0.0,0.7,116,1,67,0,2,507632,116568,323872,701124,5716,98719,56,56,35,0,0,5,7,5,2,0,1,0,0,0,0,7,548462,0,3,1,13,2882,233745,5435,0,1,23149,18177,3327,3757,476,86,504,0,9,106,106,107,881,271,2015541,209,5,130,7,355437,355387,130,16,4,5,13,546461,340337,10,11,226,36,20,0,5,0,104,698191,319,0,81,1,0,0,9,0,0,9,1,0,0,1
2862.76,1662561239529,5.016770519,1,4.1,39.7,0.0,56.3,0.0,0.0,0.0,116,1,67,0,2,507616,116584,323872,701104,5694,98304,84,84,35,0,0,7,9,7,2,0,1,0,0,0,0,4,542251,0,4,1,11,532,241088,5535,0,1,22606,17653,3783,3944,863,472,889,126,9,102,102,105,1602,683,2031328,199,7,129,44,341456,341407,121,16,7,8,14,540385,326144,10,13,221,25,23,0,7,0,98,696018,298,0,70,0,0,0,20,0,2,22,0,0,0,0
2867.78,1662561246400,5.018370938,1,3.9,36.6,0.0,59.5,0.0,0.0,0.0,115,2,65,0,2,507600,116592,323880,701100,5441,97339,84,84,35,0,0,5,7,5,2,0,1,0,0,0,0,5,484642,0,3,1,11,581,188290,5106,0,1,22686,17712,3772,4292,866,283,892,189,9,103,103,101,1599,679,1774153,203,7,128,44,336792,336747,123,16,7,8,17,482743,321417,10,13,219,23,21,0,8,0,98,594647,311,0,77,1,0,0,22,0,0,22,1,0,0,1
2872.79,1662561253167,5.012883352,1,4.7,33.1,0.0,61.9,0.0,0.0,0.3,116,1,67,0,2,507528,116676,323868,701020,17863,182745,9063,9063,35,0,0,0,0,0,0,1,0,0,0,0,0,20,516954,0,15,0,4,3392,213065,5830,0,0,23707,18786,11430,12028,2689,722,2734,504,4,143,144,139,5566,2115,1911191,249,24,129,46,353079,353038,145,10,24,30,44,516534,331703,19,31,276,31,52,12,22,3,126,612494,395,0,71,1,0,0,52,0,0,52,1,0,0,1
2877.81,1662561263965,5.016020216,1,21.6,34.6,0.0,43.5,0.0,0.0,0.3,116,1,67,0,2,507316,116868,323888,700820,5494,99347,84,84,35,0,0,5,9,5,4,0,2,0,0,0,0,8,521353,0,4,1,16,1357,212608,5136,0,1,22986,18039,3133,3281,452,23,490,63,13,103,103,105,877,268,1875966,201,4,130,5,347618,347566,128,17,4,5,12,519281,332607,9,10,217,29,14,0,5,0,100,653393,316,0,81,1,2,6,9,1,4,13,1,2,1,2
2882.83,1662561270774,5.015872836,1,2.4,42.2,0.0,55.4,0.0,0.0,0.0,116,1,67,0,2,507236,116928,323908,700752,5845,100179,266,266,35,0,0,5,7,5,2,0,1,0,0,0,0,11,529622,0,3,1,11,2912,220415,5246,0,1,23289,18323,2689,3198,245,143,267,126,9,111,111,112,741,122,1914836,212,2,130,6,350537,350483,127,15,2,3,8,527556,334763,7,8,229,32,22,0,3,0,109,666294,316,0,71,1,0,0,6,0,0,6,1,0,0,1
2887.85,1662561277632,5.016427378,1,5.9,32.2,0.0,61.9,0.0,0.0,0.0,116,1,67,0,2,507096,117072,323904,700620,5442,99347,84,84,35,0,0,7,10,7,3,1,2,0,0,0,0,6,499226,0,4,2,14,2876,210999,5271,3,1,22949,17962,4739,5233,988,223,1117,63,11,103,103,104,1808,739,1855774,201,8,128,44,331491,331421,124,18,8,11,21,496752,315172,12,16,220,24,21,0,9,0,99,614091,323,0,84,1,1,0,26,0,2,28,1,1,1,2
2892.88,1662561284480,5.025835282,1,13.7,35.2,0.0,51.1,0.0,0.0,0.0,116,1,67,0,2,507024,117128,323920,700556,5953,99631,84,84,35,0,0,5,7,5,2,4,1,0,0,0,0,3,553778,0,4,1,11,3051,241849,5605,0,1,23483,18293,3818,3963,605,164,629,0,152,106,106,107,1110,349,2065250,209,8,133,5,352840,352780,210,16,8,9,17,551517,336753,11,16,373,30,124,0,9,0,102,690287,494,0,138,1,0,0,10,0,0,10,1,0,0,1
2897.9,1662561291352,5.017510837,1,3.7,31.9,0.0,64.5,0.0,0.0,0.0,116,1,67,0,2,507272,116872,323928,700812,5928,100292,294,294,35,0,0,5,7,5,2,0,1,0,0,0,0,5,549953,0,4,2,10,2892,241194,5657,0,1,23279,18319,2770,2916,251,143,273,63,8,113,113,114,751,132,2041101,213,2,129,7,349993,349944,126,14,2,3,7,547803,334163,7,8,232,35,23,0,3,0,110,705042,327,0,72,1,0,0,7,0,0,7,1,0,0,1
2902.92,1662561298239,5.017718923,1,3.7,35.8,0.0,60.4,0.0,0.0,0.0,116,1,67,0,2,506796,117364,323912,700328,5597,97339,84,84,35,0,0,5,9,5,4,0,2,0,0,0,0,3,524365,0,4,1,16,2861,225519,5413,0,1,22696,17720,3778,4277,864,347,903,0,13,103,103,104,1604,687,1955491,201,7,129,44,338875,338821,124,17,7,9,17,522463,323551,10,13,220,23,21,0,9,0,100,658844,342,0,84,1,2,6,21,1,4,25,1,2,1,2
2907.96,1662561305062,5.043478252,1,1.9,34.1,0.0,64.0,0.0,0.0,0.0,116,1,67,0,2,507332,116840,323900,700868,7815,103139,56,56,35,0,0,5,7,5,2,1,1,0,0,0,0,23,492972,0,14,1,11,3440,191866,5733,0,1,24283,18886,13388,13384,2989,738,2720,756,9,117,117,115,6279,2307,1748473,231,25,130,18,349359,349283,141,15,24,29,49,490665,326177,21,34,253,30,38,5,30,1,105,581328,375,0,76,1,0,0,48,0,0,48,1,0,0,1
2912.98,1662561311929,5.020611740,1,4.3,34.8,0.0,61.0,0.0,0.0,0.0,116,1,67,0,2,506960,117220,323892,700484,6515,99429,294,294,35,0,0,8,11,7,3,2,2,0,0,0,0,5,564583,0,6,1,13,950,249563,5535,2,1,22961,18005,2370,2551,245,17,284,0,11,112,112,114,650,145,2101465,215,2,130,7,353740,353688,129,16,2,3,6,562082,339336,6,7,233,37,21,0,3,0,107,725969,310,0,73,1,1,0,8,0,2,10,1,1,1,2
2918,1662561318806,5.017171107,1,2.6,38.8,0.0,58.6,0.0,0.0,0.0,116,1,67,0,2,507040,117148,323884,700564,5488,97311,56,56,35,0,0,5,7,5,2,0,1,0,0,0,0,9,486972,0,4,1,11,1861,188216,5038,0,1,22637,17675,3763,4270,872,220,901,126,9,102,102,103,1600,682,1765833,201,7,129,44,339186,339127,122,16,7,8,17,484877,323802,10,13,220,23,20,0,8,0,98,584530,307,0,74,1,0,0,21,0,0,21,1,0,0,1
2923.02,1662561325606,5.016361753,1,3.7,36.6,0.0,59.8,0.0,0.0,0.0,116,1,67,0,2,507096,117072,323904,700640,5390,98304,84,84,35,0,0,5,7,5,2,0,1,0,0,0,0,6,491523,0,4,1,10,599,188607,5237,0,1,22987,18001,5848,6339,1261,423,1278,63,8,102,102,103,2471,933,1795029,199,11,129,44,344714,344655,123,14,11,13,25,489475,327564,14,18,219,24,21,0,13,0,99,587131,331,0,76,1,0,0,26,0,0,26,1,0,0,1
2928.04,1662561332412,5.017418269,1,3.3,35.2,0.0,61.2,0.0,0.0,0.3,115,1,67,0,2,506608,117560,323904,700152,5871,99840,84,84,35,0,0,5,9,5,4,0,2,0,0,0,0,2,542929,0,3,2,16,1453,228286,5234,0,1,22807,17863,1248,1399,81,10,106,0,13,107,107,108,11,12,1995952,211,0,131,7,352502,352459,133,18,0,0,4,540768,339024,6,6,227,35,20,0,0,0,104,693080,316,0,80,1,2,6,4,1,4,8,1,2,1,2
2933.06,1662561339237,5.015492779,1,2.0,34.7,0.0,63.4,0.0,0.0,0.0,115,1,67,0,2,507328,116840,323904,700872,5604,98406,56,56,35,0,0,5,7,5,2,0,1,0,0,0,0,5,540685,0,5,1,10,2849,241176,5293,0,1,22713,17734,3772,3934,867,346,886,63,8,102,102,103,1596,688,2024420,201,7,129,44,340483,340432,120,13,7,8,16,538667,325063,10,13,220,22,20,0,8,0,99,691177,316,0,74,1,0,0,21,0,0,21,1,0,0,1
2938.08,1662561346057,5.016206485,1,5.7,37.0,0.0,57.0,0.0,0.0,0.3,115,1,67,0,2,508520,115632,323920,702080,5746,98565,84,84,35,0,0,5,8,5,3,2,2,0,0,0,0,15,502078,0,4,1,16,1441,203705,5387,2,1,23293,18107,6038,6196,1274,179,1290,63,156,102,102,103,2469,928,1813302,197,12,131,44,340709,340651,203,17,11,13,25,500032,322861,15,19,368,27,137,0,13,0,97,615731,515,0,144,1,1,0,28,0,0,28,1,1,1,2
2943.1,1662561352905,5.015331611,1,4.1,32.6,0.0,62.7,0.0,0.0,0.6,114,1,66,0,2,507520,116636,323916,701072,5814,99812,56,56,35,0,0,7,9,7,2,0,1,0,0,0,0,3,532395,0,4,1,11,1583,220769,5383,0,1,22800,17861,1246,1399,80,10,105,0,9,107,107,108,13,6,1930608,211,0,130,7,349529,349486,131,16,0,0,4,530275,336069,6,6,230,35,19,0,0,0,103,677459,310,0,70,1,0,0,4,0,2,6,1,0,0,1
2948.11,1662561359685,5.014207887,1,0.3,27.3,0.0,72.0,0.0,0.0,0.3,115,1,67,0,2,508088,116080,323904,701636,9219,128433,84,84,35,0,0,5,7,5,2,0,1,0,0,0,0,12,503909,0,14,1,11,1597,195850,5651,0,1,23627,18673,10297,9554,2140,522,1880,630,9,117,117,113,4555,1639,1785325,231,17,130,7,353065,353038,141,15,17,21,33,503668,333883,15,25,249,34,31,5,22,1,104,613987,342,0,73,1,0,0,39,0,0,39,1,0,0,1
2953.13,1662561368009,5.016143927,1,4.3,28.4,0.0,67.3,0.0,0.0,0.0,115,1,67,0,2,506500,117656,323916,700060,5602,97713,294,294,35,0,0,5,9,5,4,0,2,0,0,0,0,15,492350,0,4,1,16,656,186867,5324,0,1,23544,18521,7374,7861,1417,430,1433,252,13,108,108,109,3197,1041,1782410,203,13,129,44,349349,349296,125,18,13,16,29,490822,329839,15,20,223,24,25,0,16,0,105,591594,349,0,86,1,2,6,28,1,4,32,1,2,1,2
2958.16,1662561374781,5.025556933,1,6.6,34.5,0.0,58.9,0.0,0.0,0.0,115,1,67,0,2,507544,116600,323928,701120,5900,99970,56,56,35,0,0,5,7,5,2,0,1,0,0,0,0,4,526940,0,3,2,11,578,222442,5447,0,1,23031,18077,4560,4759,884,222,681,63,9,105,105,107,1631,611,1961389,207,7,129,18,345531,345474,124,16,7,7,19,524707,329134,11,12,228,38,28,0,8,0,103,660768,322,0,74,1,0,0,12,0,0,12,1,0,0,1
2963.18,1662561381666,5.016734522,1,1.3,34.8,0.0,63.9,0.0,0.0,0.0,115,1,67,0,2,507088,117052,323932,700668,5844,99347,84,84,35,0,0,7,11,7,4,1,3,0,0,0,0,2,515577,0,4,1,15,743,205038,5237,2,1,22660,17733,1066,1216,66,10,92,0,13,103,103,107,4,12,1831900,201,0,129,5,348090,348046,120,14,0,0,3,513584,334996,6,6,217,30,13,0,0,0,99,662565,303,0,78,1,1,0,5,0,2,7,1,1,1,2
2968.2,1662561388466,5.016287716,1,5.8,29.8,0.0,64.1,0.0,0.0,0.3,114,1,67,0,2,507076,117064,323932,700656,5290,91533,294,294,35,0,0,5,7,5,2,0,1,0,0,0,0,20,527886,0,3,2,11,2740,227750,5447,0,1,22283,17547,7353,7502,1427,178,1472,63,9,103,103,104,3221,1058,1957000,193,13,122,44,344017,343958,122,16,13,16,30,525861,325166,15,20,212,24,25,0,16,0,100,639056,356,0,82,1,0,0,31,0,0,31,1,0,0,1
2973.22,1662561395286,5.016857204,1,6.1,30.3,0.0,63.5,0.0,0.0,0.0,114,1,67,0,2,507088,117048,323936,700672,5871,98719,56,56,35,0,0,5,7,5,2,0,1,0,0,0,0,14,533561,0,3,1,11,930,224657,5450,0,1,23076,18087,6041,6184,1275,171,1308,126,8,105,105,107,2472,937,1948872,207,11,129,46,350784,350726,123,13,11,13,25,531424,333394,14,18,228,31,28,0,13,0,103,663735,333,0,75,1,0,0,30,0,0,30,1,0,0,1
2978.24,1662561402116,5.015767695,1,4.0,29.9,0.0,65.1,0.0,0.0,1.0,115,1,67,0,2,507104,117028,323940,700688,5644,98615,84,84,35,0,0,5,9,5,4,0,2,0,0,0,0,4,549092,0,5,1,18,2542,240560,5116,0,1,22672,17740,1056,1211,67,11,91,0,13,104,104,105,3,5,2027405,203,1,130,5,346116,346072,121,13,0,0,3,546958,332970,6,6,219,28,13,0,1,0,100,710725,307,0,77,1,2,6,3,1,4,7,1,2,1,2
2983.26,1662561408895,5.017101864,1,2.6,33.9,0.0,62.3,0.0,0.0,1.3,115,1,67,0,2,507160,116968,323944,700752,7870,100358,266,266,35,0,0,7,10,7,3,2,2,0,0,0,0,24,498233,0,14,1,13,1652,205431,6106,3,1,25215,19539,16730,16905,3500,1014,3533,1008,138,124,124,121,7758,2663,1837782,237,30,131,46,345301,345201,216,16,30,38,59,496228,317910,25,42,400,31,149,5,36,1,111,572616,549,0,138,3,5,4,65,1,6,71,1,3,2,3
2988.28,1662561415711,5.015721628,1,2.2,34.4,0.0,63.1,0.0,0.0,0.3,115,1,67,0,2,506300,117812,323960,699904,6169,98797,84,84,35,0,0,5,10,5,5,0,2,0,0,0,0,16,501994,0,5,1,20,1213,203796,5526,1,1,23270,18242,6064,6212,1289,424,1294,126,15,108,108,112,2471,933,1818157,211,11,130,46,339784,339726,133,18,11,13,25,499814,322241,14,18,230,33,27,0,13,0,102,600604,344,0,88,3,3,6,27,1,4,31,1,3,2,3
2993.3,1662561422513,5.017609230,1,4.2,32.0,0.0,62.8,0.0,0.0,1.0,115,1,67,0,2,507340,116764,323968,700952,5856,99503,84,84,35,0,0,7,10,7,3,2,2,0,0,0,0,2,553292,0,3,1,14,2863,245713,5073,2,1,22669,17737,1061,1522,66,9,91,0,11,104,104,105,7,6,2061992,205,0,130,5,345973,345921,126,18,0,0,4,550966,332800,6,6,219,28,15,0,0,0,102,722627,295,0,79,3,5,4,5,1,6,11,1,3,2,3
2998.32,1662561429402,5.017352578,1,2.9,33.2,0.0,63.2,0.0,0.0,0.6,115,1,67,0,2,507056,117044,323972,700664,5636,96748,294,294,35,0,0,5,10,5,5,0,2,0,0,0,0,9,488929,0,4,1,17,2870,188109,5273,1,1,22987,18037,5305,5389,1033,291,1059,189,15,109,109,109,2341,801,1783063,203,9,128,44,343613,343560,125,17,9,11,20,486805,325985,11,15,222,23,24,0,11,0,105,586532,329,0,85,3,3,6,23,1,4,27,1,3,2,3
3003.34,1662561436207,5.017396393,1,2.6,40.9,0.0,55.8,0.0,0.0,0.7,115,1,67,0,2,507008,117080,323984,700632,5657,98886,84,84,35,0,0,7,11,7,3,2,2,0,0,0,0,11,487194,0,4,1,13,2086,188991,5242,2,1,23056,18054,5861,6018,1259,108,1268,126,11,104,104,103,2471,929,1728767,203,11,133,44,340878,340819,129,17,11,13,25,485152,323701,14,18,223,24,22,0,13,0,99,589459,330,0,82,3,5,4,26,1,6,32,1,3,2,3
3008.36,1662561443011,5.015550120,1,3.7,31.8,0.0,64.5,0.0,0.0,0.0,115,1,67,0,2,507300,116780,323992,700924,5494,99347,56,56,35,0,0,5,10,5,5,0,2,0,0,0,0,1,494727,0,3,1,18,2897,193701,5291,2,1,22726,17778,1054,1203,65,9,91,0,15,103,103,103,4,5,1745330,201,0,130,5,339264,339219,124,18,0,0,4,492755,325978,6,6,215,28,13,0,0,0,100,625007,298,0,77,3,3,6,3,1,4,7,1,3,2,3
3013.38,1662561449786,5.015835911,1,3.0,39.0,0.0,58.0,0.0,0.0,0.0,115,1,67,0,2,506664,117428,323980,700288,6211,98962,294,294,35,0,0,5,8,5,3,0,2,0,0,0,0,8,535153,0,5,1,14,573,226234,5558,1,1,23262,18260,4081,4484,635,219,882,126,11,114,114,116,1596,450,1981864,215,6,129,33,350252,350200,131,18,6,9,14,533463,333720,10,14,232,23,19,0,8,0,109,656988,346,0,80,3,5,4,21,1,4,25,1,3,2,3
3018.4,1662561456613,5.019778443,1,4.1,30.3,0.0,65.6,0.0,0.0,0.0,114,1,66,0,2,506300,117744,324028,699956,5742,98532,264,264,35,0,0,7,10,7,3,2,2,0,0,0,0,10,539740,0,3,2,14,2867,234425,5369,2,1,22903,17941,5861,6012,1265,297,1279,0,10,101,101,102,2474,929,2008173,199,12,129,44,347092,347028,125,16,11,13,26,537546,329904,14,18,216,24,21,0,13,0,98,673824,334,0,80,3,5,4,28,1,6,34,1,3,2,3
3023.41,1662561463399,5.014462617,1,18.7,33.9,0.0,47.5,0.0,0.0,0.0,115,1,67,0,2,506600,117440,324032,700256,8785,121918,84,84,35,0,0,5,10,5,5,1,2,0,0,0,0,16,503887,0,14,1,20,3407,197641,5450,2,1,23736,18707,10318,9795,2165,645,1883,441,15,117,117,115,4544,1648,1846764,231,17,131,7,352292,352258,139,17,17,21,34,503616,333172,15,26,248,34,30,5,22,1,106,594273,363,0,85,3,3,6,37,1,4,41,1,3,2,2
3028.43,1662561471308,5.016909536,1,4.5,31.3,0.0,63.9,0.0,0.0,0.3,116,2,66,0,2,506644,117408,324020,700292,5876,99249,266,266,35,0,0,5,7,5,2,0,1,0,0,0,0,3,552342,0,3,2,9,3044,242465,5477,0,1,23623,18452,2941,3081,264,150,288,126,140,112,112,113,743,134,2050713,213,2,133,7,351119,351071,206,14,2,3,7,550285,334743,8,9,376,36,132,0,4,0,110,699513,485,0,123,1,0,0,5,0,0,5,1,0,0,1
3033.45,1662561478109,5.015922317,1,4.5,32.2,0.0,63.4,0.0,0.0,0.0,116,1,67,0,2,507308,116736,324028,700964,5546,99530,84,84,35,0,0,5,7,5,2,0,1,0,0,0,0,10,477981,0,4,1,11,1278,190155,5369,0,1,23097,18093,5857,6015,1263,235,1284,126,9,101,101,102,2478,930,1744170,197,11,130,44,330864,330802,124,16,11,13,25,475962,313576,14,18,217,24,21,0,13,0,98,574978,325,0,75,1,0,0,24,0,0,24,1,0,0,1
3038.49,1662561484936,5.040183012,1,6.0,35.9,0.0,57.0,0.0,0.0,1.1,116,1,67,0,2,506528,117524,324020,700188,5694,97261,56,56,35,0,0,5,7,5,2,0,1,0,0,0,0,9,518633,0,3,1,11,2795,212339,5108,0,1,22191,17361,2278,2184,529,207,266,0,9,100,100,103,799,392,1922148,197,3,127,16,344216,344172,120,15,3,2,10,516582,330121,7,7,215,32,20,0,3,0,97,641689,298,0,70,1,0,0,4,0,0,4,1,0,0,1
3043.51,1662561491804,5.016896344,1,5.9,27.5,0.0,65.6,0.0,0.0,1.0,116,1,67,0,2,506488,117572,324012,700140,6056,100394,294,294,35,0,0,5,7,5,2,0,1,0,0,0,0,6,542224,0,6,1,11,496,237128,5423,0,1,23336,18366,2772,3253,254,143,275,126,9,115,115,116,749,131,2026542,217,2,130,7,346435,346390,130,16,2,3,7,540324,330613,7,8,237,35,23,0,3,0,111,690902,316,0,68,1,0,0,7,0,0,7,1,0,0,1
3048.53,1662561498580,5.015754959,1,3.7,25.9,0.0,70.0,0.0,0.0,0.3,116,1,67,0,2,507080,116960,324032,700752,5488,98354,84,84,35,0,0,7,10,7,3,2,2,0,0,0,0,11,485112,0,4,2,15,588,188751,5271,2,1,23056,18064,5878,6021,1250,171,1267,252,11,102,102,103,2461,921,1765610,201,11,129,44,338398,338342,126,16,11,13,26,483003,321247,14,18,221,24,21,0,13,0,99,590394,327,0,85,1,1,0,27,1,6,33,1,2,2,2
3053.55,1662561505369,5.016357674,1,1.5,37.1,0.0,61.3,0.0,0.0,0.0,116,1,67,0,2,507788,116252,324032,701460,5850,99425,84,84,35,0,0,5,7,5,2,0,1,0,0,0,0,5,518095,0,3,1,11,535,217220,5066,0,1,22799,17793,3770,4250,859,284,882,63,9,103,103,106,1593,680,1922806,203,7,129,44,341464,341412,123,16,7,8,16,516170,326055,10,13,222,23,22,0,8,0,102,654147,330,0,75,1,0,0,20,0,0,20,1,0,0,1
3058.57,1662561512219,5.015643786,1,6.4,35.9,0.0,57.0,0.0,0.0,0.7,116,1,67,0,2,506932,117100,324040,700612,8192,101998,189,189,35,0,0,5,7,5,2,0,1,0,0,0,0,21,497703,0,15,2,13,2162,198673,5499,0,1,24065,18690,10407,10941,2162,902,2166,630,9,122,122,119,4599,1633,1774439,238,17,129,9,345173,345107,141,15,17,22,33,495686,324613,16,28,261,41,37,5,22,1,110,605840,345,0,76,1,0,0,39,0,0,39,1,0,0,1
3063.59,1662561519018,5.017566439,1,1.8,36.2,0.0,61.7,0.0,0.0,0.3,116,1,67,0,2,507108,116924,324040,700788,5390,98304,56,56,35,0,0,5,7,5,2,0,1,0,0,0,0,5,489004,0,3,1,11,2910,188757,5312,0,1,23064,18068,5865,6012,1265,234,1298,252,9,102,102,101,2458,932,1776878,201,11,129,44,342976,342916,124,13,11,13,26,487015,325789,14,18,218,24,21,0,13,0,98,587372,326,0,73,1,0,0,26,0,0,26,1,0,0,1
3068.61,1662561525834,5.016079952,1,4.3,35.4,0.0,59.7,0.0,0.0,0.7,116,1,67,0,2,507236,116788,324048,700924,5442,98304,84,84,35,0,0,5,7,5,2,0,1,0,0,0,0,6,533698,0,4,1,11,702,231767,5343,0,1,23031,18043,5855,6003,1261,360,1289,252,9,102,102,103,2487,930,1987778,199,11,129,44,343858,343797,125,15,11,13,25,531644,326700,14,18,219,24,21,0,13,0,99,679359,328,0,79,1,0,0,25,0,0,25,1,0,0,1
3073.63,1662561532641,5.019293219,1,3.4,33.7,0.0,62.2,0.0,0.0,0.6,116,1,67,0,2,507488,116524,324060,701188,5768,99762,56,56,35,0,0,5,9,5,4,0,2,0,0,0,0,1,492296,0,3,1,19,571,189017,5198,0,1,22823,17872,1241,1689,79,9,106,0,12,106,106,107,11,6,1714708,209,0,130,7,341541,341494,126,16,0,0,4,490325,328141,6,6,227,35,19,0,0,0,103,624840,307,0,81,1,2,6,3,1,4,7,1,1,0,2
3078.65,1662561539481,5.018088605,1,1.4,36.5,0.0,62.1,0.0,0.0,0.0,116,1,67,0,2,507716,116292,324064,701416,5683,99425,84,84,35,0,0,7,9,7,2,6,1,0,0,0,0,15,545237,0,4,2,11,2332,240075,5555,0,1,23104,18098,6380,6851,1400,494,1415,252,9,102,102,103,2706,1015,2037667,199,15,129,44,348089,348026,121,16,15,17,29,543257,330370,14,22,228,24,28,0,17,0,99,676606,353,0,78,1,0,0,25,0,2,27,1,0,0,1
3083.67,1662561546294,5.016466130,1,7.3,38.4,0.0,53.3,0.0,0.0,1.0,116,1,67,0,2,506984,117012,324076,700700,5436,95486,84,84,35,0,0,5,7,5,2,0,1,0,0,0,0,8,488550,0,5,1,11,2115,194855,5172,0,1,22368,17525,5855,6155,1273,423,1284,315,9,101,101,102,2472,925,1768104,197,11,126,44,334935,334880,124,16,11,13,25,486285,318018,14,18,216,24,21,0,13,0,96,592343,326,0,73,1,0,0,27,0,0,27,1,0,0,1
3088.69,1662561553142,5.016165259,1,2.9,40.0,0.0,57.1,0.0,0.0,0.0,116,1,67,0,2,506724,117272,324076,700440,5952,100231,56,56,35,0,0,5,7,5,2,0,1,0,0,0,0,2,520309,0,3,2,11,2867,215825,5003,0,1,22819,17863,1248,1397,80,9,105,0,9,108,108,108,9,7,1886842,213,0,130,7,342814,342766,128,16,0,0,4,518063,329308,6,6,231,35,20,0,0,0,105,665914,308,0,73,1,0,0,4,0,0,4,1,0,0,1
3093.71,1662561560225,5.022940370,1,2.0,31.3,0.0,66.7,0.0,0.0,0.0,115,1,66,0,2,506828,117168,324076,700544,11569,104486,8983,8983,35,0,0,5,7,5,2,0,1,0,0,0,0,4,452555,0,10,1,11,579,166889,5301,0,1,23447,18405,5520,5914,1002,357,1317,315,9,148,149,148,2029,680,1624359,237,9,130,35,328826,328767,141,16,9,12,21,450826,311728,14,18,258,35,38,11,11,2,137,541252,348,0,73,1,0,0,27,0,0,27,1,0,0,1
3098.72,1662561567079,5.012809591,1,1.3,32.3,0.0,65.5,0.0,0.0,1.0,116,1,67,0,2,507300,116688,324084,701028,14523,219000,350,350,35,0,0,0,1,0,1,4,1,0,0,0,0,13,565640,0,14,0,8,3381,246108,5590,3,0,23645,18837,7857,7536,1598,504,1508,378,7,122,122,119,3124,1229,2110105,241,10,130,9,363921,363895,140,14,10,18,26,565286,345801,14,20,262,41,36,5,13,1,109,729114,333,0,66,1,1,0,25,0,0,25,1,2,2,2
3103.74,1662561579824,5.016034785,1,2.5,36.3,0.0,61.2,0.0,0.0,0.0,116,1,67,0,2,506600,117372,324100,700336,5442,98304,84,84,35,0,0,5,7,5,2,0,1,0,0,0,0,8,552583,0,4,1,11,2834,242736,5393,0,1,22883,17948,3135,3831,454,24,487,0,9,103,103,104,875,264,2066867,201,4,129,5,349944,349895,122,15,4,11,12,550490,335092,10,11,215,29,14,0,5,0,99,706912,310,0,77,1,0,0,10,0,0,10,1,0,0,1
3108.76,1662561587150,5.020089658,1,2.9,36.3,0.0,60.8,0.0,0.0,0.0,116,1,67,0,2,507032,116920,324120,700784,5758,99095,266,266,35,0,0,5,7,5,2,0,1,0,0,0,0,9,492315,0,3,2,11,2874,189727,5266,0,1,23236,18230,5295,5729,1047,354,1077,63,9,108,108,110,2300,803,1762761,205,9,129,44,345495,345430,124,16,9,9,21,490099,327620,11,15,221,23,24,0,11,0,106,588879,337,0,77,1,0,0,22,0,0,22,1,0,0,1
3113.78,1662561594009,5.016274961,1,19.5,31.3,0.0,48.3,0.0,0.0,0.9,116,1,67,0,2,507476,116484,324112,701228,6273,99890,84,84,35,0,0,5,7,5,2,0,1,0,0,0,0,2,492598,0,5,1,10,565,190412,5114,0,1,22914,17943,1254,1404,79,9,106,0,8,110,110,112,8,5,1803068,215,0,130,7,340531,340487,131,14,0,0,3,490856,327086,6,6,233,37,20,0,0,0,105,603900,314,0,72,1,0,0,4,0,0,4,1,0,0,1
3118.8,1662561600754,5.015546645,1,3.5,32.7,0.0,63.5,0.0,0.0,0.3,116,1,67,0,2,507244,116712,324116,701000,5542,98508,56,56,35,0,0,5,9,5,4,6,2,0,0,0,0,8,537522,0,7,1,17,707,231632,5464,0,1,23445,18281,3813,4355,606,38,626,0,127,104,104,105,1119,353,2006814,205,8,133,5,347396,347347,194,18,8,10,17,536114,331346,11,16,357,30,116,0,10,0,100,671822,493,0,137,1,2,6,11,1,4,15,1,1,0,2
3123.82,1662561607605,5.016047589,1,5.6,32.9,0.0,60.8,0.0,0.0,0.7,116,1,67,0,2,506812,117132,324128,700580,5549,93697,294,294,35,0,0,5,7,5,2,0,1,0,0,0,0,16,512871,0,4,1,10,1809,212139,5181,0,1,22063,17320,5287,5756,1035,353,1068,126,8,105,105,106,2332,797,1891846,197,9,123,44,341476,341423,118,14,9,11,20,510880,324334,11,15,216,23,25,0,11,0,102,630293,322,0,78,1,0,0,23,0,0,23,1,1,1,2
3128.84,1662561614471,5.017378526,1,17.4,35.0,0.0,47.6,0.0,0.0,0.0,116,1,67,0,2,506488,117456,324128,700248,5854,99762,84,84,35,0,0,7,9,7,2,0,1,0,0,0,0,4,544782,0,3,2,12,2865,234966,5321,0,1,22775,17827,1248,1396,83,11,105,0,9,106,106,107,6,5,2003509,209,0,130,7,347933,347881,126,15,0,0,4,542624,334544,6,6,227,35,19,0,0,0,103,703059,303,0,78,1,0,0,4,0,2,6,1,0,0,1
3133.86,1662561621347,5.017245986,1,4.9,35.9,0.0,59.2,0.0,0.0,0.0,116,1,67,0,2,507592,116344,324136,701364,7842,101078,56,56,35,0,0,5,7,5,2,1,1,0,0,0,0,13,529866,0,14,1,11,3846,226492,5762,0,1,24250,18879,12298,12816,2537,473,2575,504,9,120,120,116,5483,1910,1946875,235,21,129,7,350756,350686,143,16,21,27,42,527704,328690,20,33,253,35,33,5,27,1,107,632712,373,0,81,1,0,0,46,0,0,46,1,0,0,1
3138.88,1662561628197,5.017456465,1,3.5,31.1,0.0,65.4,0.0,0.0,0.0,116,1,67,0,2,508072,115848,324152,701860,5957,95001,294,294,35,0,0,5,7,5,2,0,1,0,0,0,0,10,477795,0,4,2,11,1245,187760,5263,0,1,22376,17617,7385,7485,1435,179,1453,63,9,105,105,107,3204,1055,1738748,197,13,123,44,334087,334022,120,16,13,16,29,475793,315100,15,20,217,26,26,0,16,0,101,558466,321,0,77,1,0,0,29,0,0,29,1,0,0,1
3143.9,1662561634979,5.020529001,1,3.6,28.4,0.0,67.7,0.0,0.0,0.3,116,1,67,0,2,507248,116676,324148,701028,5768,98719,56,56,35,0,0,5,9,5,4,0,2,0,0,0,0,8,491657,0,3,1,17,2876,192352,5165,0,1,22702,17771,2479,2726,540,207,294,0,13,106,106,106,795,408,1797270,209,3,129,18,341495,341451,127,19,3,2,10,489708,326904,6,6,229,37,26,0,3,0,103,601385,309,0,83,1,2,6,3,1,4,7,1,1,0,2
3148.92,1662561641804,5.015869832,1,4.7,31.0,0.0,63.9,0.0,0.0,0.3,116,1,67,0,2,507552,116368,324152,701340,5540,99397,84,84,35,0,0,5,7,5,2,0,1,0,0,0,0,9,524417,0,5,1,11,2200,213430,5139,0,1,23037,18078,3131,3277,458,86,481,0,8,104,104,105,878,250,1883832,203,4,130,5,350612,350558,125,14,4,5,12,522420,335720,10,11,220,29,14,0,5,0,100,675151,310,0,77,1,0,0,9,0,0,9,1,1,1,2
3153.94,1662561648620,5.015345941,1,2.3,30.5,0.0,66.9,0.0,0.0,0.3,116,1,67,0,2,507144,116764,324164,700944,5705,98912,294,294,35,0,0,7,10,7,3,1,2,0,0,0,0,10,488188,0,3,1,14,2712,192727,5254,2,1,23542,18525,7413,7565,1444,305,1457,189,11,109,109,107,3207,1051,1781610,207,13,129,44,341424,341361,131,18,13,16,30,485826,321779,15,20,228,24,28,0,16,0,104,577787,344,0,85,1,1,0,29,0,2,31,1,1,1,2
3158.96,1662561655440,5.015457826,1,2.3,33.2,0.0,63.8,0.0,0.0,0.7,116,1,67,0,2,506836,117080,324156,700628,5560,98719,56,56,35,0,0,5,7,5,2,0,1,0,0,0,0,9,525980,0,3,1,10,2088,221998,5265,0,1,22868,17866,3960,4150,876,158,900,189,8,106,106,105,1597,680,1918057,209,7,129,46,345177,345122,124,14,7,8,16,523926,329460,10,13,229,30,26,0,8,0,101,660036,314,0,73,1,0,0,22,0,0,22,1,0,0,1
3163.98,1662561662265,5.017014073,1,4.0,36.2,0.0,59.9,0.0,0.0,0.0,116,1,67,0,2,506260,117652,324160,700056,5902,98565,84,84,35,0,0,5,7,5,2,6,1,0,0,0,0,6,524964,0,4,1,11,3028,216853,5527,0,1,23314,18161,3806,3999,606,100,629,63,128,103,103,105,1118,364,1946490,201,8,132,5,350972,350920,191,16,8,9,16,522932,334905,11,16,361,32,124,0,9,0,99,652302,462,0,124,1,0,0,10,0,0,10,1,0,0,1
3169,1662561669103,5.016123413,1,1.7,27.5,0.0,70.1,0.0,0.0,0.7,115,1,66,0,2,506704,117192,324176,700516,5550,98834,266,266,35,0,0,5,7,5,2,0,1,0,0,0,0,15,487341,0,3,2,11,2891,193345,5388,0,1,23505,18506,7391,7541,1431,241,1439,126,9,108,108,107,3226,1046,1777332,205,13,128,44,341350,341292,128,16,13,16,30,485165,321731,15,20,224,24,25,0,16,0,103,577512,342,0,79,1,0,0,28,1,4,32,1,0,0,1
3174.01,1662561675878,5.013493193,1,1.6,33.5,0.0,64.9,0.0,0.0,0.0,116,1,67,0,2,506812,117080,324180,700628,14234,211533,168,168,35,0,0,0,0,0,0,1,0,0,0,0,1,5,515479,0,15,0,5,3413,198634,5523,0,0,23851,19034,10115,9891,2067,519,1918,252,5,121,121,119,4158,1520,1818943,237,14,131,7,364397,364364,140,12,14,26,37,515120,344434,18,28,256,35,33,5,18,1,109,620453,347,0,67,1,0,0,36,0,0,36,1,0,0,1
3179.03,1662561688378,5.015156054,1,2.3,32.6,0.0,65.2,0.0,0.0,0.0,116,1,67,0,2,507092,116784,324196,700920,5706,98834,294,294,35,0,0,7,11,7,3,1,2,0,0,0,0,10,498610,0,4,1,15,2254,192438,5303,2,1,23249,18246,5308,5468,1044,102,1073,63,11,109,109,110,2319,800,1800382,205,9,129,44,349003,348950,126,17,9,11,20,496599,331243,11,15,224,23,24,0,11,0,106,596942,342,0,86,1,1,0,23,0,2,25,1,1,1,2
3184.05,1662561695133,5.023997710,1,2.8,28.3,0.0,68.6,0.0,0.0,0.4,116,1,67,0,2,506120,117764,324188,699948,5917,99812,56,56,35,0,0,5,7,5,2,0,1,0,0,0,0,3,491691,0,4,2,11,2885,188697,4972,0,1,22739,17799,2489,2391,564,208,279,0,9,108,107,109,825,421,1792753,211,3,129,18,342326,342278,127,15,3,2,10,489725,327742,7,7,234,37,27,0,3,0,105,604853,315,0,73,1,0,0,5,0,0,5,1,0,0,1
3189.07,1662561701982,5.016001900,1,1.3,35.8,0.0,62.9,0.0,0.0,0.0,115,1,67,0,2,507592,116280,324200,701428,5494,99347,84,84,35,0,0,5,9,5,4,0,2,0,0,0,0,0,498696,0,4,1,16,2918,192938,5188,0,1,23009,18049,3129,3654,457,86,486,0,13,103,103,104,877,270,1828958,201,4,130,5,346377,346325,124,18,4,6,12,496675,331419,9,10,217,29,14,0,5,0,100,605643,312,0,81,1,2,6,7,1,4,11,1,1,0,2
3194.09,1662561708800,5.018131112,1,2.2,32.3,0.0,64.6,0.0,0.0,0.9,115,1,67,0,2,507032,116832,324208,700880,5550,96748,266,266,35,0,0,5,7,5,2,0,1,0,0,0,0,15,492641,0,3,1,11,2874,195425,5396,0,1,23157,18233,7360,7831,1429,241,1456,252,9,106,106,108,3203,1045,1805296,201,13,127,44,344612,344556,126,16,13,16,30,490812,325282,15,20,220,24,25,0,16,0,105,585727,340,0,80,1,0,0,29,0,0,29,1,0,0,1
3199.11,1662561715559,5.015509008,1,3.6,36.3,0.0,60.1,0.0,0.0,0.0,115,1,67,0,2,506740,117116,324216,700592,5664,98719,84,84,35,0,0,5,7,5,2,0,1,0,0,0,0,13,497937,0,4,1,11,570,189167,5115,0,1,22852,17855,3963,4523,901,473,921,63,9,106,106,107,1605,684,1808684,207,8,129,46,349054,349008,125,16,7,8,16,496448,333430,10,13,230,30,26,0,8,0,103,598942,317,0,72,1,0,0,21,0,0,21,1,0,0,1
3204.13,1662561722332,5.015739329,1,3.0,35.1,0.0,61.6,0.0,0.0,0.3,115,1,67,0,2,506960,116876,324236,700824,5644,99658,84,84,35,0,0,5,7,5,2,0,1,0,0,0,0,3,518814,0,5,2,10,2199,206630,5164,0,1,22989,18043,3138,3609,459,87,484,0,9,105,105,105,869,262,1858097,205,4,130,5,351844,351787,123,16,4,5,12,516786,336767,10,11,221,29,15,0,5,0,100,641701,313,0,70,1,0,0,9,0,0,9,1,0,0,1
3209.15,1662561729154,5.015768713,1,3.9,36.7,0.0,59.1,0.0,0.0,0.3,115,1,67,0,2,507040,116788,324244,700912,7842,100457,266,266,35,0,0,7,10,7,3,7,2,0,0,0,0,28,491913,0,16,1,13,1531,199269,6036,3,1,25073,19571,17083,17554,3628,636,3673,693,10,125,125,120,8015,2755,1814359,239,34,129,46,345190,345106,145,15,34,42,64,490156,317924,25,46,270,30,49,5,42,1,109,549430,412,0,89,1,1,0,68,0,2,70,1,1,1,2
3214.17,1662561736008,5.017265533,1,2.5,34.7,0.0,62.4,0.0,0.0,0.3,115,1,67,0,2,506804,117016,324252,700684,5760,93504,84,84,35,0,0,5,9,5,4,0,2,0,0,0,0,8,522573,0,4,2,18,2756,231648,5291,0,1,21680,16941,3841,4409,874,221,899,63,13,99,99,102,1596,689,1951421,193,7,128,45,330778,330723,123,17,7,8,16,520452,315901,10,13,211,28,22,0,8,0,95,657401,323,0,85,1,2,6,19,1,4,23,1,1,0,2
3219.19,1662561742847,5.016532684,1,3.0,36.0,0.0,60.1,0.0,0.0,0.9,115,1,67,0,2,506528,117292,324252,700408,5494,98304,56,56,35,0,0,5,7,5,2,0,1,0,0,0,0,7,545826,0,3,1,11,1791,239640,5251,0,1,22912,17980,3120,3269,464,87,483,0,8,102,102,103,874,259,2038281,201,4,130,5,345616,345568,120,13,4,5,13,543843,330757,10,11,216,29,14,0,5,0,99,703685,303,0,78,1,0,0,9,0,0,9,1,0,0,1
3224.75,1662561749666,5.560834855,1,2.2,35.0,0.0,62.1,0.0,0.0,0.6,115,1,67,0,2,507388,116424,324260,701280,6324,111661,294,294,35,0,0,5,7,5,2,0,1,0,0,0,0,11,583777,0,5,1,12,1391,245932,5967,0,1,26053,20513,6569,7280,1090,234,1356,63,10,122,122,120,2540,727,2168212,231,11,143,34,385857,385807,143,18,11,14,23,582067,365938,15,20,250,33,20,0,13,0,115,716382,387,0,86,1,0,0,25,0,0,25,1,0,0,1
3229.77,1662561757138,5.016535413,1,2.4,35.8,0.0,61.2,0.0,0.0,0.6,115,1,67,0,2,507056,116768,324248,700940,5615,97441,56,56,35,0,0,5,7,5,2,0,1,0,0,0,0,4,485869,0,5,1,13,634,187702,5370,0,1,22634,17673,3776,4252,862,94,901,126,9,103,103,104,1597,689,1737937,203,7,128,44,338091,338039,122,16,7,8,17,483847,322740,10,13,221,23,21,0,8,0,99,596664,324,0,78,1,0,0,21,0,0,21,1,0,0,1
3234.79,1662561763950,5.019629198,1,19.2,33.7,0.0,46.2,0.0,0.0,1.0,115,1,67,0,2,506804,117016,324252,700688,5649,99425,84,84,35,0,0,5,7,5,2,0,1,0,0,0,0,3,498891,0,4,2,11,2901,191584,5169,0,1,22938,17999,3012,3510,424,22,452,0,9,104,104,105,740,212,1818117,203,4,130,5,347473,347412,123,16,3,5,9,496496,332731,8,9,219,29,15,0,1,0,101,608029,306,0,68,1,0,0,7,0,0,7,1,0,0,1
3239.81,1662561770751,5.015806427,1,3.1,33.5,0.0,63.3,0.0,0.0,0.0,115,1,67,0,2,506924,116884,324264,700820,6004,99927,266,266,35,0,0,7,9,7,2,0,1,0,0,0,0,1,542217,0,4,1,10,2897,238373,5449,0,1,23534,18567,4669,4817,624,94,649,63,8,110,110,113,1612,377,2021646,210,6,130,5,346148,346089,128,13,6,8,17,540271,328783,11,13,227,31,20,0,8,0,107,671665,327,0,73,1,4,4,13,1,6,19,1,1,0,2
3244.83,1662561777560,5.015862998,1,2.2,30.6,0.0,66.9,0.0,0.0,0.3,113,1,66,0,2,506948,116848,324276,700852,5482,97261,84,84,35,0,0,5,7,5,2,0,1,0,0,0,0,7,519831,0,6,2,11,2878,217845,5360,0,1,22707,17728,3773,3950,878,283,896,63,9,102,102,104,1596,683,1911441,199,7,129,44,342349,342296,125,15,7,9,16,517849,326933,10,13,220,23,20,0,8,0,98,647535,322,0,73,1,0,0,19,0,0,19,1,1,1,2
3249.84,1662561784321,5.014104695,1,3.7,29.0,0.0,66.7,0.0,0.0,0.7,115,1,67,0,2,506892,116888,324292,700816,12896,189275,350,350,35,0,0,4,6,4,2,6,1,0,0,0,0,19,517288,0,14,1,11,1601,207085,5671,0,1,24066,19051,13471,13900,2973,869,2884,567,110,122,122,119,6517,2284,1853259,233,29,129,46,360487,360446,191,15,29,36,50,517085,336207,20,37,384,30,149,5,29,1,110,593402,509,0,122,1,0,0,52,0,0,52,1,0,0,1
3254.86,1662561795736,5.015142091,1,1.1,28.3,0.0,70.7,0.0,0.0,0.0,115,1,67,0,2,506340,117436,324296,700268,5658,98769,84,84,35,0,0,5,7,5,2,0,1,0,0,0,0,9,538991,0,5,1,10,784,233387,5166,0,1,22882,17882,3961,4127,885,284,903,63,8,107,107,107,1600,680,2015487,209,7,129,46,346069,346011,128,13,7,8,16,536971,330350,10,13,233,30,26,0,8,0,101,684580,308,0,74,1,0,0,21,0,0,21,1,0,0,1
3259.88,1662561802566,5.015207152,1,4.3,35.1,0.0,60.6,0.0,0.0,0.0,115,1,67,0,2,506796,116980,324296,700724,5522,98512,84,84,35,0,0,7,10,7,3,1,2,0,0,0,0,3,522522,0,3,1,14,2871,215046,5039,2,1,22871,17956,3134,3394,461,212,482,126,11,101,101,103,874,259,1888210,199,4,130,5,347827,347778,127,17,4,5,13,520510,332955,10,11,214,29,14,0,5,0,100,657964,313,0,82,1,1,0,9,0,0,9,1,1,1,2
3264.9,1662561809425,5.015175442,1,2.4,32.8,0.0,64.8,0.0,0.0,0.0,115,1,67,0,2,507096,116684,324292,701020,5844,97939,266,266,35,0,0,5,9,5,4,0,2,0,0,0,0,10,483200,0,3,1,17,683,187815,5264,0,1,23260,18259,6064,5922,1219,300,1176,126,13,108,108,109,2839,910,1768726,205,11,129,44,338631,338575,126,18,11,11,25,481234,320418,13,17,224,23,25,0,15,0,106,578697,343,0,85,1,2,6,25,1,4,29,1,1,0,2
3269.92,1662561816267,5.016067684,1,2.6,30.1,0.0,67.2,0.0,0.0,0.0,115,1,67,0,2,505412,118356,324304,699344,5525,96592,84,84,35,0,0,5,7,5,2,0,1,0,0,0,0,9,509262,0,4,1,11,2807,207087,5143,0,1,22054,17216,3765,4309,876,283,905,126,9,100,100,100,1599,693,1852145,195,7,125,44,341358,341303,119,16,7,8,16,507080,326215,10,13,212,23,20,0,8,0,96,630036,299,0,76,1,0,0,21,0,0,21,1,0,0,1
3274.93,1662561823076,5.014977441,1,4.0,41.4,0.0,54.5,0.0,0.0,0.0,115,1,67,0,2,507032,116736,324304,700968,5488,98354,56,56,35,0,0,5,7,5,2,0,1,0,0,0,0,4,561882,0,4,1,11,2669,251369,5155,0,1,22857,17945,3123,3272,462,86,469,0,9,103,103,104,872,254,2107849,203,4,130,5,350863,350814,127,16,4,5,13,559854,336031,10,11,219,29,14,0,5,0,99,727246,322,0,78,1,0,0,10,0,0,10,1,0,0,1
3279.96,1662561829984,5.033359798,1,1.4,30.6,0.0,67.4,0.0,0.0,0.7,115,1,67,0,2,506072,117680,324320,700024,5602,98834,294,294,35,0,0,5,7,5,2,0,1,0,0,0,0,11,484441,0,4,2,10,2894,190194,5265,0,1,23474,18475,6164,6900,983,232,1259,63,8,109,109,110,2430,677,1770589,205,10,128,33,341458,341395,122,13,10,14,23,482469,323108,14,19,216,22,15,0,13,0,105,584308,328,0,75,1,0,0,28,0,0,28,1,0,0,1
3284.98,1662561836848,5.020615693,1,1.0,35.0,0.0,64.1,0.0,0.0,0.0,115,1,67,0,2,507040,116708,324324,700992,7710,99824,56,56,35,0,0,7,11,7,3,2,2,0,0,0,0,11,501775,0,14,1,14,1561,202734,5771,2,1,24169,18719,12955,13210,2954,862,2982,882,11,118,118,114,6172,2306,1787754,231,24,130,46,347371,347292,137,15,24,30,47,499791,324741,20,35,252,29,38,5,30,1,105,596203,372,0,81,1,1,0,58,0,2,60,1,1,1,2
3290,1662561843652,5.018771447,1,12.2,36.5,0.0,50.8,0.0,0.0,0.6,116,3,68,0,1,506544,117184,324344,700516,5494,98304,84,84,35,0,0,5,9,5,4,0,2,0,0,0,0,4,553577,0,4,2,17,2878,241219,5382,0,1,22899,17977,3131,3598,457,86,478,63,12,103,103,104,878,264,2055068,201,5,130,5,351844,351791,126,15,4,5,12,551466,336975,10,11,217,29,14,0,5,0,99,703905,317,0,81,1,2,6,10,1,4,14,1,1,0,2
3295.02,1662561850648,5.015641898,1,2.1,35.2,0.0,62.3,0.0,0.0,0.4,115,1,67,0,2,506032,117688,324352,700008,5776,98986,294,294,35,0,0,5,7,5,2,0,1,0,0,0,0,8,502191,0,6,1,9,2765,205174,5710,0,1,23850,18675,4842,4989,637,226,649,0,153,111,111,112,1607,354,1817050,211,6,133,5,340067,340018,211,16,6,8,17,500333,321952,13,15,387,30,141,0,9,0,107,616163,504,0,132,1,0,0,11,0,0,11,1,0,0,1
3300.04,1662561857456,5.023950744,1,3.0,36.9,0.0,59.5,0.0,0.0,0.6,115,1,67,0,2,506316,117408,324348,700288,5233,90038,56,56,35,0,0,5,7,5,2,0,1,0,0,0,0,6,490641,0,3,1,12,2738,188508,4991,0,1,20970,16377,3743,3905,865,219,886,126,9,95,95,96,1605,684,1753325,187,7,120,44,340215,340160,115,16,7,8,17,488519,325717,10,13,205,23,21,0,8,0,92,600001,308,0,79,1,0,0,23,0,0,23,1,0,0,1
3305.06,1662561864286,5.015859413,1,19.1,34.2,0.0,45.6,0.0,0.0,1.0,115,1,67,0,2,507008,116712,324352,700984,11186,104588,9035,9035,35,0,0,5,7,5,2,0,1,0,0,0,0,1,508491,0,12,1,11,2896,205585,5479,0,1,23160,18202,3844,3987,667,155,699,0,9,150,151,147,1263,438,1820362,239,5,131,7,344383,344334,144,14,5,6,14,506519,328682,11,12,261,33,37,11,6,2,136,636731,342,0,75,1,0,0,9,0,0,9,1,0,0,1
3310.08,1662561871136,5.016550614,1,5.4,38.6,0.0,54.6,0.0,0.0,1.4,115,1,67,0,2,507356,116360,324356,701340,5845,100179,266,266,35,0,0,5,9,5,4,1,2,0,0,0,0,2,546263,0,3,2,17,2855,237273,5462,3,1,23129,18204,2696,2841,245,205,264,126,13,111,111,112,741,129,2038617,211,2,130,6,349368,349320,133,18,2,3,8,544219,333830,7,8,228,32,21,0,3,0,109,701217,328,0,87,1,1,0,7,0,0,7,1,1,1,2
3315.1,1662561877987,5.016577809,1,1.7,36.0,0.0,61.7,0.0,0.0,0.7,115,1,67,0,2,505980,117720,324372,699968,5740,98354,84,84,35,0,0,7,9,7,2,0,1,0,0,0,0,11,501768,0,5,1,10,1339,205363,5275,0,1,22721,17734,3783,4260,877,158,900,63,8,104,104,106,1602,685,1832105,203,7,129,44,336577,336524,120,13,7,8,16,499662,321130,10,13,221,25,20,0,8,0,98,621483,318,0,73,1,4,4,21,1,6,27,1,1,0,2
3320.12,1662561884852,5.016542662,1,8.7,31.0,0.0,60.0,0.0,0.0,0.3,114,1,66,0,2,506756,116944,324372,700752,5390,96218,56,56,35,0,0,5,7,5,2,0,1,0,0,0,0,4,549992,0,3,2,10,2764,245100,5247,0,1,22167,17395,4360,4257,877,158,652,63,9,100,100,101,1627,614,2058539,197,7,126,16,344626,344572,119,15,7,7,19,548011,328921,11,12,217,31,24,0,8,0,98,700539,310,0,77,1,0,0,10,0,0,10,1,1,1,2
3325.13,1662561891625,5.013480151,1,4.0,33.1,0.0,62.6,0.0,0.0,0.3,115,1,67,0,2,506056,117636,324380,700064,14523,218035,378,378,35,0,0,0,0,0,0,0,0,0,0,0,0,13,498084,0,15,0,5,3390,197085,5534,0,0,23666,18791,10837,11120,2502,840,2422,378,5,118,118,115,4954,1971,1841925,231,21,130,46,349059,349020,137,11,20,29,41,497622,328399,18,30,253,29,37,5,21,1,105,582200,349,0,70,1,0,0,53,0,0,53,1,0,0,1
3330.15,1662561904366,5.016283209,1,21.2,36.5,0.0,42.0,0.0,0.0,0.3,115,1,67,0,2,505964,117732,324376,699968,5592,98615,84,84,35,0,0,5,7,5,2,0,1,0,0,0,0,5,558414,0,5,1,10,2879,243632,5147,0,1,23037,18070,3128,3282,454,24,484,0,9,104,104,105,874,249,2067602,203,4,130,5,354289,354242,127,15,4,6,12,556355,339404,10,11,220,29,14,0,6,0,100,717999,326,0,78,1,0,0,9,0,0,9,1,0,0,1
3335.17,1662561911162,5.017378260,1,2.8,38.4,0.0,57.6,0.0,0.0,1.2,115,1,67,0,2,506400,117284,324388,700412,6149,99136,266,266,35,0,0,7,9,7,2,0,1,0,0,0,0,3,494173,0,3,1,10,582,190100,5205,0,1,23334,18354,2688,3197,239,143,263,126,8,113,113,115,742,129,1808433,215,2,131,6,344400,344368,126,14,2,3,8,492101,328740,7,8,230,34,21,0,3,0,110,609652,318,0,74,1,0,0,6,1,6,12,1,0,0,1
3340.19,1662561917932,5.016058331,1,4.8,36.7,0.0,58.2,0.0,0.0,0.3,115,1,67,0,2,506024,117660,324388,700040,5390,98226,84,84,35,0,0,5,7,5,2,6,1,0,0,0,0,5,489946,0,4,1,11,2891,190993,5216,0,1,22901,17879,4269,4784,1011,355,1042,63,9,101,101,102,1842,778,1772088,197,11,130,44,340357,340282,120,16,11,12,20,487875,324290,10,17,224,23,26,0,12,0,98,611075,320,0,79,1,0,0,20,0,0,20,1,1,1,2
3345.26,1662561924748,5.073057974,1,6.9,39.0,0.0,53.6,0.0,0.0,0.6,115,1,67,0,2,506472,117200,324400,700500,5054,100598,56,56,35,0,0,5,7,5,2,0,1,0,0,0,0,9,495742,0,3,1,10,599,190618,5452,0,1,23178,18184,4361,4280,868,157,662,0,8,106,106,94,1618,604,1813516,209,7,131,16,346288,346232,128,14,7,7,19,493434,329960,11,12,231,31,25,0,8,0,91,605443,342,0,77,1,0,0,12,0,0,12,1,0,0,1
3350.28,1662561931627,5.015746162,1,6.3,39.2,0.0,54.2,0.0,0.0,0.3,115,1,67,0,2,505788,117876,324408,699824,5298,99299,294,294,35,0,0,5,7,5,2,0,1,0,0,0,0,9,521676,0,5,1,11,1488,214755,5265,0,1,23373,18390,2751,2905,253,142,269,63,9,115,115,103,739,135,1935088,217,2,131,7,347522,347475,134,15,2,3,7,519670,331737,7,8,237,35,23,0,3,0,97,649078,351,0,76,1,0,0,8,0,0,8,1,0,0,1
3355.3,1662561938408,5.016023824,1,4.0,39.0,0.0,56.2,0.0,0.0,0.8,115,2,67,0,2,505764,117908,324400,699792,5180,98721,84,84,35,0,0,7,10,7,3,2,2,0,0,0,0,11,490853,0,4,2,14,2879,189706,5227,2,1,22756,17749,3782,4246,882,472,906,63,11,105,105,92,1602,683,1773386,205,7,129,44,341738,341683,126,17,7,8,16,488413,326187,10,13,222,23,22,0,8,0,87,599965,329,0,79,1,1,0,21,0,0,21,1,1,1,2
3360.32,1662561945241,5.019525053,1,2.7,38.4,0.0,58.9,0.0,0.0,0.0,115,1,67,0,2,505912,117756,324404,699948,7754,98783,56,56,35,0,0,5,9,5,4,1,2,0,0,0,0,22,510349,0,14,1,16,2323,207247,5721,0,1,23908,18608,14893,14571,3315,938,3165,567,13,115,115,110,6897,2520,1858181,225,27,126,46,351238,351158,136,18,27,29,55,508342,327030,23,38,247,39,39,5,35,1,99,610174,383,0,87,1,2,6,58,1,4,62,1,1,0,2
3365.34,1662561952069,5.016549304,1,1.3,31.2,0.0,66.4,0.0,0.0,1.0,115,1,67,0,2,506488,117172,324412,700524,5200,100292,294,294,35,0,0,5,7,5,2,0,1,0,0,0,0,9,554862,0,4,2,11,1207,243527,4998,0,1,23244,18288,2748,2900,245,16,269,0,9,113,113,99,738,128,2057409,213,2,130,7,351617,351566,132,16,2,3,7,552601,335875,7,8,230,35,21,0,3,0,92,706020,346,0,70,1,0,0,6,0,0,6,1,1,1,2
3370.36,1662561958921,5.015827860,1,5.0,38.3,0.0,55.8,0.0,0.0,1.0,115,1,67,0,2,506436,117224,324412,700480,5585,99475,56,56,35,0,0,5,7,5,2,0,1,0,0,0,0,6,484043,0,5,1,11,588,191938,5188,0,1,22755,17760,3774,3942,867,283,894,63,9,103,103,103,1595,682,1774801,203,7,129,44,332232,332170,123,16,7,8,17,481833,316793,10,13,223,23,21,0,8,0,98,598783,299,0,67,1,0,0,20,0,0,20,1,0,0,1
3375.38,1662561965754,5.016723641,1,4.1,34.0,0.0,61.0,0.0,0.0,1.0,115,1,67,0,2,505756,117888,324428,699816,5338,96218,84,84,35,0,0,5,7,5,2,0,1,0,0,0,0,8,488466,0,4,1,11,2838,190245,5291,0,1,22498,17618,5843,6002,1258,297,1292,63,9,100,100,102,2473,934,1741786,194,12,126,44,339629,339563,118,16,11,13,25,486033,322581,14,18,213,24,21,0,13,0,97,592524,310,0,67,1,0,0,29,0,0,29,1,0,0,1
3380.4,1662561972589,5.017470206,1,1.2,31.7,0.0,67.1,0.0,0.0,0.0,116,1,67,0,2,505764,117888,324420,699816,5768,99762,84,84,35,0,0,5,9,3,4,1,2,0,0,0,0,3,496797,0,3,1,17,586,191095,5290,2,1,23168,18202,3356,3490,470,88,499,0,12,106,106,108,885,252,1737437,209,4,131,7,345374,345310,128,13,4,5,13,494315,330178,10,11,228,36,20,0,6,0,104,632750,316,0,80,1,1,0,11,0,0,11,1,1,1,2
3385.42,1662561979357,5.016631157,1,0.7,29.8,0.0,68.4,0.0,0.0,1.1,116,1,67,0,2,505708,117928,324436,699768,5234,93350,56,56,35,0,0,7,9,7,2,6,1,0,0,0,0,12,544233,0,3,2,11,2804,237366,5359,0,1,21851,16911,4444,4602,1015,424,1036,126,141,95,95,96,1838,768,2032869,187,11,125,44,346564,346502,199,13,11,12,21,541822,330647,11,18,365,24,137,0,12,0,93,681887,481,0,141,1,4,4,21,1,6,27,1,1,0,2
3390.44,1662561986146,5.019730775,1,5.2,40.2,0.0,54.0,0.0,0.0,0.7,116,1,67,0,2,506420,117212,324440,700492,5470,98356,84,84,35,0,0,5,7,5,2,0,1,0,0,0,0,1,497113,0,4,1,10,2913,200219,5371,0,1,23041,18038,5849,6003,1255,297,1276,0,8,102,102,103,2467,930,1835654,199,11,129,44,339647,339584,119,12,11,13,25,494945,322417,14,18,219,24,22,0,13,0,98,604177,321,0,80,1,0,0,26,0,0,26,1,0,0,1
3395.46,1662561992975,5.016989399,1,1.9,34.0,0.0,64.1,0.0,0.0,0.0,115,1,66,0,2,507276,116304,324492,701380,5866,99812,56,56,35,0,0,5,7,5,2,0,1,0,0,0,0,5,549412,0,4,2,11,1230,238483,5480,0,1,23078,18117,3340,3794,477,87,494,63,9,107,107,108,882,261,2039751,211,4,130,7,350495,350437,127,15,4,5,13,546855,335298,10,11,232,36,21,0,5,0,104,693504,319,0,70,1,0,0,10,0,0,10,1,0,0,1
3400.51,1662561999788,5.047536603,1,4.1,33.0,0.0,61.0,0.0,0.0,1.9,116,1,67,0,2,506416,117188,324468,700504,7527,99851,84,84,35,0,0,5,7,5,2,7,1,0,0,0,0,30,535623,0,17,1,11,3561,231014,5819,0,1,24081,18718,12292,13441,2702,609,2936,504,9,119,119,114,5742,2087,1984117,232,26,129,35,352336,352282,142,15,26,33,44,534871,331218,18,37,249,27,27,5,31,1,103,656776,370,0,78,1,0,0,56,0,0,56,1,0,0,1
3405.53,1662562006711,5.016743634,1,4.7,38.3,0.0,57.0,0.0,0.0,0.0,116,1,67,0,2,506440,117156,324476,700540,5176,92046,84,84,35,0,0,5,9,5,4,1,2,0,0,0,0,8,511728,0,3,1,16,2754,215229,5277,2,1,21787,17068,5869,6022,1259,360,1294,63,13,96,96,98,2468,953,1872118,189,11,123,44,339899,339842,118,18,11,13,26,509577,323272,14,18,211,24,23,0,13,0,93,616659,326,0,84,1,1,0,28,0,0,28,1,1,1,2
3410.55,1662562013521,5.016448227,1,10.0,39.0,0.0,51.0,0.0,0.0,0.0,117,3,68,0,1,500668,116988,330416,694776,5768,99762,56,56,35,0,0,7,9,7,2,0,1,0,0,0,0,8,528335,0,3,1,11,2875,221374,5633,0,1,23080,18130,3414,3845,1951,1537,495,0,9,106,106,107,922,1747,1929051,209,4,131,8,346789,346734,126,16,4,6,13,526058,331482,10,11,228,36,20,0,6,0,103,655847,335,0,72,1,6,6,13,1,6,19,1,1,0,2
3415.57,1662562020603,5.016687035,1,1.9,24.8,0.0,73.3,0.0,0.0,0.0,116,1,67,0,2,500148,117500,330424,694264,5591,98382,84,84,35,0,0,5,7,5,2,0,1,0,0,0,0,2,504053,0,5,1,14,549,206477,5103,0,1,22701,17768,1053,1204,65,9,91,0,9,104,104,105,8,5,1811434,205,0,130,5,336743,336703,127,16,0,0,3,502081,323596,6,6,216,28,14,0,0,0,99,640064,307,0,70,1,0,0,4,0,0,4,1,0,0,1
3420.59,1662562027416,5.020726960,1,4.1,33.3,0.0,61.3,0.0,0.0,1.3,116,1,67,0,2,500368,117288,330416,694476,5880,98204,266,266,35,0,0,5,7,5,2,6,1,0,0,0,0,13,537959,0,6,1,11,2891,232658,5619,0,1,23707,18663,7868,8311,1575,375,1596,126,9,110,110,111,3417,1137,2003417,209,17,129,44,350004,349934,126,14,17,20,34,535796,329916,15,24,230,24,25,0,20,0,106,658568,361,0,85,1,0,0,28,0,0,28,1,0,0,1
3425.61,1662562034235,5.016629111,1,22.5,29.7,0.0,47.1,0.0,0.0,0.7,116,1,67,0,2,500904,116736,330432,695028,5716,98719,84,84,35,0,0,5,7,5,2,0,1,0,0,0,0,11,524148,0,4,2,11,2909,221230,5414,0,1,23089,18132,3332,3791,468,24,494,0,9,107,107,108,872,258,1910609,209,4,135,7,343335,343288,126,16,4,5,12,522182,328092,10,11,229,36,20,0,5,0,104,658314,312,0,73,1,0,0,10,0,0,10,1,0,0,1
3430.63,1662562041121,5.016948469,1,5.0,28.5,0.0,64.8,0.0,0.0,1.7,116,1,67,0,2,500276,117368,330428,694396,5545,98382,56,56,35,0,0,5,7,5,2,6,1,0,0,0,0,6,507878,0,3,1,10,2910,210889,5142,0,1,22960,17823,1731,2196,220,25,244,0,148,102,102,103,253,94,1880647,201,4,132,5,339396,339348,204,14,4,4,8,505823,325151,7,11,374,29,132,0,4,0,100,640344,472,0,130,1,0,0,4,0,0,4,1,0,0,1
3435.65,1662562047949,5.018672602,1,1.6,35.2,0.0,61.7,0.0,0.0,1.6,116,1,67,0,2,499620,118016,330436,693748,7974,101400,294,294,35,0,0,7,9,7,2,1,1,0,0,0,0,27,512886,0,15,1,11,3554,213236,5991,0,1,24984,19504,15972,16424,3361,1383,3393,1008,9,124,124,121,7367,2539,1886330,235,28,129,46,350004,349907,143,15,28,37,55,510299,323676,22,39,258,30,42,5,34,1,111,598985,389,0,81,1,6,6,64,1,6,70,1,1,0,2
3440.67,1662562054801,5.017547235,1,6.7,32.3,0.0,60.4,0.0,0.0,0.6,116,1,67,0,2,499576,118052,330444,693712,6628,97371,1114,1114,35,0,0,5,7,5,2,0,1,0,0,0,0,5,526994,0,15,1,10,2847,227163,5363,0,1,22535,17695,4628,4518,869,159,674,126,8,127,127,132,1613,579,1950885,215,7,127,18,340066,340012,127,13,7,7,20,524869,323939,12,13,243,42,35,22,8,4,114,668916,355,0,78,1,0,0,11,0,0,11,1,0,0,1
3445.69,1662562061756,5.017592116,1,4.2,30.5,0.0,63.7,0.0,0.0,1.6,116,1,67,0,2,500124,117492,330456,694272,5540,99397,84,84,35,0,0,5,7,5,2,0,1,0,0,0,0,3,526912,0,5,1,13,2870,223073,5242,0,1,22615,17699,1046,1200,65,9,90,0,9,104,104,105,4,5,1921033,202,0,130,5,341747,341701,123,16,0,0,3,525036,328639,6,6,219,28,13,0,0,0,100,688527,298,0,70,1,0,0,3,0,0,3,1,1,1,2
3450.71,1662562068595,5.017997252,1,2.9,31.9,0.0,64.5,0.0,0.0,0.7,116,1,67,0,2,500432,117180,330460,694584,5550,97635,294,294,35,0,0,5,7,5,2,0,1,0,0,0,0,8,508093,0,4,1,11,720,213760,5403,0,1,23229,18232,5289,5445,1033,417,1070,63,9,107,107,108,2323,803,1867087,201,9,129,44,336719,336664,126,16,9,11,20,506172,319007,11,15,220,23,24,0,11,0,104,630539,354,0,79,1,0,0,23,0,0,23,1,0,0,1
3455.73,1662562075376,5.015608510,1,2.9,32.1,0.0,63.8,0.0,0.0,1.3,116,1,67,0,2,500464,117136,330472,694624,5716,98980,56,56,35,0,0,5,7,5,2,0,1,0,0,0,0,11,496533,0,3,2,11,1448,201653,5518,0,1,23196,18177,6075,6623,1269,235,1297,0,9,106,106,104,2473,938,1782058,207,12,129,46,336841,336779,125,16,11,13,26,494205,319318,14,18,230,31,27,0,13,0,101,603603,333,0,78,1,0,0,29,0,0,29,1,0,0,1
3460.75,1662562082185,5.015584534,1,1.9,34.8,0.0,62.1,0.0,0.0,1.2,115,1,66,0,2,500620,116988,330464,694772,5494,99347,84,84,35,0,0,7,9,7,2,0,1,0,0,0,0,0,486368,0,4,1,15,543,191304,5328,0,1,22714,17773,1057,1242,65,9,90,63,9,104,104,104,15,5,1706194,203,0,130,5,334178,334134,123,16,0,0,3,484487,321026,6,6,217,28,14,0,0,0,100,618172,301,0,70,0,0,0,4,0,0,4,0,0,0,0
3465.77,1662562088999,5.016456486,1,4.8,33.5,0.0,61.4,0.0,0.0,0.4,116,2,66,0,2,500148,117448,330476,694312,5958,98834,266,266,35,0,0,5,7,5,2,0,1,0,0,0,0,10,511287,0,3,2,10,2898,209485,5384,0,1,23339,18315,5303,5457,1033,480,1061,126,8,108,108,112,2335,799,1875926,205,9,129,44,344629,344577,126,14,9,11,21,509070,326774,11,15,223,25,24,0,11,0,107,633291,333,0,77,1,0,0,22,1,4,26,1,0,0,1
3470.79,1662562095900,5.017371718,1,4.2,31.3,0.0,62.7,0.0,0.0,1.8,114,1,66,0,2,500364,117224,330484,694536,5710,98769,84,84,35,0,0,7,10,7,3,1,2,0,0,0,0,13,483910,0,5,1,17,1921,188609,5380,2,1,23232,18206,6062,6566,1268,360,1297,252,11,108,108,109,2465,929,1709488,211,11,129,46,338496,338439,133,17,11,13,25,481854,321053,14,18,234,31,27,0,13,0,103,581097,330,0,92,3,5,4,25,1,6,31,1,3,2,4
3475.81,1662562102645,5.021916441,1,7.4,32.7,0.0,58.0,0.0,0.0,1.8,115,1,67,0,2,501212,116372,330488,695388,12348,183479,140,140,35,0,0,0,0,0,0,6,0,0,0,0,0,22,502065,0,14,0,5,3440,198469,5742,0,0,24327,19197,14255,14984,3234,936,3189,504,79,117,117,113,6762,2463,1850273,231,31,131,46,354763,354715,173,12,30,38,56,500938,330080,22,40,365,31,134,5,30,1,104,586477,469,0,103,1,0,0,62,0,0,62,1,0,0,1
3480.83,1662562113747,5.015792321,1,14.9,29.6,0.0,54.9,0.0,0.0,0.6,116,3,68,0,1,501196,116380,330496,695384,5768,99762,84,84,35,0,0,5,7,5,2,0,1,0,0,0,0,2,508748,0,4,1,11,1031,197495,5052,0,1,22867,17904,1242,1718,81,10,104,0,9,108,108,109,7,6,1857490,209,0,130,7,349293,349151,126,16,0,0,4,506452,335734,7,7,228,35,19,0,1,0,104,635573,307,0,66,1,0,0,6,0,1,7,1,0,0,1
3485.85,1662562120594,5.016869268,1,2.6,34.2,0.0,62.9,0.0,0.0,0.3,115,1,67,0,2,500740,116836,330496,694932,5466,98406,84,84,35,0,0,5,7,5,2,0,1,0,0,0,0,4,554076,0,6,1,11,2842,243046,5147,0,1,22685,17754,1045,1200,65,9,91,0,9,104,104,105,4,5,2066175,203,0,130,5,349721,349679,126,16,0,0,3,552462,336602,6,6,215,28,13,0,0,0,98,728001,311,0,74,1,0,0,4,0,0,4,1,0,0,1
3490.87,1662562127422,5.016625551,1,3.1,33.6,0.0,62.6,0.0,0.0,0.6,115,1,67,0,2,500984,116592,330496,695172,5989,99275,266,266,35,0,0,5,7,5,2,0,1,0,0,0,0,10,513607,0,5,1,11,2891,216035,5528,0,1,23603,18564,7387,7540,1434,306,1462,63,8,110,110,111,3170,1068,1908860,209,13,129,44,342047,341986,124,13,13,16,30,511589,322435,15,20,231,24,28,0,16,0,107,606394,337,0,78,1,0,0,30,0,0,30,1,0,0,1
3495.89,1662562134301,5.015811997,1,21.9,32.8,0.0,45.0,0.0,0.0,0.3,115,1,67,0,2,500724,116840,330508,694928,5768,99762,84,84,35,0,0,5,9,5,4,0,2,0,0,0,0,1,503061,0,4,2,13,2916,193219,5106,0,1,23193,18210,3338,3789,471,87,493,0,13,107,107,108,870,248,1776238,209,4,131,7,349913,349856,128,17,4,5,12,500994,334552,10,11,229,36,20,0,5,0,104,619340,316,0,76,1,2,6,11,1,4,15,1,2,1,2
3500.92,1662562141114,5.029104749,1,4.7,30.3,0.0,63.1,0.0,0.0,1.9,115,1,67,0,2,500840,116732,330500,695036,5494,99347,56,56,35,0,0,5,7,5,2,0,1,0,0,0,0,0,496486,0,3,1,10,2901,190871,5112,0,1,22742,17794,1050,1550,66,9,91,0,8,102,102,104,4,6,1810111,201,0,130,5,344438,344394,124,13,0,0,4,494371,331242,6,6,215,28,13,0,0,0,100,613297,297,0,66,1,0,0,3,0,0,3,1,0,0,1
3505.94,1662562147930,5.015455029,1,2.3,31.2,0.0,64.8,0.0,0.0,1.6,115,1,67,0,2,501132,116424,330516,695344,5809,98834,294,294,35,0,0,7,9,7,2,0,1,0,0,0,0,5,532182,0,4,1,11,557,228322,5515,0,1,23661,18623,7372,7855,1430,304,1452,63,9,110,110,111,3169,1052,1984695,206,13,129,44,348117,348056,129,15,13,16,30,530239,328566,15,20,227,24,26,0,16,0,106,647086,348,0,79,1,0,0,29,0,2,31,1,0,0,1
3510.97,1662562154729,5.030962703,1,1.9,35.5,0.0,62.6,0.0,0.0,0.0,115,1,67,0,2,500528,117024,330520,694744,8037,106421,84,84,35,0,0,5,7,5,2,1,1,0,0,0,0,14,491553,0,14,1,11,2453,191492,5589,0,1,24571,19134,13741,13578,2865,415,2753,378,9,121,121,118,6122,2140,1811947,239,24,130,20,349470,349394,141,15,24,28,48,490798,325828,21,34,266,44,47,5,30,1,108,585527,375,0,79,1,0,0,49,0,0,49,1,0,0,1
3515.99,1662562161776,5.015686230,1,1.6,34.0,0.0,64.5,0.0,0.0,0.0,115,1,67,0,2,501260,116288,330524,695480,5620,98562,84,84,35,0,0,5,7,5,2,0,1,0,0,0,0,6,514808,0,5,1,11,1095,205559,5192,0,1,22745,17803,1053,1531,66,9,90,0,8,106,106,106,5,5,1840992,207,0,130,5,347396,347330,127,14,0,0,4,512677,334225,6,6,223,28,14,0,0,0,101,665087,301,0,66,1,0,0,3,0,0,3,1,0,0,1
3521.01,1662562168546,5.016059639,1,3.8,32.7,0.0,63.5,0.0,0.0,0.0,115,1,67,0,2,500616,116928,330528,694840,11114,102591,9193,9193,35,0,0,5,9,5,4,6,2,0,0,0,0,18,492343,0,10,1,16,1558,191422,5895,0,1,24198,18944,8768,8924,1813,388,1828,126,127,153,154,151,3833,1311,1744947,239,18,132,46,347868,347804,212,18,18,21,35,490551,326254,17,26,414,29,174,11,21,2,142,564848,544,0,140,1,2,6,28,1,4,32,1,2,1,2
3526.03,1662562175390,5.016262789,1,2.8,33.5,0.0,63.0,0.0,0.0,0.6,115,1,67,0,2,501568,115976,330528,695792,5716,96894,56,56,35,0,0,7,11,7,4,2,2,0,0,0,0,7,491682,0,3,2,15,2853,191958,5171,3,1,22432,17522,3980,4202,879,158,902,126,12,104,104,105,1603,682,1745635,205,7,127,46,340603,340551,124,16,7,8,17,489663,325141,10,13,227,30,26,0,8,0,101,606990,317,0,83,3,5,4,22,1,6,28,1,3,2,3
3531.04,1662562182280,5.014718301,1,3.2,32.6,0.0,64.2,0.0,0.0,0.0,115,1,67,0,2,501000,116540,330532,695228,5494,99347,84,84,35,0,0,7,13,7,6,4,3,0,0,0,0,2,527953,0,4,1,21,2880,216773,5170,2,1,22688,17753,1062,1215,65,9,90,0,17,103,103,104,4,6,1950389,201,0,130,5,349954,349907,126,20,0,0,3,525951,336792,6,6,216,28,13,0,0,0,100,675705,297,0,84,3,3,6,4,1,6,10,1,3,2,2
3536.06,1662562189097,5.016343154,1,2.7,35.7,0.0,60.7,0.0,0.0,0.9,115,1,67,0,2,500024,117508,330540,694260,5654,98834,266,266,35,0,0,5,7,5,2,0,1,0,0,0,0,18,520397,0,3,1,11,600,218799,5404,0,1,23608,18584,7367,7518,1422,493,1447,126,9,108,108,109,3205,1046,1916834,205,13,129,44,347311,347251,128,16,13,16,30,518385,327798,15,20,224,24,25,0,16,0,106,640507,342,0,82,1,0,0,28,0,0,28,1,0,0,1
3541.09,1662562195894,5.031973326,1,4.8,32.3,0.0,62.5,0.0,0.0,0.3,115,1,67,0,2,500804,116716,330552,695052,6118,98769,84,84,35,0,0,5,7,5,2,0,1,0,0,0,0,9,503106,0,5,1,11,1147,199977,5219,0,1,23024,17992,4012,4154,883,94,908,126,9,108,108,111,1603,680,1776912,211,7,129,46,344071,344023,127,15,7,8,17,501067,328311,10,13,233,32,26,0,8,0,104,629046,312,0,75,1,0,0,22,0,0,22,1,0,0,1
3546.11,1662562202679,5.016501014,1,3.0,26.6,0.0,70.1,0.0,0.0,0.3,114,1,66,0,2,499976,117532,330564,694224,5701,99425,84,84,35,0,0,5,7,5,2,0,1,0,0,0,0,6,503701,0,4,2,10,2917,199347,5101,0,1,22763,17810,1051,1551,66,9,92,0,9,104,104,105,4,5,1810089,205,0,131,5,342658,342608,123,15,0,0,3,501557,329334,6,6,217,28,14,0,0,0,101,632172,288,0,67,1,0,0,3,0,0,3,1,0,0,1
3551.12,1662562209427,5.013328531,1,2.9,36.9,0.0,59.5,0.0,0.0,0.7,115,2,66,0,2,501292,116196,330584,695564,9256,122706,294,294,35,0,0,5,7,5,2,0,1,0,0,0,0,26,510683,0,15,1,11,3402,200495,5689,0,1,24493,19459,13925,13519,2687,608,2409,630,9,126,126,123,5981,1978,1856371,239,23,130,7,359423,359387,141,16,23,29,44,509676,336193,19,32,258,35,36,5,26,1,113,595282,376,0,78,1,0,0,45,0,0,44,1,0,0,1
3556.14,1662562217336,5.017595384,1,1.3,35.1,0.0,63.6,0.0,0.0,0.0,115,1,67,0,2,500236,117252,330584,694508,5442,99460,56,56,35,0,0,5,9,5,4,2,2,0,0,0,0,13,503530,0,3,1,16,1903,200729,5429,2,1,23046,18050,5866,6364,1252,297,1272,126,13,101,101,102,2473,927,1813366,199,12,130,44,344718,344667,123,18,11,13,26,501884,327592,14,18,218,24,19,0,13,0,98,598874,337,0,87,1,1,0,27,1,4,31,1,2,2,2
3561.16,1662562224191,5.016011259,1,22.4,30.8,0.0,45.8,0.0,0.0,1.0,115,1,67,0,2,500732,116760,330580,694996,5494,99347,84,84,35,0,0,7,9,7,2,0,1,0,0,0,0,0,499137,0,4,1,10,518,191413,5082,0,1,22742,17799,1055,1566,66,72,90,63,8,103,103,104,14,5,1817985,201,0,130,5,345880,345836,124,13,0,0,3,497136,332691,6,6,216,28,13,0,0,0,100,615315,310,0,71,1,0,0,6,0,2,8,1,0,0,1
3566.18,1662562230989,5.015810449,1,4.3,31.5,0.0,63.9,0.0,0.0,0.3,115,1,67,0,2,499952,117536,330584,694224,6188,100135,266,266,35,0,0,5,7,5,2,4,1,0,0,0,0,5,527489,0,4,1,11,1864,224603,5634,0,1,24002,18799,5346,5854,776,363,798,252,137,112,112,115,1850,467,1969714,213,10,134,5,347703,347648,204,15,10,12,20,525598,329047,12,18,387,32,148,0,13,0,109,640985,509,0,135,1,0,0,9,0,0,9,1,0,0,1
3571.2,1662562237757,5.015946303,1,1.4,34.2,0.0,64.4,0.0,0.0,0.0,115,1,67,0,2,500228,117248,330596,694512,5338,98226,84,84,35,0,0,5,7,5,2,0,1,0,0,0,0,6,519423,0,4,1,9,1472,221409,5461,0,1,23055,18053,5848,6312,1253,297,1279,63,8,102,102,103,2480,933,1913856,199,11,129,44,340004,339949,119,14,11,13,26,517169,322637,14,18,217,24,21,0,13,0,98,634735,331,0,73,1,0,0,27,0,0,27,1,0,0,1
3576.22,1662562244586,5.015737213,1,14.6,37.3,0.0,47.7,0.0,0.0,0.3,115,1,67,0,2,500164,117304,330604,694456,5632,100390,84,84,35,0,0,5,7,5,2,0,1,0,0,0,0,0,495671,0,4,2,10,2903,193404,5086,0,1,22701,17762,1046,1201,66,9,91,0,9,103,103,104,7,5,1745643,201,0,130,5,340487,340438,122,15,0,1,3,493607,327180,6,6,216,28,13,0,0,0,100,615352,288,0,66,1,0,0,5,0,0,5,1,0,0,1
3581.24,1662562251417,5.016152021,1,4.3,32.4,0.0,63.3,0.0,0.0,0.0,115,1,67,0,2,499844,117628,330600,694132,6032,99510,266,266,35,0,0,5,9,5,4,0,2,0,0,0,0,1,495793,0,3,1,16,2891,190778,5272,0,1,23532,18577,4839,4959,645,94,658,63,13,113,113,113,1608,395,1815118,214,6,130,7,347993,347941,135,17,6,8,17,493796,330522,11,13,234,36,24,0,8,0,109,600397,329,0,80,1,2,6,11,1,4,15,1,1,0,2
3586.26,1662562258211,5.018768369,1,4.5,35.9,0.0,59.6,0.0,0.0,0.0,115,1,67,0,2,500160,117300,330612,694452,7549,98704,84,84,35,0,0,7,9,7,2,0,1,0,0,0,0,23,515301,0,15,1,10,3804,210933,5844,0,1,23915,18585,15025,15527,3317,1059,3351,882,9,115,115,113,7053,2543,1867530,225,28,127,46,353557,353470,137,15,28,35,55,513190,329368,24,40,247,30,38,5,35,1,102,593731,374,0,78,1,0,0,63,0,2,65,1,0,0,1
3591.3,1662562265040,5.040216134,1,2.8,31.8,0.0,64.5,0.0,0.0,0.9,115,1,67,0,2,500652,116804,330616,694952,5925,97363,56,56,35,0,0,5,7,5,2,0,1,0,0,0,0,4,511666,0,3,1,10,2897,205554,5156,0,1,22743,17788,2349,2212,540,19,266,63,9,102,102,106,816,385,1821876,201,3,130,16,346021,345968,122,15,3,2,9,509443,331567,7,7,222,32,24,0,3,0,101,645757,314,0,72,1,0,0,5,0,0,5,1,0,0,1
3596.32,1662562271916,5.017068271,1,0.3,36.2,0.0,63.4,0.0,0.0,0.0,115,1,67,0,2,500916,116532,330624,695220,6181,99377,294,294,35,0,0,5,7,5,2,0,1,0,0,0,0,6,552750,0,5,1,11,2862,247955,5445,0,1,23589,18607,4278,4680,492,22,571,0,9,116,116,117,1178,294,2084397,219,5,129,7,350859,350797,131,16,4,7,13,550554,333619,9,11,240,36,25,0,4,0,111,712216,318,0,68,1,0,0,10,0,0,10,1,0,0,1
3601.34,1662562278723,5.016574753,1,5.5,35.0,0.0,59.2,0.0,0.0,0.3,114,1,67,0,2,500936,116488,330648,695264,5597,99425,84,84,35,0,0,5,7,5,2,0,1,0,0,0,0,6,533355,0,4,1,11,556,229898,5583,0,1,23062,18062,5844,6329,1245,361,1263,252,9,102,102,103,2457,910,1982589,201,12,129,44,345608,345548,126,16,11,14,25,531358,328422,14,18,220,24,22,0,13,0,100,659697,340,0,81,1,0,0,24,0,0,24,1,0,0,1
3606.36,1662562285565,5.016565086,1,4.4,33.1,0.0,62.5,0.0,0.0,0.0,114,1,67,0,2,500472,116944,330656,694808,5494,98304,56,56,35,0,0,5,9,5,4,0,2,0,0,0,0,6,493016,0,3,2,15,2840,194648,5087,0,1,22840,17834,3780,4292,868,346,890,126,12,102,102,103,1595,683,1769494,201,7,129,44,338924,338861,122,16,7,8,17,490858,323318,10,13,219,23,20,0,8,0,99,601591,316,0,75,1,2,6,22,1,4,26,1,1,0,2
3611.38,1662562292409,5.017072286,1,4.7,32.4,0.0,62.5,0.0,0.0,0.3,114,1,67,0,2,500064,117356,330652,694396,5980,100475,294,294,35,0,0,7,9,7,2,0,1,0,0,0,0,5,558038,0,4,1,10,2938,250391,5634,0,1,23312,18170,2628,2811,260,23,294,63,153,109,109,110,651,133,2088840,209,2,133,7,348672,348607,210,15,2,3,6,555605,333159,8,9,371,36,118,0,3,0,106,708806,494,0,132,1,0,0,8,0,2,10,1,0,0,1
3616.4,1662562299261,5.016975535,1,3.2,33.9,0.0,62.9,0.0,0.0,0.0,114,1,67,0,2,499700,117712,330660,694032,5434,92046,56,56,35,0,0,5,7,5,2,0,1,0,0,0,0,10,532394,0,3,2,10,801,227629,5293,0,1,21687,16996,5829,5976,1263,233,1293,63,9,95,95,98,2479,934,1980288,187,11,123,44,344641,344582,119,15,11,13,26,530452,328233,14,18,206,26,21,0,13,0,92,656419,336,0,79,1,0,0,27,0,0,27,1,0,0,1
3621.42,1662562306096,5.019131415,1,4.3,32.9,0.0,62.8,0.0,0.0,0.0,113,3,65,0,1,499904,117504,330664,694252,5442,98304,84,84,35,0,0,5,7,5,2,0,1,0,0,0,0,9,499750,0,4,1,11,2447,199112,5386,0,1,22743,17753,3766,4283,866,283,899,63,9,103,103,103,1600,687,1836530,201,7,129,44,341359,341303,122,15,7,8,16,497717,325906,10,13,220,23,20,0,8,0,99,607269,325,0,76,1,0,0,21,0,0,21,1,0,0,1
3626.43,1662562312843,5.012633850,1,2.7,38.6,0.0,58.7,0.0,0.0,0.0,114,1,67,0,2,500220,117196,330656,694560,14304,216511,168,168,35,0,0,0,3,0,3,1,1,0,0,0,0,16,545026,0,14,0,12,1056,232888,5699,0,0,23851,19002,12285,11882,2761,662,2597,378,11,117,117,111,5518,2132,2034395,231,21,130,46,360074,360034,135,13,21,33,44,544344,338301,21,28,253,30,38,5,25,1,102,649576,371,0,84,1,2,6,45,0,0,45,1,1,0,2
3631.45,1662562325617,5.015893624,1,2.5,39.9,0.0,57.6,0.0,0.0,0.0,114,1,67,0,2,499472,117928,330672,693832,5442,98226,56,56,35,0,0,7,10,7,3,4,2,0,0,0,0,5,529414,0,3,1,14,2852,226557,5449,2,1,22707,17729,3777,3941,881,283,912,189,11,101,101,103,1597,687,1958597,199,7,129,44,344662,344608,123,17,7,8,17,527434,329252,10,13,217,23,20,0,8,0,99,673784,314,0,81,1,1,0,19,0,4,23,1,2,2,2
3636.47,1662562332385,5.016482643,1,0.6,36.2,0.0,62.3,0.0,0.0,0.9,114,2,67,0,2,500284,117116,330672,694644,6032,99510,294,294,35,0,0,5,7,5,2,0,1,0,0,0,0,10,480388,0,4,1,10,2936,183339,5370,0,1,23528,18476,4630,4827,635,30,650,0,8,108,108,110,1520,376,1748306,207,6,130,6,342557,342475,127,14,6,8,15,477823,325375,11,13,225,32,20,0,8,0,106,593280,310,0,69,1,0,0,11,0,0,11,1,0,0,1
3641.49,1662562339200,5.016315994,1,2.2,35.6,0.0,62.2,0.0,0.0,0.0,114,1,67,0,2,500072,117332,330668,694428,5390,97183,56,56,35,0,0,5,7,5,2,0,1,0,0,0,0,10,525022,0,3,1,11,2743,224771,5484,0,1,23083,18080,5837,5989,1247,234,1275,126,9,101,101,101,2473,929,1951659,199,11,129,44,343847,343800,124,16,11,13,26,523209,326691,14,18,216,24,21,0,13,0,98,642447,333,0,82,1,0,0,25,0,0,25,1,0,0,1
3646.51,1662562346015,5.016772619,1,3.2,37.3,0.0,59.2,0.0,0.0,0.3,114,1,67,0,2,500340,117056,330676,694708,5390,98304,84,84,35,0,0,5,7,5,2,0,1,0,0,0,0,4,486617,0,4,1,10,2893,190453,5187,0,1,22785,17782,3771,4239,863,157,890,126,8,103,103,101,1596,684,1729619,201,7,129,44,336468,336430,120,14,7,8,17,484724,321098,10,13,218,23,20,0,8,0,97,590785,309,0,76,1,0,0,24,0,0,24,1,0,0,1
3651.53,1662562352898,5.016606437,1,5.8,32.6,0.0,61.0,0.0,0.0,0.6,114,1,67,0,2,500252,117148,330672,694616,5762,98769,84,84,35,0,0,5,14,5,9,0,2,0,0,0,0,0,494996,0,4,2,30,2883,193536,5130,0,1,22734,17800,1547,2713,154,13,297,0,23,106,106,108,233,49,1726975,209,2,130,7,342336,342278,128,17,0,5,3,492849,328770,6,6,229,35,20,0,0,0,104,607144,317,0,90,1,1,6,4,0,0,4,1,1,0,2
3656.55,1662562359671,5.019624857,1,4.6,34.5,0.0,60.3,0.0,0.0,0.7,114,1,67,0,2,500040,117344,330688,694420,5528,98304,56,56,35,0,0,7,11,7,4,9,2,0,0,0,0,9,490176,0,3,1,17,2861,190191,5317,3,1,23213,18186,6377,6850,1414,242,1434,63,13,102,102,103,2710,1016,1790252,201,15,129,44,345603,345541,128,17,15,17,30,487980,327846,14,22,226,24,27,0,17,0,99,591960,338,0,91,1,1,0,29,1,6,35,1,2,2,2
3661.57,1662562366463,5.015489235,1,6.8,30.3,0.0,61.9,0.0,0.0,1.0,114,1,67,0,2,501180,116204,330688,695560,7659,101053,84,84,35,0,0,5,10,5,5,1,2,0,0,0,0,24,507590,0,15,2,20,1820,205682,5602,2,1,24151,18701,12961,13443,2915,674,2938,1008,15,118,118,114,6158,2281,1832090,231,24,129,46,349372,349298,139,17,24,30,46,505671,326766,20,35,253,29,39,5,30,1,104,602798,376,0,89,3,3,6,57,1,4,61,1,3,2,3
3666.59,1662562373277,5.016579811,1,2.9,34.3,0.0,62.8,0.0,0.0,0.0,114,1,67,0,2,500400,116980,330692,694780,6303,99942,56,56,35,0,0,7,11,7,4,7,2,0,0,0,0,4,523494,0,5,1,19,2896,213760,5109,2,1,22853,17894,1741,2240,224,81,251,0,13,107,107,110,256,100,1883886,211,4,130,7,348852,348806,129,18,4,4,8,521445,334985,6,10,228,37,19,0,4,0,103,656224,324,0,90,3,5,4,5,1,6,11,1,3,2,3
3671.62,1662562380466,5.025033751,1,4.3,35.5,0.0,59.6,0.0,0.0,0.6,114,1,67,0,2,500216,117148,330708,694604,6046,98721,84,84,35,0,0,5,10,5,5,0,2,0,0,0,0,3,554614,0,6,2,19,2651,240168,5404,2,1,23000,18056,3153,3293,459,150,479,63,15,105,105,109,876,258,2049810,205,4,130,5,353637,353595,130,17,4,5,12,552600,338853,10,11,222,29,16,0,5,0,102,705733,339,0,89,3,3,6,9,1,4,13,1,3,2,3
3676.64,1662562387306,5.016182031,1,4.6,36.2,0.0,58.5,0.0,0.0,0.6,114,1,67,0,2,499764,117592,330716,694164,5653,97417,161,161,35,0,0,5,8,5,3,0,2,0,0,0,0,5,484798,0,3,1,16,583,187255,5140,2,1,22636,17670,3776,4286,873,94,898,63,11,103,103,104,1599,679,1728557,203,7,129,44,337244,337195,125,18,7,8,17,482677,321867,10,13,221,23,23,0,8,0,102,590993,326,0,87,3,5,4,21,1,4,25,1,3,2,3
3681.66,1662562394146,5.017012398,1,19.3,37.1,0.0,43.3,0.0,0.0,0.3,114,1,67,0,2,501480,115880,330712,695880,5914,98973,84,84,35,0,0,7,10,7,3,2,2,0,0,0,0,1,495332,0,7,1,14,504,189942,4947,2,1,22857,17890,1265,1417,80,10,105,0,11,110,110,110,5,9,1806383,215,0,130,7,343603,343560,130,16,0,0,3,493430,330158,6,6,234,35,19,0,0,0,104,616850,304,0,75,3,5,4,6,1,6,12,1,3,2,3
3686.68,1662562400925,5.015250968,1,3.7,36.2,0.0,59.5,0.0,0.0,0.6,114,1,67,0,2,500156,117200,330716,694564,5494,99347,84,84,35,0,0,5,10,5,5,0,2,0,0,0,0,3,520887,0,3,1,20,563,217192,5219,2,1,23000,18050,3126,3272,457,23,475,0,15,103,103,104,875,256,1932284,203,5,130,5,343525,343480,129,18,4,5,12,518861,328593,10,11,216,29,14,0,5,0,100,661103,311,0,86,3,3,6,10,1,4,14,1,3,2,3
3691.7,1662562407717,5.015414467,1,5.4,40.9,0.0,53.4,0.0,0.0,0.3,114,1,67,0,2,499764,117576,330732,694184,5934,97921,266,266,35,0,0,5,8,5,3,0,2,0,0,0,0,12,516882,0,3,1,14,2159,218766,5426,2,1,23319,18308,5302,5464,1049,354,1072,189,11,109,109,111,2304,797,1921132,207,9,129,44,342605,342549,131,18,9,11,21,515015,324839,11,15,225,25,25,0,11,0,106,633741,345,0,85,3,5,4,21,1,4,25,1,3,2,3
3696.73,1662562414547,5.025415314,1,17.9,33.1,0.0,48.4,0.0,0.0,0.6,113,1,66,0,2,499448,117888,330736,693872,5872,100023,84,84,35,0,0,7,10,7,3,4,2,0,0,0,0,2,552481,0,4,1,13,2853,240806,5178,2,1,22800,17850,1256,1763,81,10,105,0,10,107,107,108,9,6,2052310,209,0,130,7,349586,349537,126,15,0,0,3,550322,336121,6,6,228,35,19,0,0,0,104,724515,307,0,76,3,5,4,7,1,6,13,1,3,2,3
3701.74,1662562421394,5.013271594,1,3.3,29.2,0.0,67.4,0.0,0.0,0.0,115,1,67,0,2,500260,117080,330732,694680,13933,213963,140,140,35,0,0,0,1,0,1,0,1,0,0,0,0,15,533274,0,14,0,8,3350,220969,5575,0,0,23604,18748,10389,10189,2390,588,2289,189,7,117,117,113,4626,1867,1942120,231,17,130,46,358119,358088,135,13,17,28,36,532281,337999,17,24,252,29,37,5,21,1,104,651457,359,0,74,3,4,4,37,0,0,37,1,2,1,3
3706.76,1662562434099,5.015192209,1,20.5,35.0,0.0,44.5,0.0,0.0,0.0,116,1,67,0,2,500448,116876,330748,694880,5814,99812,84,84,35,0,0,7,11,7,4,1,3,0,0,0,0,1,513923,0,5,1,19,549,214746,5003,2,1,22855,17891,1274,1753,80,10,106,0,13,108,108,109,10,12,1873584,211,0,131,7,338474,338429,125,14,0,0,4,512046,325043,6,6,231,35,19,0,1,0,104,650288,316,0,81,3,3,2,6,1,6,12,1,3,2,3
3711.78,1662562440925,5.016056376,1,2.2,34.2,0.0,63.6,0.0,0.0,0.0,117,2,67,0,2,501260,116064,330748,695700,5746,99347,84,84,35,0,0,5,10,5,5,0,2,0,0,0,0,5,497697,0,3,1,22,842,197411,5255,2,1,22977,18042,3166,3297,455,24,471,0,15,102,102,105,873,255,1751896,201,4,130,5,340144,340093,126,16,4,5,12,495706,325240,10,11,215,31,15,0,6,0,99,615626,337,0,91,3,3,6,8,1,4,12,1,3,2,3
3716.8,1662562447758,5.016271331,1,5.2,32.0,0.0,62.7,0.0,0.0,0.0,117,1,67,0,2,499992,117320,330760,694444,5602,98834,294,294,35,0,0,5,7,5,2,0,1,0,0,0,0,7,502808,0,3,1,11,1715,195398,5205,0,1,23329,18308,5300,5462,1041,165,1060,126,8,108,108,109,2301,797,1798475,205,9,130,44,350340,350286,122,13,9,11,21,500917,332478,11,15,223,23,24,0,11,0,106,599578,329,0,73,1,0,0,20,1,4,24,1,0,0,1
3721.82,1662562454509,5.015607750,1,18.5,38.4,0.0,42.4,0.0,0.0,0.7,117,1,67,0,2,500180,117128,330764,694636,5820,100023,84,84,35,0,0,5,7,5,2,0,1,0,0,0,0,3,557948,0,4,1,11,650,243959,5231,0,1,22822,17870,1241,1749,79,9,106,0,9,107,107,108,5,5,2069941,209,0,130,7,351746,351700,126,15,0,0,3,555721,338195,6,6,228,35,19,0,0,0,104,728337,299,0,69,1,0,0,4,0,0,4,1,0,0,1
3726.84,1662562461408,5.017092640,1,3.6,31.2,0.0,64.8,0.0,0.0,0.4,117,1,67,0,2,500740,116560,330772,695204,5494,99347,56,56,35,0,0,5,7,5,2,0,1,0,0,0,0,9,510560,0,3,2,10,2908,205729,5094,0,1,22896,17977,3137,3619,455,149,485,126,8,102,102,103,869,268,1858307,201,4,130,5,344677,344626,124,14,4,5,13,508514,329763,10,11,216,29,14,0,5,0,99,645756,309,0,74,1,0,0,10,0,0,10,1,0,0,1
3731.86,1662562468221,5.018087741,1,11.5,42.1,0.0,45.8,0.0,0.0,0.6,117,2,66,0,2,499580,117724,330768,694036,5681,96878,294,294,35,0,0,5,7,5,2,0,1,0,0,0,0,8,509449,0,4,1,11,2872,213745,5144,0,1,23036,18084,5308,5466,1044,290,1066,0,9,110,110,109,2329,802,1869372,207,10,128,44,337847,337797,128,16,9,11,20,507496,320182,11,15,224,23,26,0,11,0,105,635388,340,0,80,1,0,0,21,0,0,21,1,0,0,1
3736.88,1662562475095,5.016849792,1,2.5,39.6,0.0,57.2,0.0,0.0,0.7,117,1,67,0,2,499404,117880,330788,693880,8967,104015,3944,3944,35,0,0,7,11,7,4,2,2,0,0,0,0,31,498760,0,15,1,17,2073,204638,5916,2,1,23967,18611,11961,12292,2654,723,2539,504,13,145,146,142,5540,2063,1817609,255,21,129,20,340443,340376,151,18,21,25,42,496988,318508,18,30,286,45,61,12,26,3,129,599513,399,0,88,1,1,0,43,0,2,45,1,2,2,2
3741.9,1662562482164,5.017436253,1,2.7,31.9,0.0,65.4,0.0,0.0,0.0,117,1,67,0,2,500496,116784,330792,694976,5597,99425,84,84,35,0,0,5,9,5,4,2,2,0,0,0,0,6,504668,0,4,1,15,3063,212425,5373,0,1,23365,18212,3822,3964,603,100,625,0,139,103,103,104,1117,354,1841491,201,8,133,5,333692,333640,205,15,8,9,17,502623,317612,11,16,369,30,123,0,9,0,99,624420,490,0,140,1,2,6,9,1,4,13,1,1,0,2
3746.92,1662562488993,5.016848349,1,1.7,28.7,0.0,69.6,0.0,0.0,0.0,117,1,67,0,2,500104,117180,330788,694580,5757,98912,266,266,35,0,0,5,7,5,2,0,1,0,0,0,0,17,532660,0,3,1,11,569,231210,5566,0,1,23250,18253,5318,5794,1048,353,1066,126,9,109,109,109,2332,806,1970823,207,9,129,44,344276,344222,129,16,9,11,20,530746,326469,11,15,227,23,27,0,11,0,105,658850,353,0,81,1,0,0,23,0,0,23,1,0,0,1
3751.94,1662562495856,5.021498100,1,3.0,32.4,0.0,64.5,0.0,0.0,0.0,117,1,67,0,2,500244,117024,330804,694732,5664,98719,84,84,35,0,0,5,7,5,2,0,1,0,0,0,0,15,539189,0,4,1,11,803,232588,5393,0,1,23061,18076,6067,6532,1280,234,1301,63,9,106,106,107,2477,931,2001838,207,11,129,46,348313,348255,125,16,11,13,26,537162,330933,14,18,231,31,27,0,13,0,103,673896,335,0,76,1,0,0,28,0,0,28,1,0,0,1
3756.96,1662562502703,5.023646261,1,1.5,38.1,0.0,60.1,0.0,0.0,0.3,117,1,67,0,2,499660,117600,330812,694156,5546,100390,84,84,35,0,0,5,7,5,2,0,1,0,0,0,0,3,500764,0,4,2,10,2911,193829,5441,0,1,23047,18084,3141,3589,456,86,488,0,9,103,103,104,869,261,1771812,201,4,131,5,346795,346745,122,16,4,5,12,498678,331690,10,11,217,29,14,0,5,0,100,628116,300,0,68,1,0,0,10,0,0,10,1,0,0,1
3761.98,1662562509526,5.015401452,1,3.2,31.7,0.0,64.1,0.0,0.0,1.0,117,1,67,0,2,499100,118152,330820,693596,5654,98052,266,266,35,0,0,7,11,7,4,4,2,0,0,0,0,10,534945,0,3,1,16,2775,238906,5516,3,1,23284,18279,5328,5883,1038,229,1062,126,13,108,108,107,2336,797,1993395,205,9,129,44,340162,340109,128,16,9,12,21,532857,322396,11,15,223,23,24,0,12,0,104,660369,344,0,88,1,1,0,24,0,2,26,1,2,2,2
3767,1662562516339,5.016446030,1,2.3,33.9,0.0,63.5,0.0,0.0,0.3,117,1,67,0,2,499352,117896,330824,693864,5242,89382,84,84,35,0,0,5,9,5,4,0,2,0,0,0,0,6,524331,0,5,2,18,2628,228362,5169,0,1,20558,16068,3941,4327,887,220,917,63,13,97,97,98,1604,690,1944707,189,7,117,46,334470,334408,118,18,7,9,16,522266,320036,10,13,213,30,26,0,8,0,93,658956,339,0,91,1,2,6,25,1,4,29,1,1,0,2
3772.02,1662562523166,5.020276934,1,2.0,31.3,0.0,66.7,0.0,0.0,0.0,116,2,65,0,2,499612,117620,330840,694128,5494,99347,56,56,35,0,0,5,7,5,2,0,1,0,0,0,0,5,514124,0,3,1,11,1376,209443,5165,0,1,22908,17979,3132,3283,455,23,476,63,9,102,102,103,869,258,1847053,201,4,130,5,344450,344399,121,16,4,5,12,512174,329595,10,11,214,29,14,0,5,0,99,662258,310,0,75,1,0,0,8,0,0,8,1,0,0,1
3777.03,1662562529948,5.014227532,1,2.4,39.8,0.0,57.5,0.0,0.0,0.3,117,1,67,0,2,500716,116520,330836,695236,10016,130809,294,294,35,0,0,5,7,5,2,0,1,0,0,0,0,25,555467,0,16,1,11,1028,241012,5847,0,1,24611,19594,14166,13685,2729,673,2693,504,9,132,132,129,6183,1998,2073141,253,23,131,9,363738,363690,148,15,23,29,47,555084,340089,20,34,277,42,44,5,30,1,119,678616,374,0,75,1,0,0,46,0,0,46,1,0,0,1
3782.05,1662562538508,5.016257202,1,5.5,30.1,0.0,64.1,0.0,0.0,0.3,117,1,67,0,2,499440,117804,330828,693952,5701,97600,84,84,35,0,0,5,7,5,2,0,1,0,0,0,0,5,497887,0,4,1,11,545,199664,5221,0,1,22693,17725,3765,4319,879,157,908,63,9,103,103,104,1601,679,1826982,201,7,129,44,338152,338098,126,15,7,8,16,495877,322770,10,13,220,23,21,0,8,0,100,605180,325,0,78,1,0,0,21,0,0,21,1,0,0,1
3787.07,1662562545286,5.016575587,1,3.8,40.6,0.0,55.2,0.0,0.0,0.3,117,1,67,0,2,500164,117064,330844,694688,5390,98304,56,56,35,0,0,7,11,7,4,1,2,0,0,0,0,20,507805,0,3,2,16,2137,214674,5467,3,1,23166,18035,4602,4484,954,101,664,63,133,101,101,100,1698,676,1849189,199,8,131,16,335841,335790,191,17,7,7,20,505615,319052,12,13,368,32,138,0,9,0,97,623326,478,0,135,1,1,0,11,0,2,13,1,2,2,2
3792.09,1662562552193,5.016353823,1,1.9,34.1,0.0,63.7,0.0,0.0,0.4,117,1,67,0,2,500400,116824,330848,694936,5876,99249,294,294,35,0,0,5,9,5,4,0,2,0,0,0,0,5,554163,0,4,1,17,2866,246581,5725,0,1,23579,18608,4865,5363,643,157,665,63,13,114,114,115,1613,385,2067689,215,6,130,7,350548,350492,131,18,6,8,17,552109,332953,11,13,235,36,24,0,8,0,110,701403,331,0,83,1,2,6,12,1,4,16,1,1,0,2
3797.11,1662562559007,5.017165275,1,1.9,35.0,0.0,63.1,0.0,0.0,0.0,117,1,67,0,2,500368,116864,330840,694896,5558,97413,56,56,35,0,0,5,7,5,2,0,1,0,0,0,0,8,473973,0,5,2,11,2907,185962,5220,0,1,22730,17749,3776,3937,877,347,898,0,9,102,102,104,1596,682,1733782,201,7,128,44,332550,332499,126,16,7,8,16,472199,317092,10,13,221,23,20,0,8,0,98,573271,315,0,75,1,0,0,18,0,0,18,1,0,0,1
3802.13,1662562565878,5.022059448,1,2.5,33.4,0.0,63.7,0.0,0.0,0.3,117,1,67,0,2,501408,115812,330852,695948,5390,98226,84,84,35,0,0,5,7,5,2,0,1,0,0,0,0,9,498701,0,4,1,11,2912,195374,5345,0,1,23163,18145,5854,6357,1254,423,1267,63,9,102,102,103,2464,929,1790687,198,11,130,44,345693,345640,125,16,11,13,26,496735,328379,14,18,219,24,21,0,13,0,98,595197,336,0,81,1,0,0,26,0,0,26,1,0,0,1
3807.15,1662562572728,5.017124654,1,1.7,30.7,0.0,67.7,0.0,0.0,0.0,117,1,67,0,2,500888,116324,330860,695436,5872,100214,189,189,35,0,0,5,7,5,2,0,1,0,0,0,0,1,490974,0,4,1,10,2927,191590,5204,0,1,23116,18153,3336,3814,472,86,497,0,8,107,107,108,912,258,1809598,209,4,130,7,339336,339285,124,13,4,5,12,488930,324245,10,11,227,36,20,0,5,0,104,608385,301,0,65,1,0,0,10,0,0,10,1,0,0,1
3812.17,1662562579549,5.016150186,1,4.5,25.9,0.0,69.0,0.0,0.0,0.7,117,1,67,0,2,500204,116992,330876,694760,7347,93751,56,56,35,0,0,7,11,7,4,5,2,0,0,0,0,21,490570,0,14,1,19,1651,190838,5562,2,1,22695,17575,12930,13454,2948,733,2979,630,13,110,110,106,6155,2308,1802992,217,24,122,46,345191,345119,129,15,24,30,47,488738,323283,20,35,236,29,37,5,30,1,97,572366,360,0,88,1,1,0,59,0,2,61,1,2,2,2
3817.19,1662562586330,5.016483777,1,4.0,37.8,0.0,58.2,0.0,0.0,0.0,117,1,67,0,2,499732,117448,330892,694304,5694,97261,84,84,35,0,0,5,9,5,4,0,2,0,0,0,0,9,544847,0,4,1,17,917,239848,5241,0,1,22997,18020,5874,6026,1268,297,1284,189,13,102,102,105,2468,939,2041642,199,11,129,44,346676,346619,127,17,11,13,25,542940,329536,14,18,219,24,21,0,13,0,99,676557,359,0,90,1,2,6,26,1,4,30,1,1,0,2
3822.21,1662562593195,5.016409195,1,5.7,32.7,0.0,61.6,0.0,0.0,0.0,117,1,67,0,2,500520,116660,330892,695092,6210,100126,56,56,35,0,0,5,7,5,2,0,1,0,0,0,0,10,518598,0,3,1,11,905,207336,5367,0,1,23167,18195,3344,3492,472,88,497,63,9,110,110,111,919,259,1873274,217,4,130,7,349811,349753,130,16,4,5,12,516677,334535,10,11,236,36,23,0,5,0,108,648795,327,0,72,1,0,0,9,0,0,9,1,0,0,1
3827.23,1662562600567,5.015781185,1,2.2,36.0,0.0,61.8,0.0,0.0,0.0,117,1,67,0,2,499716,117456,330900,694296,5644,99658,84,84,35,0,0,5,7,5,2,0,1,0,0,0,0,1,557480,0,5,2,11,2839,248916,5073,0,1,22654,17721,1049,1171,66,9,91,0,9,104,104,105,3,5,2093170,203,0,130,5,346130,346089,123,16,0,0,3,555341,332952,6,6,217,28,13,0,0,0,99,731057,293,0,68,1,0,0,3,0,0,3,1,0,0,1
3832.25,1662562607406,5.016409772,1,1.6,40.2,0.0,57.9,0.0,0.0,0.3,117,1,67,0,2,499800,117376,330896,694372,5498,98382,56,56,35,0,0,5,7,5,2,0,1,0,0,0,0,8,506782,0,3,1,11,3055,210224,5551,0,1,23105,17915,3964,4124,882,291,902,0,133,101,101,102,1597,686,1846432,199,7,131,44,338747,338691,197,16,7,8,17,504621,322478,12,15,365,24,138,0,9,0,99,621005,472,0,132,1,0,0,23,0,0,23,1,0,0,1
3837.27,1662562614245,5.016524405,1,21.0,32.2,0.0,46.2,0.0,0.0,0.6,117,1,67,0,2,500092,117076,330904,694680,5768,99762,84,84,35,0,0,5,9,5,4,1,2,0,0,0,0,3,497777,0,4,1,16,2930,196516,5207,2,1,23089,18127,3359,3847,465,87,492,0,12,107,107,108,876,264,1754493,209,5,130,7,344414,344362,126,15,4,5,13,495680,329234,10,11,229,36,20,0,5,0,104,611376,319,0,80,1,1,0,12,0,0,12,1,2,2,2
3842.29,1662562621086,5.018950058,1,2.5,34.4,0.0,61.8,0.0,0.0,1.3,119,2,68,0,2,500148,117024,330900,694728,5947,98382,56,56,35,0,0,7,9,7,2,0,1,0,0,0,0,2,555833,0,4,1,11,2862,241190,5133,0,1,22560,17654,1056,1583,65,9,90,0,9,102,102,106,4,6,2060017,201,0,129,5,353247,353201,122,15,0,0,3,553791,340062,6,6,217,30,15,0,0,0,101,718920,299,0,68,1,4,4,3,1,6,9,1,1,0,2
3847.31,1662562627911,5.016189303,1,2.0,31.6,0.0,66.1,0.0,0.0,0.3,116,1,66,0,2,500172,116988,330912,694768,5602,98756,294,294,35,0,0,5,7,5,2,0,1,0,0,0,0,9,520156,0,4,1,11,841,219440,5498,0,1,23283,18280,5302,5457,1045,290,1065,189,9,109,109,110,2310,801,1904940,205,9,129,44,343143,343090,128,15,9,11,21,518073,325324,11,15,224,23,24,0,11,0,105,649337,356,0,82,1,0,0,24,0,0,24,1,0,0,1
3852.36,1662562634654,5.046422290,1,3.1,31.2,0.0,65.8,0.0,0.0,0.0,117,1,67,0,2,501148,116016,330908,695740,8954,115107,84,84,35,0,0,5,7,5,2,0,1,0,0,0,0,17,485577,0,14,1,11,1354,193563,5891,0,1,24385,19305,15223,14336,3305,684,3117,504,9,121,121,118,6894,2493,1756542,239,27,134,48,343745,343700,141,16,27,28,53,485421,319719,21,35,268,44,47,5,32,1,109,571853,373,0,79,1,0,0,64,0,0,64,1,0,0,1
3857.38,1662562642145,5.024109330,1,3.6,41.1,0.0,54.9,0.0,0.0,0.3,117,1,67,0,2,500148,117020,330904,694736,5564,99499,84,84,35,0,0,5,7,5,2,0,1,0,0,0,0,7,525531,0,7,2,11,2839,212993,5279,0,1,22642,17709,1053,1203,67,73,92,0,9,105,105,106,11,5,1932897,205,0,130,5,349661,349612,123,16,0,0,4,523510,336479,6,6,220,28,13,0,0,0,99,685098,300,0,67,1,0,0,3,0,0,3,1,0,0,1
3862.4,1662562649002,5.016782733,1,3.5,33.4,0.0,62.7,0.0,0.0,0.3,117,1,67,0,2,500424,116728,330920,695032,5806,100081,294,294,35,0,0,5,7,5,2,0,1,0,0,0,0,9,484936,0,7,1,10,2799,189366,5423,0,1,23336,18315,5306,5465,1044,291,1083,189,9,110,110,111,2341,814,1762167,209,9,129,44,338584,338531,130,15,9,11,20,482942,320746,11,15,229,23,24,0,11,0,106,583301,347,0,80,1,0,0,21,0,0,21,1,0,0,1
3867.42,1662562655841,5.016139195,1,2.1,35.8,0.0,61.5,0.0,0.0,0.6,117,1,67,0,2,500368,116784,330920,694972,6812,96692,1116,1116,35,0,0,7,9,7,2,0,1,0,0,0,0,5,496170,0,15,1,10,2864,196289,5479,0,1,22745,17822,6122,6632,1273,172,1298,189,8,130,130,134,2460,930,1772167,221,11,127,46,344458,344396,130,13,11,13,27,494167,327160,15,19,244,35,34,22,13,4,116,589625,370,0,81,1,6,6,28,1,6,34,1,1,0,2
3872.44,1662562662668,5.016423929,1,4.8,34.8,0.0,59.8,0.0,0.0,0.6,117,1,67,0,2,499480,117656,330936,694100,5598,99608,84,84,35,0,0,5,7,5,2,0,1,0,0,0,0,2,523842,0,4,1,11,2900,214616,5100,0,1,22679,17742,1043,1504,66,10,91,0,9,103,103,104,4,5,1878627,201,0,130,5,347984,347939,122,15,0,0,3,521915,334815,6,6,216,28,13,0,0,0,100,665031,297,0,69,1,0,0,3,0,0,3,1,0,0,1
3877.46,1662562669481,5.024518951,1,2.3,35.5,0.0,62.3,0.0,0.0,0.0,117,1,67,0,2,499628,117516,330928,694240,5550,93880,266,266,35,0,0,5,7,5,2,0,1,0,0,0,0,10,519791,0,3,1,11,1778,213526,5485,0,1,22630,17645,5430,5591,1046,296,1064,63,104,104,104,105,2336,800,1913490,196,9,127,43,348060,347994,171,15,9,11,21,517758,330192,12,16,324,20,117,0,11,0,100,633277,447,0,116,1,0,0,23,0,0,23,1,0,0,1
3882.48,1662562676295,5.016884960,1,5.4,35.9,0.0,58.1,0.0,0.0,0.6,117,1,67,0,2,500772,116356,330944,695400,5560,95590,84,84,35,0,0,5,7,5,2,0,1,0,0,0,0,9,517946,0,4,1,11,2204,213157,5428,0,1,22621,17731,6060,6213,1272,234,1301,189,9,104,104,104,2463,933,1901979,203,11,127,46,346041,345976,127,15,11,13,26,515883,328917,14,18,225,31,27,0,13,0,100,634801,342,0,85,1,0,0,27,0,0,27,1,0,0,1
3887.5,1662562683130,5.016907194,1,2.4,37.6,0.0,60.0,0.0,0.0,0.0,117,1,67,0,2,499056,118052,330964,693700,7653,100842,56,56,35,0,0,5,7,5,2,0,1,0,0,0,0,16,502604,0,15,2,10,2305,195882,5811,0,1,24303,18921,12320,12794,2522,919,2541,567,9,118,118,114,5464,1889,1785329,233,21,130,7,353673,353594,137,15,21,27,42,500661,331530,20,33,250,35,31,5,27,1,104,588883,360,0,74,1,0,0,48,0,0,48,1,0,0,1
3892.52,1662562689910,5.016073448,1,4.5,31.8,0.0,63.7,0.0,0.0,0.0,117,1,67,0,2,499344,117756,330972,693988,5906,98834,294,294,35,0,0,7,16,7,9,0,2,0,0,0,0,8,521852,0,4,1,32,570,219260,5531,0,1,23221,18235,4073,4840,646,156,882,126,23,109,109,112,1608,466,1898438,205,6,129,33,344463,344398,126,18,6,9,15,519703,327857,10,14,217,23,14,0,8,0,105,650939,342,0,97,1,1,6,21,0,0,21,1,1,0,2
3897.54,1662562696704,5.015211785,1,5.8,31.3,0.0,62.9,0.0,0.0,0.0,117,1,67,0,2,499620,117472,330980,694276,5581,98450,84,84,35,0,0,5,7,5,2,0,1,0,0,0,0,4,530336,0,4,2,11,1211,224399,5560,0,1,23165,18151,5970,6439,1262,235,1305,189,9,103,103,105,2467,948,1955922,201,11,129,44,347693,347634,124,16,11,13,25,528246,330403,14,18,215,24,21,0,13,0,98,648010,355,0,81,1,0,0,25,1,4,29,1,0,0,1
3902.56,1662562703497,5.017183428,1,4.4,29.1,0.0,66.6,0.0,0.0,0.0,118,3,67,0,1,498980,118120,330972,693628,5753,99686,56,56,35,0,0,5,7,5,2,0,1,0,0,0,0,3,506577,0,3,1,14,1297,199329,4904,0,1,22963,18013,3079,3245,445,86,466,63,9,101,101,102,869,268,1791208,199,4,130,4,346737,346687,121,16,4,5,13,504522,331932,10,11,212,25,13,0,5,0,99,635989,306,0,74,1,0,0,8,0,0,8,1,0,0,1
3907.58,1662562710810,5.017843107,1,2.2,38.4,0.0,59.4,0.0,0.0,0.0,117,1,67,0,2,500124,116972,330976,694776,5809,97869,294,294,35,0,0,5,7,5,2,0,1,0,0,0,0,4,539934,0,4,1,11,908,230352,5218,0,1,23244,18281,2584,2736,235,18,258,0,9,111,111,112,740,138,1999899,209,2,130,5,349675,349624,126,15,2,3,7,537782,334030,7,8,225,28,19,0,3,0,107,691362,305,0,74,1,0,0,5,0,0,5,1,0,0,1
3912.6,1662562717653,5.015180314,1,4.0,34.4,0.0,61.3,0.0,0.0,0.3,117,1,67,0,2,500204,116872,330996,694876,5649,98643,56,56,35,0,0,5,7,5,2,0,1,0,0,0,0,8,477646,0,3,1,11,2904,189371,5331,0,1,22966,17992,5856,6016,1252,298,1300,126,9,102,102,103,2462,939,1752549,201,11,129,44,335770,335715,126,15,11,13,26,475720,318614,14,18,220,24,22,0,13,0,99,587374,325,0,80,1,0,0,26,0,0,26,1,1,1,2
3917.62,1662562724517,5.024113920,1,20.1,36.5,0.0,43.1,0.0,0.0,0.3,116,2,67,0,2,500268,116804,331000,694944,5948,98615,84,84,35,0,0,7,11,7,4,2,2,0,0,0,0,7,545614,0,5,2,16,2442,232984,5267,2,1,22893,17965,3154,3675,464,86,482,0,12,104,104,107,873,261,1997871,203,4,130,5,352197,352145,125,18,4,6,12,543458,337341,10,11,220,31,14,0,5,0,99,704697,310,0,84,1,1,0,10,0,2,12,1,1,1,2
3922.64,1662562731350,5.016736225,1,5.0,27.8,0.0,65.9,0.0,0.0,1.3,115,1,66,0,2,499252,117812,331008,693936,5706,99877,266,266,35,0,0,5,9,5,4,0,2,0,0,0,0,2,495802,0,3,1,14,2894,190868,5149,0,1,23206,18251,2569,2721,239,80,259,63,13,109,109,110,740,132,1746723,207,2,131,5,345160,345105,127,18,2,3,7,493590,329459,7,8,219,28,17,0,3,0,106,610013,313,0,76,1,2,6,6,1,4,10,1,1,0,2
3927.65,1662562738133,5.013404516,1,9.6,29.8,0.0,60.2,0.0,0.0,0.3,115,2,68,0,1,500424,116640,331008,695116,13621,208746,140,140,35,0,0,4,6,4,2,1,1,0,0,0,0,19,535148,0,14,1,11,1862,215236,5663,0,1,23775,18978,9675,9234,1962,331,1810,315,9,117,117,114,3944,1494,1971309,231,14,130,7,365570,365539,137,16,14,26,34,534850,346038,18,24,249,35,31,5,18,1,105,650856,351,0,72,1,0,0,28,0,0,28,1,0,0,1
3932.67,1662562750801,5.016377504,1,3.2,33.4,0.0,63.1,0.0,0.0,0.3,114,2,67,0,2,499984,117076,331012,694680,5809,99955,294,294,35,0,0,5,7,5,2,0,1,0,0,0,0,5,503090,0,4,2,11,2883,194701,5260,0,1,23289,18310,2563,2718,240,79,257,0,9,111,111,112,741,127,1798685,209,2,131,5,348791,348740,130,16,2,4,7,500899,333145,7,8,224,28,18,0,3,0,108,623985,324,0,70,1,0,0,5,0,0,5,1,1,1,2
3937.69,1662562757622,5.016023072,1,4.0,31.0,0.0,64.6,0.0,0.0,0.4,114,1,67,0,2,500668,116384,331020,695372,5384,93350,56,56,35,0,0,5,7,5,2,0,1,0,0,0,0,12,522482,0,3,1,11,2351,217694,5151,0,1,21858,17116,5825,6335,1267,297,1297,0,9,97,97,99,2462,941,1932235,191,12,123,44,346502,346446,117,15,11,13,26,520507,329981,14,18,209,24,21,0,13,0,94,636404,325,0,77,1,0,0,27,0,0,27,1,0,0,1
3942.71,1662562764476,5.015700152,1,21.7,31.0,0.0,46.6,0.0,0.0,0.7,114,1,67,0,2,500212,116832,331028,694920,5488,99397,84,84,35,0,0,7,11,7,3,2,2,0,0,0,0,4,497763,0,5,1,12,2904,192925,5273,2,1,23018,18064,3142,3658,457,150,483,63,11,104,104,104,872,251,1754238,203,4,131,5,345017,344965,125,17,4,5,12,495776,329950,10,11,220,29,14,0,5,0,99,613933,308,0,71,1,1,0,11,0,2,13,1,1,1,2
3947.73,1662562771278,5.016660395,1,2.8,32.8,0.0,64.4,0.0,0.0,0.0,114,1,67,0,2,500072,116976,331024,694776,5734,99042,266,266,35,0,0,5,7,5,2,0,1,0,0,0,0,3,489173,0,3,1,11,2889,191364,5112,0,1,23127,18177,2378,2530,224,142,242,63,8,111,111,111,739,137,1735488,210,2,131,5,339024,338979,129,14,2,3,7,487297,323755,7,8,225,21,18,0,3,0,108,612918,328,0,74,1,0,0,4,1,4,8,1,0,0,1
3952.75,1662562778087,5.016990592,1,3.6,31.4,0.0,64.7,0.0,0.0,0.3,114,1,67,0,2,500392,116656,331024,695096,10850,103088,8967,8967,35,0,0,5,7,5,2,0,1,0,0,0,0,16,487819,0,10,1,11,2910,196927,5544,0,1,23210,18201,6549,7017,1466,491,1486,315,9,146,147,142,2852,1102,1722486,233,12,129,46,337450,337398,143,16,12,14,28,485908,319499,15,19,258,28,44,11,14,2,133,563865,370,0,82,1,0,0,25,0,0,25,1,0,0,1
3958.25,1662562784889,5.496186671,1,5.3,33.7,0.0,59.7,0.0,0.0,1.3,114,1,67,0,2,501196,115836,331040,695916,5944,107691,84,84,35,0,0,5,7,5,2,0,1,0,0,0,0,9,467522,0,4,1,11,3175,151764,5505,0,1,24981,19534,3684,3697,824,92,691,63,9,112,112,113,1438,637,1592079,219,6,141,44,362899,362853,131,16,6,2,14,466353,346275,10,12,239,30,23,0,8,0,108,564964,333,0,74,2,0,0,19,0,0,19,2,1,1,3
3963.27,1662562792123,5.016257876,1,2.2,32.5,0.0,65.0,0.0,0.0,0.3,114,1,67,0,2,499968,117060,331044,694692,8041,101736,294,294,35,0,0,5,7,5,2,1,1,0,0,0,0,19,489607,0,15,2,10,1512,192514,5555,0,1,24803,19358,11920,12387,2309,653,2340,630,8,129,129,126,5315,1754,1783380,245,19,130,9,346164,346099,146,13,19,25,38,488036,323138,17,30,267,41,40,5,25,1,116,604583,362,0,76,1,0,0,41,0,0,41,1,0,0,1
3968.29,1662562798942,5.016012713,1,2.6,32.7,0.0,64.7,0.0,0.0,0.0,114,1,67,0,2,500368,116648,331056,695096,5518,98406,84,84,35,0,0,5,7,5,2,6,1,0,0,0,0,11,540460,0,5,1,11,2591,231586,5807,0,1,23403,18189,6547,6692,1409,377,1446,126,119,101,101,103,2711,1028,2010200,199,15,131,44,353017,352960,185,15,15,18,29,538384,334502,17,25,371,25,152,0,19,0,99,657171,493,0,128,1,0,0,27,0,0,27,1,0,0,1
3973.31,1662562805795,5.015215888,1,2.5,35.3,0.0,60.9,0.0,0.0,1.3,114,2,66,0,2,500396,116616,331060,695136,5488,99241,56,56,35,0,0,7,9,7,2,0,1,0,0,0,0,2,534599,0,4,1,10,505,233445,5257,0,1,22822,17830,3945,4111,884,157,914,63,9,100,100,102,1594,687,1983735,196,7,130,44,341237,341184,120,15,7,8,17,532633,325591,10,13,214,30,20,0,8,0,97,687848,326,0,71,1,0,0,22,1,6,28,1,0,0,1
3978.33,1662562812549,5.016964090,1,3.7,36.3,0.0,60.0,0.0,0.0,0.0,114,1,67,0,2,500660,116340,331072,695408,6187,99588,294,294,35,0,0,5,7,5,2,0,1,0,0,0,0,10,553859,0,4,1,11,530,247259,5502,0,1,23150,18205,2696,3193,251,81,274,0,9,112,112,112,660,132,2073777,213,2,129,7,346897,346842,128,15,2,5,6,551692,331344,7,8,232,35,22,0,4,0,108,710801,319,0,72,1,0,0,6,0,0,6,1,0,0,1
3983.35,1662562819388,5.016085495,1,4.1,33.1,0.0,62.8,0.0,0.0,0.0,114,1,67,0,2,500036,116956,331080,694784,5594,97465,56,56,35,0,0,5,7,5,2,0,1,0,0,0,0,8,541671,0,7,1,10,2193,234951,5543,0,1,22959,17975,5847,6333,1251,234,1277,126,9,103,103,104,2464,925,2014365,203,12,129,44,348619,348558,127,16,11,13,25,539607,331513,14,18,222,24,21,0,13,0,98,678700,324,0,77,1,0,0,24,0,0,24,1,1,1,2
3988.37,1662562826223,5.020228518,1,6.8,39.0,0.0,53.6,0.0,0.0,0.6,114,1,67,0,2,499400,117596,331076,694152,5442,99347,84,84,35,0,0,5,7,5,2,0,1,0,0,0,0,8,533386,0,4,1,11,574,233500,5514,0,1,22791,17799,3954,4115,878,346,904,126,9,102,102,103,1599,680,1985854,199,7,129,44,340293,340241,121,16,7,8,17,531348,324645,10,13,218,30,20,0,8,0,98,679650,316,0,76,1,0,0,22,0,0,22,1,0,0,1
3993.39,1662562833108,5.020580744,1,3.6,32.1,0.0,64.3,0.0,0.0,0.0,114,1,67,0,2,499164,117816,331092,693932,6020,98719,84,84,35,0,0,8,11,7,3,1,2,0,0,0,0,3,506704,0,3,2,14,1237,203240,5106,2,1,22738,17804,1259,1408,81,10,106,0,11,105,105,108,42,5,1801748,207,0,129,7,341200,341151,127,18,0,0,3,504444,327802,6,6,225,37,19,0,0,0,103,643610,299,0,75,3,7,6,5,1,6,11,1,3,2,4
3998.41,1662562839887,5.015891614,1,5.7,27.1,0.0,66.6,0.0,0.0,0.6,114,1,67,0,2,500916,116072,331084,695680,15081,233253,168,168,35,0,0,5,10,5,5,0,2,0,0,0,0,11,500826,0,11,1,18,1912,201788,5438,2,1,23714,18107,8510,9347,1941,388,1860,504,15,111,111,111,4325,1422,1799517,217,17,130,7,344474,344410,136,17,17,24,36,498924,325543,17,30,232,26,20,2,23,0,104,599900,339,0,86,3,3,6,39,1,4,43,1,3,2,3
4003.42,1662562853479,5.014477279,1,2.9,30.0,0.0,66.8,0.0,0.0,0.3,114,2,67,0,2,500016,116972,331084,694776,5768,99762,56,56,35,0,0,7,10,7,3,1,2,0,0,0,0,1,513124,0,3,2,13,2908,196327,4876,2,1,22891,17921,1258,1473,80,9,106,0,10,107,107,108,12,7,1866285,211,0,131,7,356443,356404,125,13,0,0,3,511247,342980,6,6,227,35,19,0,0,0,104,643881,292,0,73,3,1,0,4,1,6,10,1,2,2,3
4008.45,1662562860787,5.027019339,1,2.6,35.4,0.0,62.0,0.0,0.0,0.0,114,2,67,0,2,500316,116660,331096,695092,5494,99347,84,84,35,0,0,5,10,5,5,6,2,0,0,0,0,8,556840,0,4,1,17,2957,243793,5530,2,1,23363,18197,3673,3773,587,101,614,0,117,104,103,104,1117,346,2066833,201,8,133,5,354705,354653,185,15,8,9,16,554947,338789,11,16,358,23,129,0,9,0,100,696589,464,0,131,3,3,6,8,1,4,12,1,3,2,2
4013.47,1662562867643,5.017098588,1,4.5,35.7,0.0,59.8,0.0,0.0,0.0,114,2,66,0,2,499700,117268,331104,694484,5802,97600,161,161,35,0,0,5,7,5,2,0,1,0,0,0,0,7,514952,0,3,2,11,1604,217911,5561,0,1,23258,18260,6164,6581,1275,360,1293,126,9,105,105,105,2545,930,1888837,203,11,129,44,340688,340634,127,14,11,13,27,513216,322638,14,18,220,26,23,0,13,0,100,635529,338,0,81,1,0,0,27,0,0,27,1,0,0,1
4018.49,1662562874437,5.022437171,1,22.4,33.0,0.0,43.9,0.0,0.0,0.7,114,2,67,0,2,499868,117104,331100,694648,5820,99762,84,84,35,0,0,5,7,5,2,0,1,0,0,0,0,4,554016,0,4,1,11,2148,240106,5560,0,1,22853,17884,1241,1393,79,9,106,0,9,107,107,108,8,5,2047723,209,1,131,7,352196,352144,126,16,0,0,4,551849,338722,6,6,228,35,19,0,0,0,104,711981,313,0,71,1,0,0,4,0,0,4,1,0,0,1
4023.51,1662562881288,5.017373144,1,6.6,35.9,0.0,55.5,0.0,0.0,2.0,114,1,67,0,2,499684,117288,331100,694464,5540,99347,56,56,35,0,0,5,7,5,2,0,1,0,0,0,0,2,500562,0,3,1,9,2925,191879,5372,0,1,22939,17983,2938,3409,438,149,464,126,9,103,103,105,873,258,1761987,203,4,130,5,348316,348263,122,16,4,5,12,498431,333465,10,11,217,22,14,0,5,0,100,608554,309,0,71,1,0,0,9,0,0,9,1,0,0,1
4028.53,1662562888071,5.017090321,1,5.2,24.8,0.0,69.9,0.0,0.0,0.0,114,1,67,0,2,499732,117220,331120,694532,5596,95755,294,294,35,0,0,5,7,5,2,0,1,0,0,0,0,9,508052,0,5,1,11,1359,204243,5211,0,1,22940,18056,7359,7840,1433,305,1444,63,9,107,107,108,3166,1044,1865100,201,13,125,44,347044,346984,126,16,13,16,30,506048,327866,15,20,222,24,25,0,16,0,103,605287,346,0,83,1,0,0,30,0,0,30,1,0,0,1
4033.91,1662562894840,5.381528012,1,2.0,34.5,0.0,63.5,0.0,0.0,0.0,114,1,67,0,2,499008,117940,331124,693804,6166,106020,84,84,35,0,0,6,13,5,6,5,3,0,0,0,0,3,525612,0,4,2,21,3098,204866,5543,3,1,24227,18958,2529,2789,553,145,289,0,18,113,113,114,810,420,1918519,221,3,138,18,366515,366466,136,19,3,2,9,523541,351099,8,8,247,37,29,0,3,0,109,640065,334,0,88,3,2,4,6,1,4,10,1,3,2,4
4038.92,1662562902044,5.014251841,1,5.6,30.2,0.0,63.5,0.0,0.0,0.7,114,1,67,0,2,500128,116796,331148,694948,9287,125144,84,84,35,0,0,7,10,7,3,6,2,0,0,0,0,15,563966,0,16,1,14,3464,246708,5717,2,1,23982,18828,10779,10536,2289,530,2266,315,11,118,118,117,4821,1727,2104350,233,21,130,7,363853,363814,138,16,21,25,37,562958,343628,15,31,251,36,30,5,26,1,105,697856,351,0,83,3,1,0,37,1,6,43,1,2,2,3
4043.94,1662562910403,5.021822227,1,6.6,28.4,0.0,65.1,0.0,0.0,0.0,115,1,67,0,2,500008,116912,331152,694832,6094,107280,294,294,35,0,0,0,1,0,1,0,1,0,0,0,0,6,527665,0,6,0,8,2876,224634,5492,0,0,23508,18519,5837,6611,919,107,1272,0,7,121,121,121,2346,595,1945772,229,10,130,5,347142,347069,133,13,6,14,18,525854,329986,12,14,235,22,15,0,8,0,112,662459,331,0,71,3,4,4,10,0,0,10,1,2,1,3
4048.96,1662562917276,5.016996738,1,3.3,36.3,0.0,59.2,0.0,0.0,1.2,116,2,66,0,2,499592,117316,331164,694420,5442,98304,56,56,35,0,0,5,9,3,4,4,2,0,0,0,0,13,511409,0,3,2,16,2912,209973,5442,2,1,23089,18087,5896,6030,1251,361,1275,189,13,101,101,103,2472,934,1850565,199,11,130,44,344257,344197,125,15,11,13,25,509381,327033,14,18,218,24,21,0,14,0,100,623949,342,0,84,3,3,2,28,1,3,31,1,3,2,2
4053.98,1662562924031,5.017353074,1,22.4,31.5,0.0,45.8,0.0,0.0,0.3,116,1,67,0,2,499076,117832,331164,693908,5488,99397,84,84,35,0,0,7,9,7,2,6,1,0,0,0,0,3,540062,0,5,1,11,2987,230472,5461,0,1,23095,17951,1744,1893,221,25,246,0,146,104,104,105,250,93,1992318,201,4,133,5,348955,348902,203,15,4,4,8,537917,334569,8,12,377,29,136,0,5,0,99,681685,476,0,134,1,0,0,4,0,3,7,1,0,0,1
4059,1662562930843,5.016586297,1,4.2,34.8,0.0,61.0,0.0,0.0,0.0,116,1,67,0,2,499408,117492,331172,694252,5602,99877,294,294,35,0,0,5,7,5,2,0,1,0,0,0,0,9,540920,0,4,2,11,2873,232628,5344,0,1,23341,18394,4473,4613,613,31,634,63,9,110,110,109,1606,379,1993600,207,6,129,5,350948,350895,125,15,6,8,16,538866,333907,11,13,223,22,18,0,8,0,105,675234,326,0,78,1,0,0,11,0,0,11,1,0,0,1
4064.02,1662562937685,5.016470345,1,4.4,29.5,0.0,66.1,0.0,0.0,0.0,116,1,67,0,2,499984,116904,331184,694840,5850,98565,56,56,35,0,0,5,7,5,2,0,1,0,0,0,0,12,498775,0,3,1,12,1452,199382,5571,0,1,23039,18043,5860,6310,1264,172,1292,63,8,102,102,105,2467,932,1808363,200,11,129,44,341417,341365,123,14,11,14,26,496648,324263,14,18,218,26,21,0,13,0,99,606825,336,0,78,1,0,0,26,0,0,26,1,0,0,1
4069.04,1662562944470,5.021207369,1,21.9,33.5,0.0,43.9,0.0,0.0,0.6,116,1,67,0,2,500188,116708,331176,695036,5494,99347,84,84,35,0,0,5,7,5,2,0,1,0,0,0,0,2,496724,0,4,1,11,2886,190799,4895,0,1,22689,17759,1050,1507,65,9,91,0,9,103,103,104,5,5,1809422,201,0,130,5,344563,344519,126,16,0,0,4,494612,331355,6,6,216,28,13,0,0,0,100,619744,296,0,72,1,0,0,4,0,0,4,1,0,0,1
4074.06,1662562951278,5.017241350,1,4.3,29.7,0.0,65.7,0.0,0.0,0.3,116,2,67,0,2,500312,116588,331172,695164,7767,100282,266,266,35,0,0,5,8,5,3,5,2,0,0,0,0,22,513931,0,14,1,13,3880,209858,5935,2,1,24788,19375,13644,13809,2672,727,2693,504,10,123,123,120,6183,2004,1882654,235,23,130,7,353672,353588,139,14,23,30,46,511929,329328,21,35,253,28,35,5,30,1,111,610894,375,0,81,1,1,0,45,1,4,49,1,2,2,2
4079.08,1662562958085,5.016108480,1,2.0,38.1,0.0,59.5,0.0,0.0,0.3,116,1,67,0,2,499544,117308,331220,694428,5574,97469,84,84,35,0,0,7,9,7,2,0,1,0,0,0,0,15,527708,0,4,2,11,2876,230163,5474,0,1,23003,18014,5872,6019,1252,298,1274,189,9,104,104,106,2459,925,1956880,203,11,129,44,340135,340082,123,15,11,13,26,525612,323004,14,18,221,24,22,0,13,0,101,648898,337,0,78,1,0,0,25,0,2,27,1,0,0,1
4084.12,1662562964863,5.037709461,1,9.5,31.4,0.0,58.8,0.0,0.0,0.3,116,1,67,0,2,499444,117384,331244,694332,5522,98354,84,84,35,0,0,5,10,5,5,0,2,0,0,0,0,6,490146,0,5,1,18,2906,191917,5344,1,1,22525,17616,2290,2194,451,207,267,0,15,102,102,104,724,317,1806148,199,3,129,16,337456,337411,127,17,3,2,9,488206,323212,7,7,222,30,23,0,3,0,99,606097,322,0,83,3,3,6,5,1,4,9,1,3,2,3
4089.14,1662562971747,5.015589184,1,5.2,29.5,0.0,64.6,0.0,0.0,0.7,116,1,67,0,2,499812,116992,331268,694728,6507,100407,266,266,35,0,0,7,11,7,3,4,2,0,0,0,0,6,552409,0,3,2,14,2875,240717,5340,2,1,23528,18562,4762,4905,624,31,647,0,11,111,111,114,1614,373,2057843,211,6,130,6,354421,354370,129,18,6,8,17,550307,337011,11,13,227,34,22,0,8,0,109,697150,335,0,79,3,5,4,12,1,6,18,1,3,2,3
4094.16,1662562978601,5.016381348,1,1.0,36.5,0.0,62.6,0.0,0.0,0.0,116,1,67,0,2,499340,117448,331284,694264,5494,98565,84,84,35,0,0,5,10,5,5,0,2,0,0,0,0,9,520070,0,4,1,18,690,214566,5438,2,1,23063,18060,5878,6345,1263,424,1277,126,15,102,102,102,2471,925,1905783,197,11,129,43,346600,346532,122,18,11,13,25,517806,329539,14,18,215,20,19,0,13,0,95,633407,343,0,93,3,3,6,27,1,4,31,1,3,2,2
4099.18,1662562985429,5.018156523,1,4.1,33.3,0.0,62.5,0.0,0.0,0.0,116,1,67,0,2,499220,117576,331276,694136,5338,98304,56,56,35,0,0,5,7,5,2,0,1,0,0,0,0,5,526894,0,3,2,10,2971,223615,5487,0,1,23159,17981,4109,4598,892,291,921,0,130,101,101,101,1600,681,1940432,199,7,132,44,344692,344629,191,14,7,8,16,524919,328448,11,14,350,31,120,0,8,0,98,655539,466,0,119,1,0,0,18,0,0,18,1,0,0,1
4104.2,1662562992302,5.017762865,1,3.2,34.6,0.0,62.2,0.0,0.0,0.0,116,1,67,0,2,498904,117880,331288,693832,5980,100292,294,294,35,0,0,5,7,5,2,0,1,0,0,0,0,8,539358,0,4,1,11,2895,235307,5401,0,1,23616,18643,4848,5311,641,157,662,0,9,114,114,115,1615,386,1996572,215,6,130,7,347316,347265,133,16,6,8,17,537354,329794,11,13,235,36,24,0,8,0,111,684290,326,0,78,1,0,0,12,0,0,12,1,0,0,1
4109.22,1662562999147,5.016850564,1,1.9,28.3,0.0,69.5,0.0,0.0,0.3,115,1,66,0,2,499316,117480,331276,694244,5338,98304,84,84,35,0,0,5,7,5,2,0,1,0,0,0,0,6,481703,0,3,1,10,2916,189017,5437,0,1,22991,17998,5856,6283,1260,235,1275,63,8,101,101,100,2463,933,1756779,199,11,128,44,338072,338014,119,14,11,13,25,479505,320879,14,18,218,24,21,0,13,0,96,584882,316,0,82,1,0,0,27,0,0,27,1,0,0,1
4114.23,1662563005885,5.012858791,1,2.0,39.1,0.0,58.6,0.0,0.0,0.3,116,1,67,0,2,499756,117064,331252,694676,14728,218827,350,350,35,0,0,0,1,0,1,1,1,0,0,0,0,20,523905,0,14,0,9,3407,206384,5632,0,0,24390,19560,11271,11118,2113,458,1918,252,7,126,126,122,4675,1581,1856673,241,16,130,8,366807,366777,140,14,16,29,36,523431,344680,18,23,260,38,37,5,20,1,113,625837,356,0,67,1,4,4,30,0,0,30,1,1,0,2
4119.25,1662563018564,5.016381814,1,4.6,30.7,0.0,64.7,0.0,0.0,0.0,116,1,67,0,2,499440,117392,331240,694356,5522,99555,84,84,35,0,0,7,9,7,2,0,1,0,0,0,0,13,534614,0,4,1,10,2879,223161,5529,0,1,23133,18115,5863,6016,1257,298,1283,63,9,105,105,104,2472,925,1960727,205,12,130,44,353522,353457,124,15,11,13,25,532345,336196,14,18,225,24,22,0,13,0,100,657968,326,0,72,1,0,0,26,0,4,30,1,0,0,1
4124.27,1662563025363,5.015421806,1,4.5,30.6,0.0,65.0,0.0,0.0,0.0,116,1,67,0,2,498724,118104,331244,693644,5442,98226,56,56,35,0,0,5,7,5,2,0,1,0,0,0,0,5,496856,0,3,1,11,591,191761,5168,0,1,22678,17743,2283,2520,558,18,269,0,9,101,101,103,835,458,1738217,199,3,130,16,344053,343999,125,16,3,2,9,494695,329645,7,7,220,30,23,0,3,0,99,620783,319,0,73,1,0,0,4,0,0,4,1,0,0,1
4129.29,1662563032169,5.016435216,1,3.3,39.5,0.0,57.1,0.0,0.0,0.0,116,1,67,0,2,499744,117092,331236,694656,6135,99327,294,294,35,0,0,5,7,5,2,0,1,0,0,0,0,5,562636,0,4,1,11,577,250731,5603,0,1,23665,18675,4854,5001,637,94,657,0,9,115,115,116,1614,379,2109983,217,6,130,7,354171,354117,130,15,6,8,17,560572,336572,11,13,237,36,25,0,8,0,112,703678,348,0,77,1,0,0,13,0,0,13,1,0,0,1
4134.31,1662563039026,5.016944151,1,2.5,34.0,0.0,62.8,0.0,0.0,0.7,116,1,67,0,2,499108,117700,331264,694044,5436,98304,84,84,35,0,0,5,7,5,2,0,1,0,0,0,0,6,487309,0,4,2,11,573,187060,5528,0,1,23051,18045,5859,6349,1258,234,1277,63,9,101,101,102,2467,918,1767513,199,11,129,44,342215,342152,121,15,11,13,25,485246,325034,14,18,219,24,21,0,13,0,98,588321,339,0,81,1,0,0,26,0,0,26,1,0,0,1
4139.33,1662563045854,5.016454033,1,2.9,37.0,0.0,60.1,0.0,0.0,0.0,116,1,68,0,2,499652,117152,331268,694596,5792,98354,56,56,35,0,0,5,9,5,4,0,2,0,0,0,0,5,500332,0,4,1,17,586,200472,5316,0,1,22916,17913,3956,4473,878,284,911,189,12,103,103,106,1600,680,1799450,203,7,130,44,340275,340219,127,16,7,8,17,498131,324637,10,13,220,32,20,0,8,0,99,615817,341,0,82,1,2,6,20,1,4,24,1,2,1,2
4144.35,1662563052707,5.015725324,1,4.3,35.6,0.0,59.8,0.0,0.0,0.4,116,1,67,0,2,499888,116912,331272,694836,6187,100553,294,294,35,0,0,7,11,7,4,10,2,0,0,0,0,10,561681,0,4,1,16,2896,250273,5434,3,1,23631,18634,5231,5471,779,102,809,0,13,111,111,113,1756,477,2099834,213,10,130,7,354044,353968,134,18,10,12,19,559355,336485,11,17,241,36,29,0,12,0,109,694887,356,0,87,1,1,0,13,0,2,15,1,1,1,2
4149.37,1662563059533,5.017706693,1,3.5,34.3,0.0,62.2,0.0,0.0,0.0,116,1,67,0,2,499580,117220,331272,694528,7631,100894,56,56,35,0,0,5,7,5,2,1,1,0,0,0,0,17,510970,0,16,1,11,2190,219396,5843,0,1,24438,18984,15016,15538,3316,870,3354,756,9,117,117,115,7040,2556,1907525,231,28,129,46,340874,340792,136,16,28,35,55,508878,316488,24,40,252,30,38,5,35,1,104,608543,372,0,82,1,0,0,65,0,0,65,1,0,0,1
4154.39,1662563066373,5.016760120,1,5.4,32.8,0.0,61.1,0.0,0.0,0.6,116,1,67,0,2,499896,116896,331280,694852,5338,98304,84,84,35,0,0,5,7,5,2,0,1,0,0,0,0,5,494851,0,4,1,11,2911,200371,5429,0,1,22826,17828,3954,4429,879,283,905,0,9,102,102,101,1602,694,1825377,199,7,129,44,338758,338709,121,16,7,8,17,492883,323089,10,13,218,30,20,0,8,0,97,611505,327,0,77,1,0,0,22,0,0,22,1,0,0,1
4159.41,1662563073206,5.017170410,1,1.7,31.7,0.0,66.6,0.0,0.0,0.0,116,1,67,0,2,499532,117268,331272,694480,5716,98719,56,56,35,0,0,5,7,5,2,0,1,0,0,0,0,8,559380,0,3,1,11,2788,247479,5268,0,1,23073,18126,3336,3822,466,87,492,0,9,106,106,107,910,263,2088416,209,4,130,7,352507,352460,130,16,4,5,12,557373,337294,10,11,227,36,21,0,5,0,103,719034,317,0,69,1,0,0,8,0,0,8,1,0,0,1
4164.43,1662563080611,5.016458934,1,3.7,37.2,0.0,59.1,0.0,0.0,0.0,116,1,67,0,2,499344,117436,331292,694312,11621,104535,8983,8983,35,0,0,5,9,5,4,0,2,0,0,0,0,2,489474,0,12,2,18,2944,188737,5584,0,1,23073,18111,3681,4134,657,156,674,0,13,150,151,150,1265,439,1710584,241,5,131,7,342211,342161,145,17,5,6,15,487536,326730,11,12,260,28,36,11,6,2,138,602529,345,0,82,1,2,6,9,1,4,13,1,2,1,2
4169.45,1662563087445,5.017542067,1,5.1,40.3,0.0,54.6,0.0,0.0,0.0,116,1,67,0,2,498996,117764,331312,693968,5488,97311,56,56,35,0,0,7,11,7,4,1,2,0,0,0,0,7,500736,0,4,1,16,827,200563,5542,3,1,22751,17761,3801,4061,865,94,898,126,12,102,102,103,1596,686,1790819,201,7,129,44,340521,340470,126,16,7,8,16,499194,325081,10,13,222,23,22,0,8,0,99,631417,329,0,85,3,5,4,24,1,6,30,1,3,2,3
4174.47,1662563094280,5.016727147,1,22.8,31.6,0.0,45.0,0.0,0.0,0.6,116,2,67,0,2,499508,117252,331312,694488,5768,99762,84,84,35,0,0,5,10,5,5,0,2,0,0,0,0,5,536529,0,4,2,18,2862,224761,5290,1,1,23109,18155,3347,3786,473,24,492,0,15,107,107,108,877,270,1960936,209,4,131,7,351743,351687,132,18,4,5,13,534521,336502,10,11,229,36,20,0,5,0,104,681894,337,0,86,3,3,6,11,1,4,15,1,3,2,2
4179.49,1662563101148,5.016128840,1,4.6,39.6,0.0,55.4,0.0,0.0,0.3,116,1,67,0,2,499344,117408,331320,694332,5442,98304,84,84,35,0,0,5,7,5,2,0,1,0,0,0,0,4,545782,0,3,1,11,758,232904,5286,0,1,22764,17851,2944,3406,444,23,462,0,9,101,101,103,870,261,2001107,199,4,130,5,351497,351356,121,15,4,5,12,543560,336744,10,11,214,22,14,0,5,0,100,685912,321,0,76,1,0,0,10,0,0,10,1,0,0,1
4184.51,1662563108002,5.017300982,1,3.7,29.1,0.0,67.2,0.0,0.0,0.0,115,1,66,0,2,499368,117376,331328,694356,5654,97791,266,266,35,0,0,5,7,5,2,0,1,0,0,0,0,16,486468,0,3,1,11,613,189902,5439,0,1,23327,18305,5293,5825,1030,354,1052,63,9,109,109,109,2298,793,1754524,207,9,129,44,339073,339016,125,15,9,11,21,484479,321342,11,15,223,23,24,0,11,0,106,582310,342,0,78,1,0,0,23,0,0,23,1,0,0,1
4189.54,1662563114787,5.032257462,1,4.0,35.0,0.0,61.0,0.0,0.0,0.0,116,1,67,0,2,500072,116684,331316,695060,14389,212290,168,168,35,0,0,0,0,0,0,1,0,0,0,0,0,18,573303,0,15,0,5,3348,250822,5348,0,0,23754,18936,10925,11620,2317,653,2302,504,5,119,119,115,4924,1714,2157449,233,22,131,7,370017,369983,134,11,22,26,39,572800,349362,18,29,249,28,28,5,18,1,105,712907,341,0,60,1,0,0,37,0,0,35,1,0,0,1
4194.56,1662563127249,5.015886922,1,5.3,33.3,0.0,60.3,0.0,0.0,1.0,116,1,67,0,2,500084,116660,331328,695084,5390,99269,56,56,35,0,0,5,7,5,2,0,1,0,0,0,0,4,517174,0,3,1,11,545,215691,5315,0,1,22770,17783,3769,4286,862,283,895,63,9,100,100,101,1599,691,1917924,197,7,129,44,341634,341580,124,15,7,8,16,515176,326212,10,13,215,23,20,0,8,0,98,647135,326,0,81,1,4,4,22,1,4,26,1,1,0,2
4199.58,1662563134036,5.016414172,1,19.6,34.7,0.0,45.1,0.0,0.0,0.6,116,1,67,0,2,499604,117120,331348,694620,6026,98875,84,84,35,0,0,7,9,7,2,0,1,0,0,0,0,6,515421,0,3,2,11,1930,214214,5294,0,1,23060,18109,3341,3781,470,87,499,63,9,108,108,109,881,266,1876291,213,4,130,7,341622,341593,128,15,4,5,13,513442,326432,10,11,230,36,22,0,5,0,106,647022,310,0,74,1,0,0,10,0,2,12,1,0,0,1
4204.6,1662563140910,5.016683196,1,3.5,39.6,0.0,56.6,0.0,0.0,0.3,116,1,67,0,2,499612,117108,331352,694632,5781,99633,84,84,35,0,0,5,7,5,2,0,1,0,0,0,0,6,542781,0,4,1,11,2870,236353,5334,0,1,22849,17914,2954,3101,445,24,471,0,9,106,106,107,874,259,2021835,207,4,130,5,345861,345809,125,16,4,5,12,540679,331115,10,11,223,22,16,0,5,0,102,696557,304,0,70,1,0,0,8,0,0,8,1,0,0,1
4209.62,1662563147766,5.024485474,1,4.2,41.5,0.0,53.7,0.0,0.0,0.6,116,2,66,0,2,499332,117384,331356,694348,5750,95514,161,161,35,0,0,5,7,5,2,0,1,0,0,0,0,6,510668,0,3,2,10,1944,215541,5278,0,1,22091,17315,4157,4221,863,283,896,63,8,101,101,104,1688,685,1873957,195,7,125,44,334859,334808,121,14,7,8,18,508392,318732,10,13,213,25,22,0,8,0,98,638185,324,0,72,1,0,0,20,0,0,20,1,0,0,1
4214.64,1662563154607,5.016604478,1,3.3,35.6,0.0,60.8,0.0,0.0,0.3,116,1,67,0,2,500084,116624,331364,695116,5716,99762,84,84,35,0,0,5,7,5,2,0,1,0,0,0,0,2,484691,0,4,1,11,594,188550,5158,0,1,23116,18160,3338,3808,466,87,481,0,9,108,108,109,868,250,1781387,209,4,130,7,336408,336361,130,15,4,5,13,482703,321221,10,11,229,36,20,0,5,0,104,589739,322,0,77,1,0,0,11,0,0,11,1,0,0,1
4219.66,1662563161925,5.016338979,1,4.7,34.4,0.0,60.9,0.0,0.0,0.0,116,1,67,0,2,499808,116900,331364,694840,5482,98354,56,56,35,0,0,5,9,5,4,0,2,0,0,0,0,3,545135,0,5,1,16,2874,243673,5391,0,1,22874,17952,3140,3601,455,212,488,0,13,102,102,105,872,271,2044897,201,4,130,5,346077,346028,124,17,4,5,13,543231,331184,10,11,219,29,15,0,5,0,100,695976,321,0,84,1,2,6,11,1,4,15,1,1,0,2
4224.68,1662563168745,5.015700198,1,3.8,40.2,0.0,56.0,0.0,0.0,0.0,116,1,67,0,2,499700,117004,331368,694740,7971,101787,294,294,35,0,0,7,9,7,2,0,1,0,0,0,0,23,509755,0,19,1,11,3842,209666,5907,0,1,24663,19198,14470,15003,3103,930,3148,1008,9,125,125,122,6913,2424,1869223,236,26,130,46,350710,350628,144,15,26,33,50,507658,325659,21,37,261,29,41,5,33,1,110,590809,389,0,86,1,0,0,57,0,2,59,1,0,0,1
4229.7,1662563175611,5.016651400,1,2.0,40.6,0.0,56.4,0.0,0.0,1.0,116,1,67,0,2,500204,116496,331372,695248,5896,99864,56,56,35,0,0,5,7,5,2,12,1,0,0,0,0,13,512043,0,5,1,11,2979,213602,5735,0,1,23743,18503,7400,7551,1590,322,1604,0,147,106,106,108,2959,1113,1873543,209,19,132,46,342963,342901,199,16,19,21,33,510024,323693,15,27,385,39,150,0,21,0,103,608934,519,0,138,1,0,0,26,0,0,26,1,0,0,1
4234.72,1662563182463,5.016304699,1,2.0,40.7,0.0,57.3,0.0,0.0,0.0,116,1,67,0,2,500676,116012,331384,695728,5494,99347,84,84,35,0,0,5,7,5,2,0,1,0,0,0,0,7,490182,0,4,1,11,848,191029,5074,0,1,22922,17990,3128,3275,448,23,502,0,9,103,103,104,875,267,1753939,201,4,130,5,338955,338905,121,16,4,5,13,488120,324078,10,11,215,29,14,0,5,0,99,615394,304,0,77,1,0,0,10,0,0,10,1,0,0,1
4239.74,1662563189322,5.016882831,1,1.8,29.8,0.0,67.8,0.0,0.0,0.6,116,1,67,0,2,499608,117088,331376,694652,5602,97791,266,266,35,0,0,5,7,5,2,0,1,0,0,0,0,6,481995,0,3,2,10,2854,189294,5241,0,1,23000,18049,5293,5448,1040,101,1065,63,8,107,107,108,2332,804,1758910,203,9,127,44,335501,335451,125,14,9,11,20,479998,317953,11,15,219,23,24,0,11,0,105,583828,340,0,78,1,0,0,20,0,0,20,1,0,0,1
4244.76,1662563196115,5.015648064,1,2.2,40.1,0.0,57.7,0.0,0.0,0.0,116,1,67,0,2,499164,117516,331392,694224,5969,98847,84,84,35,0,0,5,9,5,4,0,2,0,0,0,0,13,537445,0,5,1,16,2562,236089,5291,0,1,22974,17963,4153,4318,905,285,922,63,13,109,109,109,1603,681,2004355,213,7,129,46,342446,342416,134,18,7,8,17,535438,326573,10,13,235,37,27,0,8,0,104,678343,338,0,85,1,2,6,22,1,4,26,1,2,1,2
4249.78,1662563202940,5.016761190,1,3.0,36.0,0.0,60.7,0.0,0.0,0.3,117,1,67,0,2,498824,117848,331400,693884,5626,98512,84,84,35,0,0,5,7,5,2,0,1,0,0,0,0,2,490447,0,4,1,10,565,188113,5249,0,1,22983,18041,3151,3608,454,87,480,0,8,105,105,106,870,242,1792858,205,4,130,5,342026,341980,122,13,4,5,12,488375,327103,10,11,221,29,15,0,6,0,102,607869,325,0,73,1,0,0,10,0,0,10,1,0,0,1
4254.8,1662563209792,5.015432309,1,3.6,36.1,0.0,59.7,0.0,0.0,0.6,116,2,65,0,3,498840,117816,331416,693912,5758,99095,266,266,35,0,0,7,9,7,2,0,1,0,0,0,0,12,489178,0,3,1,11,597,188500,5320,0,1,23226,18163,4816,5166,910,410,1031,189,9,108,108,109,1985,655,1780226,205,7,129,44,341753,341679,124,16,7,12,18,486168,324637,11,15,223,21,25,0,9,0,105,595794,339,0,74,1,0,0,24,0,2,26,1,0,0,1
4259.82,1662563216625,5.016020439,1,3.4,27.4,0.0,69.2,0.0,0.0,0.0,114,1,66,0,2,499572,117088,331412,694652,5716,98641,84,84,35,0,0,5,7,5,2,0,1,0,0,0,0,13,498445,0,4,1,12,1375,203086,5364,0,1,22956,17953,4154,4641,894,221,918,63,9,105,105,106,1603,685,1791822,205,7,129,46,336244,336193,128,16,7,8,17,496501,320329,10,13,228,37,26,0,8,0,102,622873,326,0,77,1,0,0,23,0,0,23,1,0,0,1
4264.83,1662563223387,5.013206360,1,4.6,25.7,0.0,69.7,0.0,0.0,0.0,115,1,67,0,2,500212,116444,331416,695296,13819,203955,350,350,35,0,0,0,3,0,3,0,1,0,0,0,0,10,551504,0,15,0,12,3380,237197,5840,0,0,24083,19215,10527,10657,2235,575,2099,189,11,125,125,122,4603,1772,2055748,237,17,130,46,363390,363361,138,14,17,30,36,551055,341379,17,24,259,29,41,5,18,1,112,670254,380,0,80,3,2,6,38,0,0,38,1,2,1,3
4269.85,1662563235428,5.016832843,1,5.0,30.9,0.0,64.0,0.0,0.0,0.0,116,1,67,0,2,499344,117316,331412,694420,5664,99762,56,56,35,0,0,5,8,5,3,0,2,0,0,0,0,18,497050,0,3,1,13,1438,193077,5388,2,1,23388,18358,6246,6170,1289,298,1305,63,11,105,105,105,2477,945,1772402,207,11,134,46,346770,346710,129,16,11,13,25,495011,329061,14,18,235,38,30,0,14,0,103,603800,342,0,84,3,3,2,27,1,4,31,1,3,2,3
4274.87,1662563242253,5.016196817,1,4.9,34.3,0.0,60.8,0.0,0.0,0.0,116,1,67,0,2,499920,116724,331428,695016,5442,99347,84,84,35,0,0,7,11,7,4,6,2,0,0,0,0,5,506996,0,4,1,15,2878,198202,5202,2,1,23052,18094,3653,3804,593,157,618,0,13,103,103,104,1120,352,1800686,201,8,130,5,348993,348938,124,18,8,9,17,504983,333507,10,15,225,29,20,0,9,0,99,636768,323,0,85,3,5,4,9,1,6,15,1,3,2,3
4279.89,1662563249032,5.017298169,1,5.1,32.9,0.0,61.3,0.0,0.0,0.6,116,1,67,0,2,499856,116788,331428,694948,5550,96748,294,294,35,0,0,5,10,5,5,0,2,0,0,0,0,12,513393,0,4,1,18,544,205316,5320,2,1,22898,17971,5304,5461,1025,291,1046,63,15,108,108,108,2327,802,1885949,203,9,127,44,350034,349977,125,18,9,11,20,511438,332429,11,15,223,23,25,0,11,0,103,627766,346,0,86,3,3,6,21,1,4,25,1,3,2,3
4284.91,1662563255869,5.015746579,1,5.9,29.8,0.0,64.4,0.0,0.0,0.0,116,1,67,0,2,500016,116616,331440,695120,6678,99761,1086,1086,35,0,0,5,8,5,3,0,2,0,0,0,0,9,486958,0,15,1,13,2904,192005,5628,2,1,23322,18290,6302,6455,1276,172,1301,63,10,130,130,132,2457,936,1776510,221,11,129,46,340998,340941,136,15,11,13,27,485040,323229,15,19,247,41,33,22,13,4,114,590949,392,0,80,3,5,4,25,1,4,29,1,3,2,2
4289.93,1662563262681,5.015664766,1,6.1,25.4,0.0,68.5,0.0,0.0,0.0,116,1,67,0,2,499668,116956,331448,694780,5776,99866,84,84,35,0,0,5,7,5,2,0,1,0,0,0,0,5,519710,0,5,1,10,2589,214703,5236,0,1,23051,18098,3137,3620,451,87,477,63,9,105,105,107,871,256,1897078,203,4,130,4,344526,344476,127,15,4,5,13,517753,329678,10,11,218,25,13,0,5,0,100,659567,318,0,73,1,0,0,9,0,0,9,1,0,0,1
4294.95,1662563269513,5.016572942,1,2.0,30.3,0.0,67.7,0.0,0.0,0.0,116,1,67,0,2,499716,116896,331460,694836,5654,99799,266,266,35,0,0,5,7,5,2,0,1,0,0,0,0,16,517254,0,3,2,10,2903,214479,5330,0,1,23298,18283,5294,5789,1036,479,1066,189,8,108,108,108,2326,806,1905214,205,9,129,44,347453,347393,121,13,9,11,20,515272,329647,11,15,221,23,24,0,11,0,105,625228,349,0,76,1,0,0,20,0,0,20,1,0,0,1
4299.97,1662563276333,5.017314661,1,2.2,38.1,0.0,59.8,0.0,0.0,0.0,116,1,67,0,2,499628,116992,331452,694744,7673,99123,84,84,35,0,0,5,7,5,2,1,1,0,0,0,0,23,529635,0,15,1,11,3819,226727,5897,0,1,24470,19037,15407,15887,3352,682,3381,693,9,121,121,116,7059,2556,1966502,237,28,128,48,353092,353019,140,15,28,35,56,527716,328309,24,40,263,44,44,5,35,1,106,623266,383,0,80,1,0,0,64,0,0,64,1,0,0,1
4304.99,1662563283139,5.016246241,1,2.0,40.5,0.0,57.2,0.0,0.0,0.3,116,1,67,0,2,499440,117168,331464,694568,5494,99347,84,84,35,0,0,5,7,5,2,0,1,0,0,0,0,5,522032,0,3,1,11,2870,218237,5129,0,1,22919,17988,3130,3272,455,86,479,0,9,102,102,102,874,266,1885313,201,4,130,5,345726,345679,126,15,4,5,12,519909,330862,10,11,216,29,14,0,5,0,99,670225,315,0,75,1,0,0,9,0,0,9,1,0,0,1
4310.01,1662563289997,5.021014693,1,2.7,35.8,0.0,61.5,0.0,0.0,0.0,116,1,67,0,2,498588,118028,331456,693708,6044,98834,294,294,35,0,0,6,13,5,6,4,3,0,0,0,0,12,508710,0,4,1,19,2887,203717,5356,3,1,23295,18287,4077,4479,552,218,873,126,16,108,108,111,1528,396,1868174,203,6,129,33,346975,346913,123,16,6,9,15,506403,330331,10,14,215,23,14,0,8,0,105,625323,342,0,84,3,2,4,23,1,4,27,1,3,2,4
4315.03,1662563297157,5.015803658,1,2.2,35.7,0.0,61.5,0.0,0.0,0.6,116,1,67,0,2,498896,117688,331488,694040,5731,98656,84,84,35,0,0,7,11,7,4,4,2,0,0,0,0,8,485137,0,4,2,17,586,190065,5214,3,1,22785,17791,3790,4327,867,220,891,189,13,103,103,103,1600,681,1734257,203,8,129,44,335444,335399,123,16,7,8,16,483425,320107,10,13,220,23,20,0,8,0,99,589969,334,0,83,3,1,0,22,1,6,28,1,2,2,3
4320.05,1662563304016,5.017105317,1,18.0,33.0,0.0,48.6,0.0,0.0,0.3,117,2,68,0,1,499212,117368,331492,694360,5442,99347,56,56,35,0,0,5,10,5,5,4,2,0,0,0,0,7,559988,0,3,1,17,576,245078,5423,1,1,23386,18259,3792,3935,602,102,632,126,82,102,102,103,1113,343,2090896,201,8,131,5,355301,355240,165,16,8,9,17,558208,339299,11,16,334,30,120,0,10,0,99,705397,408,0,117,3,3,6,11,1,4,15,1,3,2,3
4325.07,1662563310889,5.016864753,1,3.8,36.0,0.0,59.6,0.0,0.0,0.6,116,1,67,0,2,499960,116576,331536,695132,5965,100216,294,294,35,0,0,5,7,5,2,0,1,0,0,0,0,8,507945,0,4,2,10,2935,201760,5217,0,1,23163,18196,2394,2545,221,17,246,63,9,111,111,112,741,131,1814025,209,2,130,5,346454,346412,126,15,2,3,7,506051,331121,7,8,224,21,18,0,3,0,108,641366,321,0,73,1,0,0,5,1,4,9,1,0,0,1
4330.09,1662563317727,5.016535647,1,2.9,32.3,0.0,63.9,0.0,0.0,1.0,116,1,67,0,2,499440,117084,331548,694624,5546,99608,56,56,35,0,0,5,7,5,2,0,1,0,0,0,0,9,491277,0,3,1,11,2907,190704,5320,0,1,22704,17718,3671,3876,852,220,890,63,9,101,101,101,1600,691,1769905,197,7,129,44,340854,340807,120,16,7,9,16,489312,325514,10,13,215,21,20,0,8,0,97,606164,315,0,75,1,0,0,20,0,0,20,1,0,0,1
4335.11,1662563324539,5.016746379,1,20.9,33.8,0.0,45.0,0.0,0.0,0.3,115,1,66,0,2,498968,117544,331560,694156,5954,99657,84,84,35,0,0,5,7,5,2,6,1,0,0,0,0,6,560224,0,6,1,10,726,245691,5209,0,1,23093,18135,3621,4089,603,95,619,0,8,107,107,109,1111,345,2083053,209,8,130,5,354316,354263,127,13,8,9,17,558139,338879,10,15,224,31,15,0,9,0,101,707852,332,0,80,1,0,0,9,0,0,9,1,0,0,1
4340.12,1662563331328,5.013305793,1,3.6,28.4,0.0,67.0,0.0,0.0,1.0,116,1,67,0,2,500124,116408,331540,695304,14385,214016,350,350,35,0,0,0,1,0,1,1,1,0,0,0,0,26,518427,0,15,0,7,3360,211548,5635,2,0,23914,19057,12730,12616,2806,601,2678,630,6,120,120,117,5654,2170,1895421,235,21,130,47,356265,356223,139,11,21,34,48,518132,334040,22,33,261,34,42,5,26,1,107,644300,361,0,73,1,1,0,56,0,0,56,1,2,2,2
4345.14,1662563343798,5.015932374,1,11.1,30.4,0.0,57.9,0.0,0.0,0.6,117,3,67,0,1,499188,117320,331564,694392,5674,99710,56,56,35,0,0,5,9,5,4,0,2,0,0,0,0,2,498073,0,5,2,15,2904,194271,5311,0,1,22986,18048,3139,3320,459,149,481,63,13,103,103,104,873,250,1757384,203,4,130,5,343790,343744,129,17,4,5,12,495997,328785,10,11,217,29,14,0,5,0,99,623406,310,0,78,1,2,6,9,1,4,13,1,1,0,2
4350.16,1662563350846,5.016663505,1,1.0,37.0,0.0,61.6,0.0,0.0,0.3,116,1,67,0,2,498972,117544,331556,694168,5706,99095,294,294,35,0,0,5,7,5,2,0,1,0,0,0,0,5,535239,0,4,1,11,2909,226488,5202,0,1,23147,18188,2386,2848,224,142,235,63,9,110,110,111,743,126,1940366,207,2,131,5,349248,349195,125,16,2,3,7,533226,333890,7,8,222,21,17,0,3,0,107,672030,323,0,70,0,0,0,4,0,0,4,0,0,0,0
4355.18,1662563357624,5.017248751,1,3.4,35.5,0.0,60.7,0.0,0.0,0.3,116,1,67,0,2,499416,117092,331564,694624,5337,93167,56,56,35,0,0,5,7,5,2,0,1,0,0,0,0,10,522961,0,3,1,12,2757,219713,5173,0,1,21510,16797,3748,4219,872,94,897,0,9,97,96,97,1599,683,1932129,189,8,123,44,342415,342356,116,16,7,8,16,520728,327613,10,13,207,23,20,0,8,0,94,647987,313,0,79,1,0,0,21,0,0,21,1,0,0,1
4360.2,1662563364439,5.015530061,1,20.1,38.3,0.0,41.6,0.0,0.0,0.0,116,1,67,0,2,499580,116936,331556,694780,5844,99397,84,84,35,0,0,5,7,5,2,8,1,0,0,0,0,9,524883,0,5,1,11,638,215957,5275,0,1,23420,18271,3804,3950,606,101,631,0,128,104,104,105,1126,350,1946250,203,8,133,5,349554,349497,191,16,8,9,17,522813,333547,11,16,354,30,119,0,9,0,99,656276,484,0,126,1,0,0,13,0,0,13,1,0,0,1
4365.22,1662563371271,5.016197702,1,3.3,33.4,0.0,63.3,0.0,0.0,0.0,116,1,67,0,2,499384,117128,331560,694588,5758,100920,294,294,35,0,0,6,10,5,3,5,2,0,0,0,0,5,493375,0,3,2,10,2908,191765,5155,3,1,23186,18223,2410,2858,223,143,246,0,10,109,109,110,742,131,1759420,207,2,130,5,341981,341930,125,16,2,3,7,491463,326502,7,8,221,21,17,0,3,0,107,607695,311,0,73,1,1,0,6,0,0,6,1,2,2,2
4370.24,1662563378095,5.015402699,1,5.5,32.6,0.0,61.9,0.0,0.0,0.0,116,1,67,0,2,499384,117116,331572,694600,5338,98304,56,56,35,0,0,7,9,7,2,0,1,0,0,0,0,8,483452,0,3,1,10,2912,190889,5207,0,1,22761,17764,3767,4248,871,346,896,63,9,102,102,101,1594,679,1777007,199,7,129,44,335205,335154,121,16,7,8,17,481470,319768,10,13,217,23,20,0,8,0,97,589778,320,0,77,1,4,4,19,1,6,25,1,1,0,2
4375.27,1662563384870,5.030550408,1,4.8,41.0,0.0,53.2,0.0,0.0,1.0,116,1,67,0,2,498788,117704,331580,694016,13389,105019,8983,8983,35,0,0,5,7,5,2,0,1,0,0,0,0,24,497420,0,21,2,12,3844,196531,5821,0,1,24451,19058,14287,14414,3058,994,2939,756,8,164,165,156,6477,2318,1724903,269,25,129,20,351585,351514,159,13,25,28,50,495114,327413,22,35,298,41,65,16,31,3,141,562735,416,0,80,1,0,0,45,0,0,45,1,0,0,1
4380.29,1662563391887,5.016395848,1,0.6,34.3,0.0,64.7,0.0,0.0,0.3,116,1,67,0,2,499904,116592,331576,695124,6099,100407,266,266,35,0,0,5,7,5,2,0,1,0,0,0,0,2,488899,0,3,1,11,2915,190993,5069,0,1,23242,18275,2654,3127,242,81,265,0,9,112,112,112,744,132,1712894,213,2,130,6,342331,342288,128,16,2,3,8,487013,326670,7,8,228,31,21,0,3,0,109,603564,326,0,76,1,0,0,5,0,0,5,1,0,0,1
4385.31,1662563398682,5.016341359,1,5.5,28.9,0.0,65.3,0.0,0.0,0.3,116,1,67,0,2,499636,116852,331584,694868,5792,98354,84,84,35,0,0,5,7,5,2,0,1,0,0,0,0,10,528713,0,5,1,11,2878,230230,5356,0,1,23059,18061,5878,6386,1272,172,1300,126,9,103,103,106,2467,930,1966270,201,11,129,44,344564,344506,122,16,11,13,26,526672,327324,14,18,222,26,21,0,13,0,99,661975,337,0,80,1,0,0,29,0,0,29,1,0,0,1
4390.33,1662563405475,5.016532180,1,3.3,35.3,0.0,61.4,0.0,0.0,0.0,116,1,67,0,2,499172,117308,331592,694412,5442,97261,56,56,35,0,0,7,11,7,4,2,2,0,0,0,0,15,494718,0,3,1,16,1426,191900,5411,3,1,23113,18112,6048,6362,1282,297,1292,0,13,101,101,102,2473,945,1747106,199,11,129,44,344686,344627,123,18,11,9,25,492614,327196,14,18,221,31,24,0,13,0,100,600431,319,0,79,3,7,6,28,1,6,34,1,3,2,4
4395.35,1662563412300,5.016213005,1,2.3,38.4,0.0,59.3,0.0,0.0,0.0,116,1,67,0,2,499552,116928,331592,694792,6135,100292,294,294,35,0,0,7,13,7,6,4,3,0,0,0,0,5,504479,0,4,1,22,615,194831,5263,2,1,23457,18458,2791,3264,252,144,275,63,17,114,114,116,743,136,1767931,215,2,131,7,350070,350023,137,19,2,4,8,502267,334168,7,8,234,35,24,0,4,0,112,632141,337,0,90,3,3,6,8,1,6,14,1,3,2,2
4400.37,1662563419108,5.015539251,1,5.4,36.4,0.0,57.8,0.0,0.0,0.3,116,1,67,0,2,499080,117416,331576,694312,5338,98148,84,84,35,0,0,5,7,5,2,0,1,0,0,0,0,6,538275,0,4,1,11,2888,235202,5531,0,1,22941,17958,5846,5997,1256,296,1275,63,8,100,100,101,2465,933,2009461,195,11,129,44,345498,345443,117,13,11,13,25,536244,328339,14,18,215,24,21,0,13,0,96,679892,323,0,71,1,0,0,27,0,0,27,1,0,0,1
4405.39,1662563425926,5.016881882,1,5.7,35.1,0.0,58.0,0.0,0.0,1.2,117,1,67,0,2,498556,117932,331584,693796,5390,98226,56,56,35,0,0,5,7,5,2,0,1,0,0,0,0,15,527131,0,3,1,10,866,226985,5651,0,1,23378,18214,6205,6660,1284,305,1308,63,133,100,100,101,2475,930,1971311,197,11,132,44,342679,342619,189,15,11,13,26,525011,324817,15,19,349,32,119,0,14,0,97,657484,479,0,126,1,0,0,28,0,0,28,1,0,0,1
4410.41,1662563432735,5.016876350,1,2.8,36.0,0.0,60.6,0.0,0.0,0.6,116,1,66,0,2,499540,116944,331588,694784,6510,100705,294,294,35,0,0,5,7,5,2,4,1,0,0,0,0,7,548175,0,7,1,10,2870,247173,5703,0,1,23352,18376,3156,3726,379,25,413,63,8,114,114,116,990,220,2043052,215,7,130,7,341994,341962,130,14,6,7,12,546293,325869,7,12,233,33,22,0,7,0,108,679062,347,0,72,1,0,0,7,0,0,7,1,0,0,1
4415.42,1662563439566,5.014505042,1,3.8,30.3,0.0,65.5,0.0,0.0,0.4,117,1,67,0,2,499564,116904,331604,694828,14123,213227,140,140,35,0,0,0,3,0,3,1,1,0,0,0,1,22,504311,0,14,0,13,3215,198255,5531,0,0,22848,18245,12224,11769,2698,662,2455,315,11,115,115,112,5268,2060,1858914,227,21,124,46,352635,352605,136,14,21,33,42,504045,331250,20,28,250,37,42,5,21,1,102,599952,369,0,78,1,2,6,45,0,0,45,1,1,0,2
4420.44,1662563452360,5.015455750,1,3.2,33.0,0.0,63.5,0.0,0.0,0.3,117,1,67,0,2,498716,117740,331616,693976,5928,98206,294,294,35,0,0,7,9,7,2,0,1,0,0,0,0,13,507524,0,4,2,10,2892,200463,5246,0,1,23226,18276,2779,3311,248,17,273,0,9,114,114,114,740,132,1801199,215,2,129,7,347313,347281,128,16,2,3,8,505323,331605,7,8,232,35,23,0,3,0,110,630433,322,0,70,1,0,0,6,0,4,10,1,0,0,1
4425.46,1662563459156,5.015816775,1,4.0,32.4,0.0,63.5,0.0,0.0,0.0,117,1,67,0,2,499020,117440,331612,694288,5597,97339,84,84,35,0,0,5,7,5,2,0,1,0,0,0,0,14,491448,0,4,1,11,2860,195016,5377,0,1,23055,18050,5881,6028,1265,360,1285,126,9,104,104,104,2482,933,1803186,201,11,129,44,339088,339027,122,16,11,13,25,489340,321867,14,18,220,24,22,0,13,0,100,578336,329,0,75,1,0,0,27,0,0,27,1,0,0,1
4430.48,1662563465977,5.015605462,1,2.4,37.0,0.0,60.6,0.0,0.0,0.0,117,1,67,0,2,498260,118196,331616,693536,5792,98276,56,56,35,0,0,5,7,5,2,0,1,0,0,0,0,14,503358,0,4,2,9,2782,195458,5371,0,1,23189,18172,6055,6201,1277,424,1292,252,8,102,102,104,2481,930,1789463,201,11,129,44,349934,349871,124,13,11,13,26,501135,332440,13,17,222,33,24,0,13,0,98,596088,337,0,75,1,0,0,28,0,0,28,1,0,0,1
4435.5,1662563472823,5.016072788,1,3.8,33.4,0.0,61.6,0.0,0.0,1.2,117,1,67,0,2,498500,117952,331620,693776,6084,100553,294,294,35,0,0,5,7,5,2,0,1,0,0,0,0,6,532183,0,4,1,11,2884,229835,5349,0,1,23321,18352,2772,3316,252,80,266,63,9,114,114,115,741,123,1956238,215,2,129,7,347076,347030,131,16,2,3,7,530126,331244,7,8,230,35,21,0,3,0,107,673638,324,0,67,1,0,0,7,0,0,7,1,0,0,1
4440.52,1662563479619,5.016257252,1,3.7,34.9,0.0,60.6,0.0,0.0,0.9,117,1,67,0,2,498792,117644,331636,694084,5649,98382,56,56,35,0,0,5,9,5,4,0,2,0,0,0,0,16,489579,0,3,1,16,665,189412,5266,0,1,23001,18009,5865,6018,1267,236,1281,126,12,102,102,103,2475,930,1784896,201,11,129,44,341925,341861,122,16,11,13,25,487287,324730,14,18,220,24,22,0,13,0,100,589756,326,0,82,1,2,6,26,1,4,30,1,1,0,2
4445.54,1662563486424,5.017245510,1,1.9,37.0,0.0,61.2,0.0,0.0,0.0,117,1,67,0,2,499516,116916,331640,694812,5597,99425,84,84,35,0,0,7,11,7,4,1,2,0,0,0,0,12,502847,0,4,1,15,2919,201563,5495,3,1,23206,18185,6071,6563,1280,298,1291,189,13,104,104,104,2470,923,1819217,203,11,129,44,344100,344037,125,17,11,13,26,500533,326522,14,18,223,31,22,0,13,0,100,600079,329,0,80,3,5,4,29,1,6,35,1,3,2,4
4450.56,1662563493331,5.017461067,1,2.0,30.7,0.0,67.3,0.0,0.0,0.0,117,1,67,0,2,499312,117116,331644,694612,7829,101209,84,84,35,0,0,7,13,7,6,9,3,0,0,0,0,18,533197,0,14,1,21,3852,226215,5902,2,1,24210,18802,10935,11105,2298,663,2323,630,17,121,121,117,4859,1716,1975742,239,21,129,9,352642,352559,148,19,21,26,37,530813,331428,16,32,276,41,52,5,26,1,108,644789,381,0,102,3,3,6,44,1,6,50,1,3,2,2
4455.58,1662563500602,5.017017778,1,3.2,34.7,0.0,61.5,0.0,0.0,0.6,117,1,67,0,2,499344,117084,331644,694648,5494,98304,84,84,35,0,0,5,7,5,2,0,1,0,0,0,0,4,514948,0,4,1,10,2860,218771,5237,0,1,22811,17885,2958,3094,443,86,476,0,9,103,103,104,873,259,1894343,201,4,130,5,335977,335932,122,16,4,5,13,512802,321346,10,11,214,22,11,0,5,0,99,662094,304,0,69,1,0,0,9,0,0,9,1,0,0,1
4460.6,1662563507445,5.019191702,1,6.4,34.4,0.0,58.8,0.0,0.0,0.3,116,1,67,0,2,499636,116796,331640,694936,5620,99555,56,56,35,0,0,5,7,5,2,0,1,0,0,0,0,11,508180,0,3,1,11,573,211502,5478,0,1,23069,18065,5859,6032,1258,108,1280,0,9,103,103,105,2464,928,1846266,203,12,130,44,339217,339156,123,16,11,14,25,505846,322004,14,18,223,24,22,0,13,0,101,607569,347,0,78,0,0,0,26,0,0,26,0,0,0,0
4465.62,1662563514313,5.016685982,1,22.4,35.2,0.0,41.1,0.0,0.0,1.2,116,1,67,0,2,499172,117260,331640,694472,5814,98769,84,84,35,0,0,5,7,5,2,0,1,0,0,0,0,3,550685,0,5,1,11,2876,241334,5331,0,1,22768,17835,1252,1404,79,9,105,0,9,108,108,109,8,6,2059886,211,0,129,7,348038,347996,131,16,0,0,4,548603,334636,6,6,231,35,19,0,0,0,103,717673,315,0,71,1,0,0,5,0,0,5,1,0,0,1
4470.64,1662563521208,5.016401387,1,5.2,31.4,0.0,63.1,0.0,0.0,0.3,116,1,67,0,2,499596,116836,331640,694900,5494,99347,84,84,35,0,0,5,7,5,2,0,1,0,0,0,0,2,522310,0,3,2,10,2839,217053,5099,0,1,22579,17655,870,1019,53,9,76,0,8,102,102,103,5,5,1899641,201,0,130,5,342871,342822,120,13,0,0,3,520103,329800,6,6,216,21,14,0,0,0,100,675770,298,0,66,1,0,0,3,0,0,3,1,0,0,1
4475.66,1662563528068,5.016577672,1,3.6,29.7,0.0,66.3,0.0,0.0,0.3,116,1,67,0,2,499716,116696,331660,695032,5497,92654,266,266,35,0,0,5,9,5,4,1,2,0,0,0,0,19,463075,0,3,1,17,2080,169548,5248,2,1,22242,17509,7381,7929,1488,305,1518,252,13,104,104,105,3190,1106,1657708,197,13,123,44,337283,337217,122,17,13,16,30,461467,318458,15,20,216,24,26,0,16,0,102,549123,330,0,89,1,1,0,29,1,4,33,1,2,2,2
4480.69,1662563534876,5.025354083,1,4.9,30.8,0.0,63.7,0.0,0.0,0.6,115,1,67,0,2,498772,117632,331668,694092,6218,104195,84,84,35,0,0,7,9,7,2,0,1,0,0,0,0,3,497098,0,4,1,13,2943,191120,5243,0,1,22930,17957,2150,2297,291,15,156,0,9,108,108,108,434,180,1734167,211,2,135,18,346142,346095,131,15,2,2,7,495189,331864,6,6,230,37,20,0,2,0,104,615321,312,0,72,1,0,0,4,0,2,6,1,0,0,1
4485.71,1662563541950,5.015965095,1,2.1,28.8,0.0,69.1,0.0,0.0,0.0,114,1,66,0,2,499104,117308,331660,694424,5546,99347,56,56,35,0,0,5,7,5,2,0,1,0,0,0,0,10,471687,0,3,1,8,2886,168415,5031,0,1,22688,17753,1042,1193,65,72,91,63,8,102,102,103,6,5,1598851,201,0,130,5,341486,341444,120,12,0,0,3,469967,328188,6,6,215,28,13,0,0,0,100,587289,280,0,60,1,0,0,5,0,0,5,1,0,0,1
4490.72,1662563548701,5.013331721,1,3.7,28.9,0.0,67.4,0.0,0.0,0.0,115,1,67,0,2,499768,116636,331668,695096,8338,106875,294,294,35,0,0,5,7,5,2,0,1,0,0,0,0,32,526130,0,15,1,10,2810,213469,5817,0,1,23950,19016,16074,15884,3437,748,3230,630,8,122,122,118,7121,2479,1887282,231,28,126,46,362585,362537,139,14,28,37,57,524659,337493,23,38,254,30,43,5,30,1,109,604175,382,0,81,1,0,0,57,0,0,57,1,0,0,1
4495.74,1662563556005,5.017993536,1,3.9,33.8,0.0,62.0,0.0,0.0,0.3,115,1,67,0,2,499164,117224,331684,694508,5664,97598,56,56,35,0,0,5,7,5,2,4,1,0,0,0,0,5,542877,0,3,1,11,687,240080,5677,0,1,23327,18107,4804,5301,1039,299,1061,0,81,104,104,105,1837,771,2033621,204,11,130,46,344338,344283,168,15,11,12,21,540865,327235,11,18,358,38,147,0,13,0,102,674405,444,0,112,1,0,0,20,0,0,20,1,0,0,1
4500.76,1662563562824,5.016279577,1,2.3,35.8,0.0,61.2,0.0,0.0,0.7,115,1,67,0,2,499872,116508,331692,695224,5954,99814,84,84,35,0,0,5,9,5,4,0,2,0,0,0,0,4,498901,0,5,2,19,2629,192618,4976,0,1,22673,17733,1057,1207,66,9,88,0,12,106,106,107,6,5,1746427,207,0,130,5,343865,343818,125,15,0,0,4,496899,330745,6,6,223,28,15,0,0,0,101,620676,303,0,79,1,2,6,3,1,4,7,0,0,0,0
4505.78,1662563569650,5.015025406,1,3.1,37.2,0.0,59.8,0.0,0.0,0.0,115,1,67,0,2,498856,117524,331692,694208,5705,98756,266,266,35,0,0,7,9,7,2,0,1,0,0,0,0,13,533607,0,3,1,11,684,233158,5817,0,1,23549,18528,7392,7927,1434,368,1464,189,9,107,107,108,3200,1066,1987945,203,13,129,44,344683,344622,123,15,13,17,29,531609,325120,15,20,224,24,28,0,16,0,104,636672,388,0,82,1,0,0,30,0,2,32,1,0,0,1
4510.81,1662563576470,5.029654677,1,4.6,37.9,0.0,57.5,0.0,0.0,0.0,115,2,66,0,2,499264,117104,331704,694624,5812,93504,84,84,35,0,0,5,7,5,2,0,1,0,0,0,0,7,533253,0,4,2,11,2123,225921,5306,0,1,21921,17148,4162,4644,905,220,926,126,9,102,102,105,1592,685,1979256,198,7,125,46,346121,346037,124,15,7,8,17,530941,330730,10,13,220,39,26,0,8,0,98,662468,322,0,79,1,0,0,22,0,0,22,1,0,0,1
4515.83,1662563583336,5.017168945,1,2.9,31.0,0.0,65.7,0.0,0.0,0.3,115,1,67,0,2,498800,117580,331692,694152,5610,99449,84,84,35,0,0,5,7,5,2,0,1,0,0,0,0,0,487003,0,7,1,13,2931,189175,5091,0,1,22655,17728,1048,1568,66,9,94,0,9,103,103,106,5,5,1694957,203,0,130,5,336383,336339,123,16,0,0,3,484984,323201,6,6,220,28,13,0,0,0,100,606818,296,0,72,1,0,0,3,0,0,3,1,0,0,1
4520.85,1662563590621,5.017568562,1,2.3,39.9,0.0,57.5,0.0,0.0,0.3,115,1,67,0,2,498824,117540,331708,694196,5654,99877,294,294,35,0,0,5,7,5,2,0,1,0,0,0,0,8,534034,0,4,1,11,2858,223133,5339,0,1,23423,18462,4463,4915,612,220,642,0,9,110,109,110,1606,389,1950077,205,6,130,5,352793,352740,124,16,6,8,17,531997,335666,11,13,218,22,15,0,8,0,105,666051,319,0,78,1,0,0,11,0,0,11,1,0,0,1
4525.87,1662563597519,5.016680012,1,3.0,29.5,0.0,66.8,0.0,0.0,0.7,115,1,67,0,2,500172,116188,331712,695544,7846,100176,56,56,35,0,0,5,9,5,4,0,2,0,0,0,0,28,499730,0,18,1,16,2342,200524,5882,0,1,24257,18840,15029,15190,3320,494,3346,567,13,116,116,113,7016,2552,1810789,229,28,129,46,348165,348089,142,18,28,35,55,497797,323882,24,40,253,30,38,5,35,1,101,569634,373,0,86,1,2,6,64,1,4,68,1,1,0,2
4530.89,1662563604347,5.018042480,1,19.8,35.1,0.0,44.8,0.0,0.0,0.3,115,1,67,0,2,498836,117516,331720,694220,5442,99347,84,84,35,0,0,7,9,7,2,0,1,0,0,0,0,2,556035,0,4,2,10,2855,245482,5121,0,1,22589,17675,1057,1205,66,9,91,63,8,103,103,103,4,5,2068363,199,0,130,5,348414,348373,119,13,0,0,4,554159,335305,6,6,214,28,13,0,0,0,99,724974,300,0,69,1,0,0,5,0,2,7,1,0,0,1
4535.91,1662563611191,5.016698100,1,2.5,34.4,0.0,62.7,0.0,0.0,0.3,115,1,67,0,2,499068,117292,331712,694444,6004,99927,294,294,35,0,0,5,7,5,2,0,1,0,0,0,0,4,538845,0,5,1,11,2868,238547,5376,0,1,23386,18432,4469,4618,607,156,635,63,9,111,111,114,1617,389,2020025,209,7,131,5,342025,341966,125,15,6,8,16,536706,324987,11,13,222,24,16,0,8,0,106,669615,346,0,75,1,0,0,12,0,0,12,1,0,0,1
4540.93,1662563618021,5.017031724,1,3.4,29.0,0.0,67.7,0.0,0.0,0.0,115,1,67,0,2,499132,117204,331736,694520,5442,98304,56,56,35,0,0,5,7,5,2,4,1,0,0,0,0,10,495858,0,3,2,11,2485,201105,5624,0,1,23434,18211,6532,7020,1398,124,1414,252,120,101,101,102,2705,996,1829598,199,15,131,44,338204,338144,186,15,15,17,29,493872,319815,16,24,363,25,142,0,18,0,98,581832,481,0,131,1,0,0,27,0,0,27,1,0,0,1
4545.94,1662563624835,5.013431011,1,14.5,34.3,0.0,50.9,0.0,0.0,0.3,115,1,67,0,2,499312,117012,331748,694712,5626,98773,84,84,35,0,0,5,7,5,2,0,1,0,0,0,0,2,498831,0,4,1,11,2855,199243,5093,0,1,22641,17711,1045,1198,65,9,92,0,9,105,105,104,5,6,1831399,203,0,130,5,340888,340849,123,13,0,0,4,497000,327736,6,6,218,28,14,0,0,0,100,631317,281,0,66,1,0,0,3,0,0,3,1,0,0,1
4550.96,1662563631665,5.017136322,1,2.6,32.5,0.0,64.6,0.0,0.0,0.4,115,1,67,0,2,498636,117684,331752,694044,5804,100920,266,266,35,0,0,5,9,5,4,0,2,0,0,0,0,4,502798,0,3,1,15,2888,198864,5387,0,1,23487,18511,4462,4956,609,220,630,63,13,109,109,111,1610,381,1812864,207,6,130,5,346034,345978,127,18,6,9,16,500737,328843,11,13,223,22,18,0,8,0,107,610240,338,0,78,1,2,6,11,1,4,15,1,1,0,2
4555.98,1662563638487,5.015733555,1,2.4,36.4,0.0,60.5,0.0,0.0,0.6,115,1,67,0,2,499092,117228,331752,694504,5441,97183,84,84,35,0,0,7,10,7,3,1,2,0,0,0,0,12,487857,0,4,1,14,582,189266,5372,2,1,23083,18072,5866,6019,1253,423,1275,189,9,101,101,102,2477,929,1763236,197,11,129,44,340494,340427,120,16,11,13,26,485784,323244,14,18,217,24,22,0,13,0,98,594920,319,0,81,0,0,0,26,0,2,28,0,0,0,0
4561.01,1662563645269,5.030473345,1,5.3,32.0,0.0,62.7,0.0,0.0,0.0,114,1,66,0,2,498016,118312,331744,693420,5953,99425,84,84,35,0,0,5,7,5,2,0,1,0,0,0,0,9,492051,0,4,1,11,878,193784,5203,0,1,22355,17495,2287,2190,541,271,274,0,9,101,101,104,812,409,1803902,199,3,128,16,337660,337613,125,16,3,2,9,490141,323461,7,7,220,32,24,0,3,0,99,615902,300,0,72,1,0,0,5,0,0,5,1,0,0,1
4566.02,1662563652191,5.012914405,1,4.3,30.8,0.0,64.5,0.0,0.0,0.4,115,1,67,0,2,499692,116628,331752,695100,14833,221162,378,378,35,0,0,0,0,0,0,1,0,0,0,0,1,13,559511,0,15,0,5,1075,246457,5867,0,0,23893,19025,12623,12510,2806,791,2702,567,5,117,117,114,5548,2131,2105367,229,21,130,46,360436,360395,132,11,21,32,47,557891,338199,22,31,252,30,39,5,26,1,104,674777,377,0,75,1,0,0,43,0,0,43,1,0,0,1
4571.14,1662563665074,5.123101579,1,4.4,33.9,0.0,61.8,0.0,0.0,0.0,115,1,67,0,2,498880,117428,331764,694304,5788,104562,84,84,35,0,0,5,9,5,4,0,2,0,0,0,0,7,524881,0,4,1,17,582,212760,5190,0,1,23037,18015,2300,2210,511,18,276,0,13,105,105,104,787,406,1890154,205,3,131,16,351769,351724,126,17,3,2,9,522797,337186,7,7,227,30,23,0,3,0,100,658748,319,0,79,1,2,6,6,1,4,10,1,1,0,2
4576.16,1662563672249,5.015775642,1,3.7,35.0,0.0,60.9,0.0,0.0,0.3,115,1,67,0,2,498968,117340,331764,694392,5789,99990,266,266,35,0,0,5,7,5,2,0,1,0,0,0,0,6,489500,0,3,2,10,2926,191983,5621,0,1,23578,18602,4472,4901,569,28,574,0,9,110,110,111,1435,350,1731042,209,5,130,6,339719,339631,130,15,5,8,13,487036,322369,9,11,225,32,20,0,4,0,107,596513,335,0,71,1,0,0,11,0,0,11,1,1,1,2
4581.18,1662563679050,5.015471666,1,3.4,30.2,0.0,66.4,0.0,0.0,0.0,115,1,67,0,2,499912,116384,331776,695348,5901,99425,84,84,35,0,0,7,9,7,2,4,1,0,0,0,0,20,493568,0,4,1,10,2561,193785,5504,0,1,23583,18314,6547,6591,1407,375,1425,252,146,103,103,106,2715,1014,1782653,201,15,132,44,343989,343924,199,16,15,13,29,491362,325471,15,23,379,27,143,0,17,0,100,580898,510,0,138,1,0,0,29,0,2,31,1,0,0,1
4586.2,1662563685875,5.016827050,1,3.1,40.9,0.0,56.0,0.0,0.0,0.0,115,1,67,0,2,500212,116064,331796,695660,5702,98875,56,56,35,0,0,5,7,5,2,0,1,0,0,0,0,5,500838,0,5,2,11,600,195110,5324,0,1,22816,17829,3960,4116,884,220,911,63,9,104,104,104,1591,684,1828961,205,7,129,44,346204,346153,124,16,7,8,16,498878,330556,10,13,227,30,24,0,8,0,100,606480,307,0,70,1,0,0,21,0,0,21,1,0,0,1
4591.22,1662563692653,5.016847237,1,2.2,32.5,0.0,65.3,0.0,0.0,0.0,115,1,67,0,2,499204,117072,331796,694660,11544,104283,9245,9245,35,0,0,5,7,5,2,0,1,0,0,0,0,14,504799,0,4,1,9,2816,198443,5529,0,1,23554,18552,3084,3410,327,147,470,0,8,148,149,146,924,184,1754525,245,3,131,7,347490,347443,147,14,3,4,11,502701,331330,8,9,267,37,42,7,4,2,140,604050,341,0,72,1,0,0,5,0,0,5,1,0,0,1
4596.24,1662563699459,5.017210806,1,1.0,28.8,0.0,69.5,0.0,0.0,0.7,115,1,67,0,2,498668,117600,331804,694120,5518,98406,84,84,35,0,0,5,7,5,2,0,1,0,0,0,0,1,489094,0,5,1,11,2126,188666,5140,0,1,22782,17787,3778,3944,874,283,899,63,9,103,103,104,1598,680,1785461,203,7,130,44,340619,340565,127,16,7,8,16,486937,325177,10,13,223,23,21,0,8,0,99,592962,321,0,78,1,0,0,21,1,4,25,1,0,0,1
4601.26,1662563706308,5.016621052,1,2.1,38.4,0.0,59.5,0.0,0.0,0.0,115,1,67,0,2,499636,116640,331796,695092,7625,100868,84,84,35,0,0,7,11,7,4,1,2,0,0,0,0,16,526634,0,18,1,14,3797,226703,5561,3,1,24173,18737,13138,13620,2959,479,2975,441,12,118,118,114,6172,2318,1962486,231,24,129,46,347494,347432,137,16,24,30,47,524405,324682,20,35,253,36,37,5,30,1,102,645359,373,0,83,1,1,0,58,0,2,60,1,2,2,2
4606.28,1662563713140,5.017104828,1,5.0,34.3,0.0,60.0,0.0,0.0,0.7,114,1,67,0,2,499148,117128,331796,694604,5768,99171,189,189,35,0,0,5,7,5,2,0,1,0,0,0,0,8,543837,0,4,1,10,2886,237283,5583,0,1,23215,18228,4258,4458,640,31,655,0,9,111,111,112,1528,374,2005211,211,6,130,7,346340,346268,127,16,6,8,15,541313,330620,11,13,231,36,22,0,8,0,108,687314,337,0,74,1,0,0,12,0,0,12,1,0,0,1
4611.3,1662563719971,5.016469656,1,2.5,36.6,0.0,60.9,0.0,0.0,0.0,115,1,67,0,2,499636,116636,331800,695096,5632,98565,56,56,35,0,0,5,7,5,2,0,1,0,0,0,0,7,484008,0,3,1,10,2803,186574,5422,0,1,22971,18004,4614,5545,873,163,1098,63,9,103,103,103,1750,601,1767026,203,8,128,33,339064,339012,127,16,8,13,19,482231,323206,13,17,215,22,11,0,10,0,100,580586,315,0,71,1,0,0,24,0,0,24,1,0,0,1
4616.32,1662563726838,5.015493914,1,9.1,34.1,0.0,55.7,0.0,0.0,1.0,115,1,67,0,2,498772,117480,331820,694240,5649,98495,84,84,35,0,0,5,7,5,2,0,1,0,0,0,0,11,525587,0,4,2,11,514,224839,5378,0,1,22749,17775,3960,4118,870,220,895,252,9,103,103,104,1601,679,1941776,201,7,128,44,341399,341351,122,15,7,8,17,523549,325876,10,13,216,26,19,0,8,0,97,659986,312,0,76,1,0,0,21,0,0,21,1,0,0,1
4621.34,1662563733633,5.015342643,1,3.9,37.7,0.0,58.0,0.0,0.0,0.3,115,2,68,0,1,498960,117288,331824,694444,5871,98797,56,56,35,0,0,5,9,5,4,0,2,0,0,0,0,3,496621,0,3,1,16,875,190259,5169,0,1,23009,18068,3323,3486,475,24,492,0,13,107,107,108,919,257,1736082,211,4,130,7,345827,345773,129,18,4,6,12,494463,330670,10,11,230,36,21,0,5,0,105,626059,314,0,81,1,2,6,9,1,4,13,1,1,0,2
4626.36,1662563741000,5.016346885,1,2.9,29.6,0.0,66.8,0.0,0.0,0.7,115,1,67,0,2,498660,117576,331836,694152,5598,99608,84,84,35,0,0,5,8,5,3,1,2,0,0,0,0,6,505827,0,4,1,15,733,206267,5294,2,1,23183,18053,3135,3618,454,31,477,0,148,103,103,103,871,242,1818180,201,4,133,5,340616,340570,204,18,4,5,13,503798,325232,12,13,365,23,134,0,7,0,99,633572,487,0,136,1,1,0,11,0,0,11,1,2,2,2
4631.37,1662563747789,5.014992292,1,3.7,40.1,0.0,56.2,0.0,0.0,0.0,115,1,67,0,2,498860,117356,331856,694364,5545,97339,56,56,35,0,0,7,9,7,2,0,1,0,0,0,0,6,524973,0,3,1,10,2880,218505,5143,0,1,22713,17734,3769,3931,863,283,890,189,8,102,102,103,1599,680,1940924,201,7,129,44,347381,347330,120,13,7,8,16,523049,331961,10,13,219,23,21,0,8,0,100,666345,310,0,70,1,0,0,19,0,2,21,1,0,0,1
4636.39,1662563754616,5.016354497,1,18.2,25.5,0.0,55.6,0.0,0.0,0.7,114,1,66,0,2,498708,117508,331856,694216,5940,98977,84,84,35,0,0,5,7,5,2,0,1,0,0,0,0,0,497232,0,5,1,11,2888,190985,5012,0,1,23108,18149,3337,3661,474,86,492,0,9,108,108,110,878,256,1815093,211,4,130,7,346922,346871,127,15,4,5,13,495163,331735,10,11,233,36,20,0,5,0,104,607868,324,0,73,1,0,0,11,0,0,11,1,0,0,1
4641.4,1662563761411,5.013014895,1,5.3,33.1,0.0,60.3,0.0,0.0,1.2,115,1,67,0,2,498968,117256,331848,694468,13875,212917,168,168,35,0,0,0,3,0,3,0,1,0,0,0,0,14,542536,0,14,0,12,2254,230547,5569,0,0,22575,17949,10588,10342,2438,652,2335,378,11,112,112,109,4771,1930,2015544,221,18,125,46,357080,357046,130,13,18,28,39,541598,337292,18,28,242,29,37,5,21,1,100,680248,339,0,80,1,2,6,45,0,0,44,1,1,0,2
4646.42,1662563774140,5.016542599,1,20.6,30.9,0.0,48.5,0.0,0.0,0.0,115,1,67,0,2,499836,116348,331888,695356,5716,98719,56,56,35,0,0,5,7,5,2,0,1,0,0,0,0,4,550462,0,3,1,10,2868,240839,5320,0,1,23120,18162,3325,3789,475,150,499,126,9,106,106,107,879,257,2056626,209,4,130,7,349485,349451,130,15,4,5,13,548401,334308,10,11,226,36,20,0,5,0,104,703457,317,0,75,1,0,0,10,0,2,12,1,0,0,1
4651.44,1662563780951,5.017733137,1,4.3,25.0,0.0,70.7,0.0,0.0,0.0,115,1,67,0,2,499000,117196,331876,694528,5546,99608,84,84,35,0,0,7,9,7,2,0,1,0,0,0,0,2,502138,0,4,2,15,514,197536,4893,0,1,22803,17884,2941,3462,441,86,465,63,9,102,102,102,870,260,1766759,199,4,130,5,343557,343505,121,16,4,5,13,500063,328852,10,10,212,22,11,0,5,0,98,628715,297,0,73,1,0,0,8,0,2,10,1,0,0,1
4656.46,1662563787783,5.017347752,1,6.3,31.3,0.0,62.0,0.0,0.0,0.3,115,1,67,0,2,498872,117320,331880,694400,5797,98382,56,56,35,0,0,5,7,5,2,0,1,0,0,0,0,4,488471,0,3,1,12,2865,189136,5070,0,1,22731,17743,3775,3938,872,346,913,189,9,102,102,103,1598,687,1746356,201,7,129,44,340119,340065,122,16,7,8,16,486213,324627,10,13,219,25,21,0,8,0,97,596420,314,0,74,1,0,0,21,0,0,21,1,0,0,1
4661.48,1662563794570,5.015209779,1,21.3,31.6,0.0,46.7,0.0,0.0,0.3,115,1,67,0,2,498700,117484,331888,694240,5768,98719,84,84,35,0,0,5,7,5,2,0,1,0,0,0,0,6,499182,0,4,2,10,821,192843,5424,0,1,23169,18199,3326,3540,469,86,485,0,9,107,107,108,880,260,1764984,209,4,131,7,346511,346467,128,14,4,5,13,497355,331243,10,11,229,36,20,0,5,0,103,621412,312,0,70,1,0,0,10,0,0,10,1,0,0,1
4666.5,1662563801341,5.015656157,1,1.6,33.1,0.0,65.2,0.0,0.0,0.0,115,1,67,0,2,499896,116280,331896,695440,5540,100440,84,84,35,0,0,5,9,5,4,0,2,0,0,0,0,3,502725,0,4,1,14,2864,193863,5263,0,1,22998,18039,2946,3095,442,23,465,0,13,103,103,105,879,265,1778213,203,4,131,5,348216,348167,129,18,4,5,12,500537,333380,10,11,219,22,14,0,5,0,100,637359,332,0,83,1,2,6,8,1,4,12,1,1,0,2
4671.52,1662563808160,5.015322178,1,2.0,31.8,0.0,66.2,0.0,0.0,0.0,115,1,67,0,2,499268,116904,331900,694812,5550,98382,161,161,35,0,0,5,7,5,2,6,1,0,0,0,0,9,509326,0,3,1,10,2971,210282,5460,0,1,23474,18294,4980,5425,1017,361,1040,189,37,104,104,105,1923,772,1883419,201,11,130,44,342992,342935,137,13,11,12,22,507365,324705,10,17,322,24,125,0,12,0,102,619350,370,0,92,1,0,0,22,0,0,22,1,0,0,1
4676.54,1662563814986,5.016590736,1,9.6,38.1,0.0,52.0,0.0,0.0,0.3,115,1,67,0,2,498808,117380,331884,694344,8174,100503,84,84,35,0,0,7,9,7,2,1,1,0,0,0,0,13,505768,0,15,1,10,3830,204099,5689,0,1,24587,19141,13744,13662,2920,419,2725,252,9,121,121,119,6185,2200,1838803,237,24,130,20,350286,350206,140,15,24,29,49,503519,326505,21,34,267,44,48,5,30,1,109,614780,372,0,76,1,0,0,47,0,2,49,1,0,0,1
4681.56,1662563821843,5.016348527,1,4.8,32.4,0.0,62.7,0.0,0.0,0.0,115,1,67,0,2,498612,117568,331892,694156,5798,99460,56,56,35,0,0,5,7,5,2,0,1,0,0,0,0,9,492831,0,3,1,10,2870,191560,4979,0,1,22897,17964,2952,3382,441,23,466,0,9,103,103,105,872,264,1758386,201,4,130,5,340842,340787,126,15,4,5,12,491090,326018,10,11,210,20,12,0,5,0,98,615347,317,0,72,1,0,0,6,0,0,6,1,0,0,1
4686.58,1662563828646,5.016243190,1,2.1,36.1,0.0,61.8,0.0,0.0,0.0,115,1,67,0,2,498944,117224,331904,694504,5596,99927,294,294,35,0,0,5,7,5,2,0,1,0,0,0,0,14,494313,0,5,1,11,2889,198218,5340,0,1,23315,18297,5290,5453,1044,227,1070,63,9,110,110,109,2316,804,1818304,207,9,129,44,341623,341570,125,16,9,11,21,492366,323807,11,15,227,23,24,0,11,0,104,591580,332,0,76,1,0,0,22,0,0,22,1,0,0,1
4691.6,1662563835441,5.016619204,1,3.8,34.1,0.0,62.2,0.0,0.0,0.0,115,1,67,0,2,493052,117180,337840,688616,5768,99684,84,84,35,0,0,5,14,5,9,0,2,0,0,0,0,11,531737,0,3,2,26,2915,228231,5467,0,1,23100,18137,4664,4537,2456,1295,685,0,23,106,106,108,1744,2173,1966590,209,7,134,19,345108,345052,127,18,7,8,18,529529,328584,11,12,233,38,30,0,9,0,104,667458,336,0,91,1,1,6,15,0,0,15,1,1,0,2
4696.62,1662563842310,5.022909433,1,2.6,33.7,0.0,63.8,0.0,0.0,0.0,115,1,67,0,2,493016,117212,337844,688580,5442,99347,56,56,35,0,0,5,7,5,2,0,1,0,0,0,0,2,514775,0,3,1,14,2891,204729,5217,0,1,22907,17971,3121,3439,451,86,476,0,9,102,102,103,870,263,1825820,201,4,129,5,350338,350287,122,16,4,5,13,512510,335457,10,11,216,29,14,0,5,0,99,642999,305,0,79,1,0,0,8,1,4,12,1,1,1,2
4701.64,1662563849121,5.016034576,1,4.2,29.7,0.0,65.8,0.0,0.0,0.3,115,1,67,0,2,492856,117368,337848,688428,5550,97791,294,294,35,0,0,5,7,5,2,0,1,0,0,0,0,16,494097,0,4,1,11,1047,189885,5260,0,1,23275,18271,5288,5449,1037,227,1063,126,9,110,110,110,2319,802,1776650,207,9,129,44,346821,346766,129,16,9,11,21,492103,329019,11,15,226,23,24,0,11,0,105,596934,337,0,80,1,0,0,23,0,0,23,1,0,0,1
4706.66,1662563855965,5.015469920,1,1.8,37.9,0.0,60.3,0.0,0.0,0.0,115,1,67,0,2,492888,117328,337856,688468,6934,100967,1086,1086,35,0,0,7,9,7,2,0,1,0,0,0,0,8,493076,0,16,1,10,967,192355,5404,0,1,23136,18089,4221,4732,902,411,927,63,8,131,131,135,1603,685,1807901,223,7,129,46,341953,341902,131,13,7,8,17,491121,325892,10,13,251,41,35,22,8,4,117,597955,345,0,71,1,0,0,22,0,2,24,1,0,0,1
4711.68,1662563862755,5.015677705,1,2.3,32.4,0.0,65.2,0.0,0.0,0.0,114,1,66,0,2,493384,116816,337872,688976,5494,99347,84,84,35,0,0,5,7,5,2,0,1,0,0,0,0,3,498902,0,4,1,11,571,193592,5258,0,1,23029,18066,3125,3268,464,149,476,0,9,103,103,104,875,250,1830895,201,4,131,5,345363,345315,122,15,4,5,13,497011,330435,10,11,217,29,14,0,5,0,100,627099,309,0,81,1,0,0,9,0,0,9,1,0,0,1
4716.69,1662563869506,5.014107406,1,3.9,28.4,0.0,67.6,0.0,0.0,0.0,115,1,67,0,2,493368,116828,337876,688964,15260,226926,378,378,35,0,0,0,3,0,3,1,1,0,0,0,0,20,517337,0,14,0,12,3385,205500,5569,0,0,24037,19177,12570,12289,2737,723,2552,252,11,121,121,116,5412,2105,1896658,239,20,130,48,361244,361210,143,14,20,33,44,517006,339100,21,29,266,44,47,5,25,1,107,603771,375,0,77,1,2,6,46,0,0,44,1,2,1,2
4721.71,1662563882709,5.015497576,1,1.4,28.0,0.0,70.6,0.0,0.0,0.0,115,1,67,0,2,493196,116996,337880,688796,5586,99397,84,84,35,0,0,5,7,5,2,0,1,0,0,0,0,2,505324,0,5,1,11,565,195226,5502,0,1,23095,18125,3138,3306,458,150,480,0,9,104,104,107,876,263,1758563,203,4,130,5,350310,350259,127,13,4,5,13,503304,335286,10,11,222,29,15,0,5,0,100,624103,322,0,74,1,0,0,7,0,2,9,1,0,0,1
4726.73,1662563889467,5.015205103,1,2.5,30.9,0.0,66.6,0.0,0.0,0.0,115,1,67,0,2,493668,116516,337888,689276,5498,98834,294,294,35,0,0,7,10,7,3,1,2,0,0,0,0,7,493691,0,3,2,14,595,193686,5281,3,1,23381,18347,5310,5801,1039,164,1063,63,11,109,109,108,2337,815,1803521,207,9,130,44,343278,343225,127,17,9,11,20,491658,325410,11,15,225,23,24,0,11,0,105,582835,331,0,81,1,1,0,24,0,2,26,1,1,1,2
4731.75,1662563896240,5.016187360,1,1.8,26.4,0.0,71.5,0.0,0.0,0.4,115,1,67,0,2,492708,117472,337892,688320,5819,97754,56,56,35,0,0,5,7,5,2,0,1,0,0,0,0,11,540485,0,3,1,11,537,236386,5524,0,1,23053,18016,4438,5409,965,350,1107,126,9,106,106,107,1788,725,2006745,209,8,129,46,344758,344702,126,16,8,11,17,538224,328604,10,13,234,37,30,0,8,0,104,686676,318,0,76,1,0,0,23,0,0,23,1,0,0,1
4736.77,1662563903057,5.017481696,1,1.5,38.0,0.0,60.2,0.0,0.0,0.3,115,1,67,0,2,493148,117028,337896,688764,5753,100729,84,84,35,0,0,5,7,5,2,0,1,0,0,0,0,3,500227,0,4,2,11,874,191809,5173,0,1,23047,18092,3128,3606,457,86,474,0,9,104,104,105,887,254,1829381,203,4,131,5,348217,348177,127,16,4,5,13,498379,333312,10,11,219,29,15,0,5,0,101,613023,304,0,74,1,0,0,10,0,0,10,1,0,0,1
4741.79,1662563909859,5.016383815,1,3.8,28.5,0.0,67.4,0.0,0.0,0.3,115,1,67,0,2,493368,116796,337908,688996,5596,99927,266,266,35,0,0,5,7,5,2,0,1,0,0,0,0,14,547631,0,4,1,11,1218,238161,5573,0,1,23273,18265,5290,5809,1049,102,1076,126,9,109,109,108,2335,804,2029173,207,9,130,44,351694,351637,125,16,9,11,20,545666,333919,11,15,226,23,24,0,10,0,104,687479,333,0,74,1,0,0,23,0,0,23,1,0,0,1
4746.81,1662563916681,5.017883149,1,3.0,30.8,0.0,65.9,0.0,0.0,0.3,115,1,67,0,2,493132,117028,337912,688764,5768,99762,84,84,35,0,0,5,7,5,2,0,1,0,0,0,0,9,496991,0,4,1,11,2896,200503,5180,0,1,23004,17987,4144,4311,904,285,937,63,9,107,107,107,1603,691,1782323,209,7,129,46,337518,337464,125,16,7,8,17,494988,321585,10,13,230,37,26,0,8,0,103,619100,324,0,74,1,0,0,22,1,4,26,1,0,0,1
4751.83,1662563923527,5.015917463,1,4.1,32.9,0.0,62.7,0.0,0.0,0.3,115,1,67,0,2,493100,117064,337908,688728,7555,101835,84,84,35,0,0,5,7,5,2,1,1,0,0,0,0,15,496947,0,14,1,11,2348,193315,5688,0,1,24402,18996,12301,12843,2527,476,2557,504,8,117,117,114,5448,1886,1761312,231,21,130,7,351166,351095,139,13,21,27,42,494879,328997,20,33,249,35,31,5,27,1,105,598746,366,0,81,1,0,0,45,0,0,45,1,0,0,1
4756.85,1662563930820,5.018090073,1,4.0,40.9,0.0,54.5,0.0,0.0,0.6,115,1,67,0,2,493432,116720,337920,689064,5786,100085,294,294,35,0,0,8,11,7,3,0,1,0,0,0,0,5,534159,0,4,2,10,2987,223315,5358,0,1,23437,18273,2570,2714,243,24,267,0,117,112,112,111,742,142,1980914,211,2,132,5,352524,352479,182,14,2,3,8,532249,336448,8,9,353,22,120,0,3,0,107,662934,447,0,111,0,0,0,6,0,2,8,0,0,0,0
4761.87,1662563937658,5.015563403,1,1.6,35.3,0.0,63.1,0.0,0.0,0.0,115,1,67,0,2,493636,116500,337936,689288,5575,99699,56,56,35,0,0,5,7,5,2,0,1,0,0,0,0,4,487460,0,4,1,11,2910,189114,5162,0,1,22787,17785,3769,4283,872,472,896,126,9,102,102,101,1598,681,1781588,201,7,129,44,339332,339277,122,16,7,8,16,485484,323836,10,13,220,23,20,0,8,0,97,592318,304,0,74,1,0,0,20,0,0,20,1,0,0,1
4766.89,1662563944459,5.016018527,1,18.4,34.4,0.0,46.6,0.0,0.0,0.6,115,1,67,0,2,492848,117288,337936,688500,5494,99347,84,84,35,0,0,5,7,5,2,0,1,0,0,0,0,0,503169,0,4,2,10,2908,193072,5146,0,1,22992,18050,3125,3572,458,150,482,0,8,103,103,104,868,261,1754063,201,4,130,5,350929,350876,124,14,4,5,13,501306,335971,10,11,217,29,14,0,5,0,100,625787,314,0,79,1,0,0,8,0,0,8,1,0,0,1
4771.91,1662563951270,5.016459746,1,3.6,30.1,0.0,66.3,0.0,0.0,0.0,115,1,67,0,2,493012,117120,337940,688668,5654,99877,294,294,35,0,0,5,14,5,9,0,2,0,0,0,0,5,485683,0,4,1,26,2902,185711,5031,0,1,23149,18199,2384,2914,220,79,253,63,23,110,110,111,741,141,1761230,207,2,130,5,343061,343013,131,18,2,3,7,484128,327779,7,8,219,21,14,0,3,0,107,587604,332,0,95,1,1,6,5,0,0,5,1,1,0,2
4776.93,1662563958055,5.015081344,1,3.5,32.5,0.0,64.0,0.0,0.0,0.0,115,1,67,0,2,492556,117572,337944,688212,5546,98565,56,56,35,0,0,5,7,5,2,0,1,0,0,0,0,8,490770,0,3,1,11,1683,192637,5083,0,1,22851,17841,3767,4261,879,346,902,63,9,101,101,103,1597,684,1775291,199,7,130,44,338634,338583,121,15,7,8,16,488829,323114,10,13,217,23,20,0,8,0,100,598866,314,0,78,1,0,0,21,1,4,25,1,0,0,1
4781.95,1662563964837,5.015996412,1,16.4,35.1,0.0,48.2,0.0,0.0,0.3,115,1,67,0,2,492580,117536,337956,688248,5740,97311,84,84,35,0,0,5,7,5,2,0,1,0,0,0,0,2,536849,0,5,1,11,2860,231879,5191,0,1,22882,17961,3128,3274,455,150,488,0,9,104,104,107,876,268,2009695,203,4,130,5,347847,347801,123,15,4,5,13,534959,332951,10,11,220,31,14,0,5,0,100,682546,302,0,73,1,0,0,9,0,0,9,1,0,0,1
4786.97,1662563971657,5.021598833,1,3.4,28.9,0.0,67.4,0.0,0.0,0.3,114,1,66,0,2,492800,117304,337968,688484,5654,98834,266,266,35,0,0,7,9,7,2,0,1,0,0,0,0,7,496527,0,3,2,11,2905,190730,4968,0,1,23056,18126,2392,2896,221,17,245,63,9,109,109,109,744,132,1785198,207,2,130,5,346624,346568,129,15,2,3,7,494472,331374,7,8,220,21,18,0,3,0,106,618327,323,0,75,1,0,0,5,0,2,7,1,0,0,1
4791.99,1662563978424,5.018318541,1,18.2,32.0,0.0,49.2,0.0,0.0,0.6,116,2,68,0,1,493816,116292,337964,689496,14035,211952,140,140,35,0,0,4,6,4,2,0,1,0,0,0,1,11,572032,0,14,1,11,2840,247468,5494,0,1,23921,19076,10822,11507,2243,580,2226,504,9,118,118,115,4443,1607,2145838,232,18,132,7,370444,370404,142,15,18,26,37,570818,350045,18,28,251,35,31,5,18,1,106,706682,365,0,80,1,0,0,41,0,0,41,1,0,0,1
4797.01,1662563990996,5.016396500,1,6.5,38.6,0.0,54.6,0.0,0.0,0.3,115,2,66,0,2,492760,117344,337968,688444,5936,100396,294,294,35,0,0,5,7,5,2,0,1,0,0,0,0,5,501046,0,5,1,11,571,191749,5228,0,1,23215,18239,2385,2539,226,17,249,126,9,113,113,114,743,132,1780618,213,2,130,5,349408,349360,128,16,2,3,8,499236,334065,7,8,226,21,15,0,3,0,108,622517,317,0,71,1,0,0,4,0,0,4,1,0,0,1
4802.03,1662563997833,5.015461687,1,2.1,28.5,0.0,69.1,0.0,0.0,0.3,115,1,67,0,2,492344,117740,337988,688044,6533,101137,3996,3996,35,0,0,5,7,5,2,6,1,0,0,0,0,11,524331,0,3,2,11,1103,224537,5543,0,1,22934,17914,4582,4831,1067,420,1233,378,9,127,128,127,2008,818,1936423,217,12,129,44,340773,340719,131,16,12,13,23,522753,324564,11,18,247,27,43,7,13,2,120,654951,360,0,83,1,0,0,21,1,4,25,1,0,0,1
4807.05,1662564004620,5.016098528,1,21.7,34.5,0.0,43.8,0.0,0.0,0.0,115,3,65,0,2,493132,116944,337996,688844,5540,98304,84,84,35,0,0,7,11,7,3,2,2,0,0,0,0,6,560924,0,4,1,14,1143,247589,5255,2,1,22878,17961,3140,3457,459,24,477,0,10,103,103,105,871,265,2095537,201,4,130,5,352691,352646,126,16,4,5,13,558889,337866,10,11,218,29,14,0,5,0,99,721111,312,0,77,1,1,0,10,0,2,12,1,1,1,2
4812.07,1662564011475,5.017290362,1,3.1,34.6,0.0,62.1,0.0,0.0,0.3,115,1,67,0,2,492076,118004,337992,687780,5654,99877,294,294,35,0,0,5,7,5,2,0,1,0,0,0,0,3,492848,0,3,2,13,1198,189584,4976,0,1,23134,18186,2383,2531,231,142,242,0,9,109,109,110,746,128,1720489,207,2,131,5,343254,343208,129,16,2,3,7,490893,327963,7,8,219,21,17,0,3,0,106,606751,318,0,80,0,0,0,4,1,4,8,0,0,0,0
4817.08,1662564018255,5.014695409,1,3.3,29.3,0.0,67.0,0.0,0.0,0.3,115,1,67,0,2,493084,116984,338004,688800,5384,97311,56,56,35,0,0,7,10,7,3,4,2,0,0,0,0,12,542218,0,4,1,13,1981,241904,5308,2,1,23049,18036,5864,6031,1251,109,1273,126,10,102,102,101,2457,928,2035395,201,11,129,44,342634,342575,122,15,11,14,25,540307,325453,14,18,221,24,21,0,14,0,97,682743,331,0,83,3,5,4,28,1,6,34,1,3,2,3
4822.1,1662564025103,5.015608861,1,5.9,34.9,0.0,58.6,0.0,0.0,0.6,115,1,67,0,2,492068,117984,338020,687800,5424,95175,84,84,35,0,0,5,10,5,5,0,2,0,0,0,0,10,524525,0,4,2,19,1632,215456,5222,2,1,22888,17952,4370,4267,879,158,662,0,15,100,100,102,1644,620,1901262,195,7,130,15,349244,349177,120,17,7,7,19,522451,333153,11,12,212,26,22,0,8,0,96,654186,307,0,81,3,3,6,9,1,4,13,1,3,2,2
4827.12,1662564031932,5.017432877,1,3.9,32.1,0.0,64.0,0.0,0.0,0.0,115,1,67,0,2,494352,115700,338020,690084,8123,102367,266,266,35,0,0,5,7,5,2,1,1,0,0,0,0,21,520553,0,14,1,11,3897,217138,5880,0,1,24480,19089,11546,12075,2326,402,2366,567,9,124,123,122,5302,1796,1924694,235,19,130,7,351026,350955,143,15,19,25,37,518589,328544,17,30,252,29,34,5,25,1,111,621675,374,0,85,1,0,0,41,0,0,41,1,0,0,1
4832.14,1662564038797,5.015505313,1,1.9,36.8,0.0,60.7,0.0,0.0,0.6,115,1,67,0,2,493684,116376,338012,689412,5130,94054,84,84,35,0,0,5,7,5,2,0,1,0,0,0,0,9,545287,0,4,1,11,1065,237527,5153,0,1,21968,17205,5833,6293,1261,296,1280,63,9,97,97,98,2483,930,2039554,189,11,124,44,347933,347878,116,16,11,13,26,543389,331330,14,18,209,24,21,0,13,0,94,687336,321,0,76,1,0,0,26,0,0,26,1,0,0,1
4837.16,1662564045640,5.016778605,1,4.1,31.4,0.0,64.2,0.0,0.0,0.3,114,1,67,0,2,493708,116336,338028,689452,5488,97311,56,56,35,0,0,5,7,5,2,0,1,0,0,0,0,5,487658,0,4,1,10,2876,189715,5460,0,1,23014,18032,6031,6511,1270,108,1306,63,9,102,102,104,2478,945,1721836,200,11,129,44,339879,339818,122,16,11,14,25,485484,322577,14,18,224,31,24,0,13,0,100,599120,333,0,72,1,0,0,29,0,0,29,1,0,0,1
4842.18,1662564052418,5.015434369,1,3.8,33.7,0.0,61.9,0.0,0.0,0.6,114,1,67,0,2,492268,117772,338032,688016,5685,98947,266,266,35,0,0,5,7,5,2,0,1,0,0,0,0,4,553432,0,3,2,11,552,241760,5578,0,1,23158,18216,2641,3120,246,17,270,0,9,110,110,111,744,129,2057502,209,3,130,6,351842,351798,126,16,2,3,8,551495,336305,7,8,224,31,19,0,3,0,107,697815,327,0,72,1,0,0,5,0,0,5,1,0,0,1
4847.2,1662564059222,5.016137561,1,3.7,29.5,0.0,66.4,0.0,0.0,0.3,114,1,67,0,2,492368,117668,338036,688120,5494,97522,84,84,35,0,0,5,7,5,2,4,1,0,0,0,0,13,536063,0,4,1,10,710,232470,5701,0,1,23360,18192,6534,7023,1419,374,1437,126,134,102,102,102,2712,1017,1995089,199,15,131,44,346673,346615,199,16,15,17,30,534219,328555,15,23,367,25,137,0,17,0,98,651412,507,0,136,1,4,4,25,1,4,29,1,1,0,2
4852.22,1662564066050,5.015943678,1,2.0,34.0,0.0,63.7,0.0,0.0,0.3,114,1,67,0,2,492668,117364,338040,688424,5649,99503,56,56,35,0,0,7,9,7,2,0,1,0,0,0,0,4,488237,0,3,1,9,2929,190986,5630,0,1,23148,18139,6028,6183,1268,234,1294,0,8,102,102,103,2470,939,1739179,201,11,129,44,339991,339934,120,13,11,13,25,486112,322476,14,18,223,31,25,0,13,0,100,586094,323,0,69,1,0,0,23,0,2,25,1,0,0,1
4857.24,1662564072885,5.017414832,1,1.3,34.8,0.0,63.5,0.0,0.0,0.3,114,1,67,0,2,492196,117836,338040,687952,5928,99249,294,294,35,0,0,5,7,5,2,0,1,0,0,0,0,6,557948,0,4,1,10,1731,245900,5232,0,1,23274,18314,2754,3216,253,143,268,126,9,114,114,115,740,127,2077667,215,2,130,7,352345,352297,129,15,2,3,8,555866,336600,7,8,234,35,23,0,3,0,111,716824,310,0,67,1,0,0,6,0,0,6,1,0,0,1
4862.26,1662564079749,5.016032106,1,4.1,31.5,0.0,64.0,0.0,0.0,0.3,113,1,66,0,2,492880,117140,338052,688648,5649,99425,56,56,35,0,0,5,7,5,2,0,1,0,0,0,0,8,478279,0,3,1,11,2875,190657,5481,0,1,22766,17780,3767,3928,869,409,888,189,9,103,103,103,1596,686,1761127,203,7,129,44,331584,331541,127,15,7,8,16,476249,316191,10,13,219,23,21,0,8,0,100,564596,312,0,72,1,0,0,20,0,0,20,1,0,0,1
4867.27,1662564086515,5.014661934,1,7.0,30.8,0.0,62.3,0.0,0.0,0.0,114,1,67,0,2,492604,117408,338060,688372,8485,116749,84,84,35,0,0,5,7,5,2,1,1,0,0,0,0,25,537388,0,16,1,11,1102,234879,5833,0,1,24097,18962,15120,14801,3372,1001,3317,756,9,118,118,115,7091,2567,2005803,231,28,129,46,351775,351722,137,16,28,34,55,536628,328254,23,39,255,30,38,5,35,1,104,647221,395,0,80,1,0,0,61,0,0,61,1,0,0,1
4872.29,1662564094172,5.018851240,1,20.2,33.1,0.0,46.4,0.0,0.0,0.3,114,1,67,0,2,493140,116864,338068,688912,5923,98875,56,56,35,0,0,5,9,5,4,0,2,0,0,0,0,0,497109,0,3,2,19,497,190076,4728,0,1,22767,17834,1252,1749,80,9,106,0,12,108,108,109,19,7,1719923,213,0,130,7,344958,344917,131,16,0,0,3,495203,331605,6,6,229,35,20,0,0,0,106,630038,305,0,81,1,2,6,4,1,4,8,1,1,0,2
4877.31,1662564101022,5.015363845,1,3.0,30.1,0.0,66.9,0.0,0.0,0.0,114,1,67,0,2,492228,117768,338076,688008,5390,98304,84,84,35,0,0,7,9,7,2,0,1,0,0,0,0,5,505583,0,4,1,11,2281,193291,5328,0,1,22638,17701,861,1014,51,9,78,0,9,103,103,104,4,5,1776116,201,0,130,5,349429,349381,126,16,0,0,4,503507,336407,6,6,213,21,10,0,0,0,100,657871,294,0,69,1,0,0,2,0,2,4,1,0,0,1
4882.33,1662564107807,5.015229231,1,6.4,32.4,0.0,59.3,0.0,0.0,1.8,114,1,67,0,2,492336,117604,338132,688148,5286,96218,56,56,35,0,0,5,7,5,2,0,1,0,0,0,0,10,488276,0,3,2,10,2854,190672,5103,0,1,22635,17727,5844,6319,1254,234,1280,63,8,100,100,101,2474,940,1750617,197,11,127,44,341664,341610,118,14,11,13,25,486378,324630,14,18,216,24,21,0,13,0,98,590474,311,0,72,1,0,0,25,0,0,25,1,0,0,1
4887.35,1662564114573,5.016795852,1,23.8,38.8,0.0,37.2,0.0,0.0,0.3,114,2,67,0,2,492840,117096,338136,688664,6003,101091,84,84,35,0,0,5,7,5,2,0,1,0,0,0,0,2,551509,0,4,1,11,2863,238753,5146,0,1,22841,17886,1249,1401,80,9,105,0,9,110,110,110,8,5,2046719,215,0,130,7,351495,351449,129,15,0,0,4,549385,337963,6,6,234,35,21,0,0,0,105,724194,301,0,70,1,0,0,4,0,0,4,1,0,0,1
4892.37,1662564121387,5.016824622,1,4.9,29.6,0.0,65.5,0.0,0.0,0.0,114,1,67,0,2,492760,117180,338132,688580,5622,98406,84,84,35,0,0,5,7,5,2,6,1,0,0,0,0,6,509916,0,6,1,13,2456,209210,5178,0,1,22985,17866,1544,2070,206,25,233,0,152,104,104,105,247,94,1830195,203,4,133,5,339520,339474,208,15,4,4,7,507842,325469,7,11,370,22,124,0,4,0,99,640543,493,0,138,1,0,0,2,0,0,2,1,0,0,1
4897.39,1662564128192,5.015860016,1,2.6,33.4,0.0,64.0,0.0,0.0,0.0,114,1,67,0,2,493244,116688,338140,689072,5700,98693,161,161,35,0,0,5,9,5,4,0,2,0,0,0,0,8,478330,0,4,1,16,559,188714,5374,0,1,23027,18059,6008,6108,1254,234,1277,63,13,105,105,106,2565,934,1735630,203,12,129,44,333536,333481,125,17,11,13,26,476448,316050,14,18,217,20,21,0,13,0,100,574726,328,0,85,1,2,6,25,1,4,29,1,1,0,2
4902.58,1662564135008,5.185238973,1,5.0,42.0,0.0,52.4,0.0,0.0,0.6,114,1,67,0,2,492760,117180,338132,688580,8355,105743,84,84,35,0,0,7,10,7,3,5,2,0,0,0,0,17,556008,0,18,2,14,3923,241750,6014,2,1,24875,19314,12154,12080,2729,475,2498,315,11,122,122,121,5585,2101,2070401,238,24,137,20,363534,363462,143,17,24,28,44,553785,340878,17,33,267,44,46,5,29,1,108,668436,381,0,83,1,0,0,45,0,2,47,1,0,0,1
4907.6,1662564142155,5.016594895,1,4.3,31.8,0.0,63.9,0.0,0.0,0.0,114,1,67,0,2,492972,116968,338132,688800,5798,98304,56,56,35,0,0,5,7,5,2,0,1,0,0,0,0,3,559014,0,3,1,10,524,248088,5220,0,1,22500,17600,864,1015,52,9,76,0,9,102,102,105,5,5,2087681,201,0,130,5,348385,348343,126,16,0,0,3,557148,335579,6,6,213,23,13,0,0,0,99,741865,294,0,69,1,0,0,2,0,0,2,1,0,0,1
4912.62,1662564148958,5.016955537,1,3.5,33.0,0.0,63.5,0.0,0.0,0.0,114,1,67,0,2,493484,116440,338148,689328,5498,97791,294,294,35,0,0,5,7,5,2,0,1,0,0,0,0,11,523669,0,4,2,10,2179,220135,5457,0,1,23457,18454,7365,7829,1410,241,1429,63,9,109,109,108,3186,1054,1920152,205,13,128,44,347597,347533,124,16,13,16,30,521745,328102,14,19,224,24,26,0,16,0,104,634968,345,0,78,1,0,0,29,0,0,29,1,0,0,1
4917.64,1662564155804,5.017903569,1,2.3,34.4,0.0,63.3,0.0,0.0,0.0,114,1,67,0,2,492492,117452,338128,688332,5716,99684,56,56,35,0,0,5,7,5,2,0,1,0,0,0,0,6,502758,0,3,1,13,2898,208588,5409,0,1,22967,17964,5043,5282,1122,232,1079,252,9,105,105,107,2156,842,1828186,207,10,128,46,335292,335238,125,16,10,8,20,500780,318872,12,15,232,37,29,0,12,0,103,622675,316,0,74,1,0,0,24,0,0,24,1,0,0,1
4922.66,1662564162609,5.016878650,1,4.0,36.9,0.0,58.8,0.0,0.0,0.3,114,1,67,0,2,492224,117716,338132,688068,5442,98304,84,84,35,0,0,5,9,5,4,0,2,0,0,0,0,3,555851,0,4,1,15,2851,243284,5135,0,1,22604,17688,1045,1200,65,9,90,0,13,103,103,104,5,5,2063759,199,0,130,5,350820,350776,123,17,0,0,4,553979,337711,6,6,214,28,13,0,0,0,100,727480,302,0,77,1,2,6,4,1,4,8,1,1,0,2
4927.68,1662564169448,5.016450132,1,2.9,30.9,0.0,65.8,0.0,0.0,0.3,114,1,67,0,2,493248,116688,338136,689096,5596,97841,294,294,35,0,0,5,7,5,2,0,1,0,0,0,0,24,473756,0,5,1,11,636,186942,5590,0,1,23425,18441,7375,7840,1423,368,1448,378,9,110,110,109,3206,1050,1726256,207,13,129,44,332558,332511,128,15,13,16,29,471913,313064,15,20,227,24,27,0,16,0,104,558480,351,0,82,1,0,0,30,0,0,30,1,1,1,2
4932.7,1662564176267,5.015611097,1,3.5,36.5,0.0,59.6,0.0,0.0,0.4,114,1,67,0,2,492508,117420,338144,688364,6048,97024,56,56,35,0,0,7,9,7,2,0,1,0,0,0,0,10,522102,0,3,2,9,578,219004,5280,0,1,23212,18206,6243,6388,1283,235,1311,63,8,106,106,108,2478,934,1919139,209,11,128,46,345250,345194,124,14,11,13,25,520004,327560,14,18,235,40,31,0,13,0,103,647560,330,0,73,1,0,0,28,0,2,30,1,0,0,1
4937.72,1662564183080,5.016827356,1,5.5,27.7,0.0,66.8,0.0,0.0,0.0,113,1,66,0,2,492536,117396,338140,688384,5540,99347,84,84,35,0,0,5,7,5,2,4,1,0,0,0,0,5,515729,0,5,1,13,1244,210001,5288,0,1,23040,17917,1723,2177,220,25,244,0,145,102,102,105,244,94,1855981,199,5,132,5,344621,344571,195,16,4,4,8,513757,330316,7,11,364,29,128,0,4,0,100,642147,467,0,127,1,0,0,3,0,0,3,1,0,0,1
4942.73,1662564189826,5.012865605,1,4.1,33.0,0.0,62.9,0.0,0.0,0.0,115,1,67,0,2,492676,117240,338156,688544,14921,225596,350,350,35,0,0,0,3,0,3,0,1,0,0,0,1,10,520958,0,14,0,12,2792,212442,5693,0,0,24054,19181,12818,11752,2764,665,2502,441,11,121,121,114,5469,2109,1926258,239,21,130,48,356918,356880,143,13,20,30,42,520329,334657,20,28,267,43,46,5,25,1,105,604343,393,0,80,1,2,6,47,0,0,47,1,1,0,2
4947.75,1662564203018,5.015874295,1,2.4,38.6,0.0,59.0,0.0,0.0,0.0,115,1,67,0,2,492560,117344,338168,688440,5545,97339,84,84,35,0,0,5,7,5,2,0,1,0,0,0,0,1,561455,0,4,2,11,2902,250879,5468,0,1,22690,17757,1048,1196,70,74,93,63,9,104,104,104,6,6,2094237,203,0,130,5,348551,348497,127,16,0,0,4,559376,335364,6,6,218,28,14,0,0,0,100,734952,301,0,70,1,0,0,4,0,2,6,1,1,1,2
4952.77,1662564209838,5.016381288,1,3.2,39.8,0.0,57.0,0.0,0.0,0.0,115,1,67,0,2,492612,117280,338180,688504,5952,97841,266,266,35,0,0,7,12,7,5,14,2,0,0,0,0,15,507266,0,4,2,17,2894,207476,5524,3,1,23502,18503,7403,7545,1424,179,1456,126,15,109,109,111,3207,1050,1868670,207,13,129,44,346765,346699,127,18,13,16,29,505570,327267,15,20,227,26,25,0,16,0,105,608309,353,0,88,1,1,0,32,0,2,34,1,1,1,2
4957.79,1662564216655,5.017091822,1,4.1,37.9,0.0,57.7,0.0,0.0,0.3,115,1,67,0,2,492848,117036,338188,688748,5740,98743,84,84,35,0,0,5,7,5,2,0,1,0,0,0,0,5,517484,0,6,2,11,2876,225439,5320,0,1,23214,18199,6230,6376,1295,298,1310,252,9,106,106,107,2474,943,1937563,207,11,129,46,339276,339220,125,16,11,13,26,515548,321619,14,18,232,38,27,0,13,0,102,648330,326,0,72,1,0,0,24,0,0,24,1,0,0,1
4962.81,1662564223468,5.016419034,1,1.0,28.0,0.0,71.0,0.0,0.0,0.0,115,1,67,0,2,492328,117560,338184,688220,5801,98586,84,84,35,0,0,5,7,5,2,14,1,0,0,0,0,8,492205,0,8,1,10,2747,194246,5166,0,1,22910,17939,2028,2455,347,88,373,0,9,106,106,107,488,188,1751513,207,8,130,5,337579,337469,129,16,8,8,11,490060,323381,6,14,224,28,14,0,8,0,100,624393,308,0,84,1,0,0,4,0,0,4,1,0,0,1
4967.83,1662564230450,5.017023005,1,3.7,36.5,0.0,59.8,0.0,0.0,0.0,115,1,67,0,2,493052,116824,338196,688960,5602,98834,294,294,35,0,0,5,7,5,2,0,1,0,0,0,0,11,532620,0,4,1,11,900,225970,5510,0,1,23493,18496,6125,6524,939,169,1275,189,9,109,109,110,2391,622,1980802,205,10,129,33,349340,349271,124,16,10,14,24,530577,331010,14,19,218,22,15,0,13,0,105,650049,336,0,81,1,0,0,29,0,0,29,1,0,0,1
4972.85,1662564237339,5.016487664,1,4.3,29.5,0.0,66.2,0.0,0.0,0.0,115,1,67,0,2,493352,116508,338212,689264,5795,94051,84,84,35,0,0,5,7,5,2,0,1,0,0,0,0,4,497476,0,4,1,11,1100,195758,5382,0,1,21919,17172,5961,6577,1266,423,1288,252,9,103,103,103,2468,931,1825498,201,11,123,45,341939,341882,122,16,11,13,26,495504,325208,14,18,224,28,27,0,13,0,99,597007,325,0,79,1,0,0,24,1,4,28,1,1,1,2
4977.87,1662564244181,5.021032746,1,22.2,29.7,0.0,47.2,0.0,0.0,0.9,116,1,68,0,1,492764,117076,338232,688684,8009,101835,56,56,35,0,0,5,7,5,2,0,1,0,0,0,0,16,504047,0,15,2,11,3943,198339,5441,0,1,24143,18734,10256,10781,2143,590,2167,315,92,117,117,116,4596,1636,1840197,231,18,132,7,351662,351599,186,16,17,22,33,502039,331269,17,29,289,36,44,5,22,1,104,597737,456,0,106,1,0,0,38,0,0,38,1,0,0,1
4982.89,1662564251004,5.016660512,1,3.6,35.2,0.0,60.9,0.0,0.0,0.3,116,1,67,0,2,493292,116548,338232,689220,5751,97919,294,294,35,0,0,7,9,7,2,4,1,0,0,0,0,14,553836,0,5,1,10,539,244302,5418,0,1,23319,18367,4617,4887,639,159,666,63,9,112,112,113,1614,375,2058432,211,6,129,5,351120,351066,127,15,6,12,17,552042,334159,11,13,225,22,16,0,8,0,107,692060,336,0,74,1,0,0,11,0,2,13,1,0,0,1
4987.91,1662564257842,5.015632674,1,3.1,29.8,0.0,67.1,0.0,0.0,0.0,116,1,67,0,2,491800,118028,338244,687732,5679,99649,56,56,35,0,0,5,7,5,2,0,1,0,0,0,0,14,486367,0,3,2,11,599,196020,5486,0,1,22944,17962,5869,6060,1263,234,1274,189,9,101,101,103,2472,933,1744669,199,11,128,44,332317,332258,121,15,11,13,25,484094,315103,14,18,219,24,21,0,13,0,98,603003,343,0,79,1,0,0,29,0,0,29,1,0,0,1
4992.93,1662564264670,5.017022680,1,22.0,36.1,0.0,42.0,0.0,0.0,0.0,116,1,67,0,2,492068,117740,338264,688024,5494,99347,84,84,35,0,0,5,7,5,2,0,1,0,0,0,0,2,514239,0,4,1,10,2884,214441,5066,0,1,22651,17723,1042,1194,66,9,91,0,8,103,103,104,6,5,1872654,201,0,130,5,338465,338422,124,14,0,0,4,512217,325338,6,6,214,28,13,0,0,0,99,659095,297,0,67,1,0,0,4,0,0,4,1,0,0,1
4997.95,1662564271515,5.017594568,1,3.0,31.7,0.0,64.7,0.0,0.0,0.7,116,1,67,0,2,492444,117360,338268,688396,5654,99877,294,294,35,0,0,5,7,5,2,0,1,0,0,0,0,5,509170,0,4,1,11,2906,208286,5340,0,1,23392,18441,4471,4621,610,94,634,63,9,108,108,109,1619,383,1824495,205,6,130,5,345612,345555,128,16,6,8,16,506885,328515,11,13,220,22,18,0,8,0,106,638597,326,0,79,1,0,0,11,1,4,15,1,1,1,2
5002.97,1662564278318,5.015571999,1,1.3,34.3,0.0,64.4,0.0,0.0,0.0,116,1,67,0,2,492400,117364,338308,688380,5494,97522,56,56,35,0,0,5,7,5,2,0,1,0,0,0,0,9,522662,0,3,1,10,2864,223910,5334,0,1,22936,17965,5854,6365,1252,171,1274,63,8,101,101,101,2464,932,1923088,199,11,128,44,342235,342176,119,14,11,13,25,520663,325064,14,18,218,24,21,0,13,0,98,651732,328,0,81,1,0,0,25,0,0,25,1,0,0,1
5008.43,1662564285113,5.458022374,1,2.2,36.1,0.0,61.4,0.0,0.0,0.3,116,2,66,0,2,492604,117132,338336,688604,5996,106909,84,84,35,0,0,5,7,5,2,0,1,0,0,0,0,4,531201,0,5,2,11,579,203929,5845,0,1,24730,19354,3805,3826,833,281,699,63,9,111,111,114,1434,628,1935464,217,6,141,45,371094,371044,134,15,6,2,15,529559,354449,9,11,241,35,25,0,7,0,109,650304,331,0,69,1,0,0,21,0,0,21,1,0,0,1
5013.45,1662564292371,5.017761808,1,5.0,33.9,0.0,61.2,0.0,0.0,0.0,115,1,66,0,2,492496,117244,338332,688492,5939,100301,266,266,35,0,0,7,9,7,2,0,1,0,0,0,0,8,539248,0,4,1,12,2896,231223,5317,0,1,23272,18313,2660,3119,241,17,257,126,9,111,111,111,761,128,1993855,211,2,130,6,348364,348321,131,15,2,3,7,537058,332717,7,8,227,31,19,0,3,0,107,683993,326,0,74,1,0,0,5,0,2,7,1,0,0,1
5018.46,1662564299170,5.014033069,1,20.6,35.2,0.0,44.1,0.0,0.0,0.0,116,1,67,0,2,493024,116724,338324,689020,18763,206244,9039,9039,35,0,0,0,3,0,3,1,1,0,0,0,0,14,517744,0,15,0,12,3358,204904,5287,0,0,23551,18754,7648,7606,1571,436,1411,504,10,118,118,116,3115,1234,1840560,233,10,131,7,356727,356701,138,12,10,18,23,517370,338783,14,18,251,34,30,5,13,1,106,618928,348,0,72,1,2,6,25,0,0,25,1,1,0,2
5023.48,1662564311112,5.015637864,1,3.5,31.9,0.0,64.5,0.0,0.0,0.0,116,1,67,0,2,492324,117456,338292,688312,5809,99955,294,294,35,0,0,5,7,5,2,4,1,0,0,0,0,8,525112,0,4,2,11,3076,217327,5635,0,1,23874,18700,5149,5291,775,171,789,0,105,111,111,112,1844,454,1898689,209,10,133,5,351385,351331,182,15,10,12,21,523023,333186,12,18,360,23,137,0,12,0,107,632377,466,0,119,1,0,0,12,0,2,14,1,1,1,2
5028.5,1662564317994,5.015526892,1,4.0,34.3,0.0,61.4,0.0,0.0,0.3,116,1,67,0,2,492692,117084,338296,688684,5936,95555,56,56,35,0,0,5,7,5,2,0,1,0,0,0,0,8,488071,0,3,1,11,2807,191101,5132,0,1,21952,17133,3769,3947,851,157,877,0,9,99,99,102,1599,680,1759848,195,7,124,44,338182,338130,119,15,7,9,16,486131,323125,10,13,213,25,21,0,8,0,97,593208,320,0,77,1,0,0,22,0,0,22,1,0,0,1
5033.53,1662564324784,5.025463018,1,20.3,37.0,0.0,41.8,0.0,0.0,0.9,116,1,67,0,2,492276,117500,338296,688264,5494,98304,84,84,35,0,0,7,10,7,3,4,2,0,0,0,0,2,564732,0,4,1,14,2900,253139,5266,2,1,22677,17737,1057,1208,66,9,91,0,11,103,103,104,7,6,2112758,201,0,130,5,350202,350160,124,17,0,0,4,562677,337050,6,6,216,28,13,0,0,0,99,735935,310,0,75,1,1,0,5,0,2,7,1,1,1,2
5038.55,1662564331671,5.016870143,1,2.3,33.0,0.0,64.4,0.0,0.0,0.3,116,1,67,0,2,492888,116888,338296,688888,5809,99955,294,294,35,0,0,5,7,5,2,0,1,0,0,0,0,6,493504,0,3,1,12,2885,199266,5387,0,1,23367,18424,4477,4955,609,30,620,0,9,109,109,110,1613,374,1795709,207,6,129,5,340977,340915,129,15,6,8,16,491292,323849,11,13,223,22,20,0,8,0,107,609439,321,0,80,1,0,0,10,0,0,10,1,0,0,1
5043.57,1662564338470,5.016687713,1,1.9,37.5,0.0,60.6,0.0,0.0,0.0,116,1,67,0,2,492360,117416,338296,688356,5539,98171,56,56,35,0,0,5,9,5,4,0,2,0,0,0,0,10,519077,0,4,1,16,2880,217439,4911,0,1,22652,17672,3659,3858,858,157,899,63,13,101,101,102,1599,697,1911468,199,7,129,43,341455,341405,123,18,7,8,16,517052,326201,10,13,216,19,19,0,8,0,97,657130,311,0,84,1,2,6,20,1,4,24,1,1,0,2
5048.77,1662564345320,5.196296282,1,3.6,30.3,0.0,66.1,0.0,0.0,0.0,116,1,67,0,2,492272,117500,338300,688268,5580,96479,84,84,35,0,0,7,10,7,3,4,2,0,0,0,0,6,506712,0,4,1,14,2871,196929,5201,2,1,22366,17494,2960,2593,632,212,545,63,11,101,101,103,1030,488,1782639,197,6,128,45,353050,353003,123,18,6,2,12,504930,337756,8,8,221,30,23,0,7,0,100,624448,316,0,81,3,5,4,24,1,6,30,1,3,2,4
5053.79,1662564352307,5.016974776,1,3.5,35.4,0.0,61.1,0.0,0.0,0.0,116,1,67,0,2,491808,117960,338304,687808,8071,102367,266,266,35,0,0,5,10,5,5,1,2,0,0,0,0,22,519385,0,14,1,19,3702,213257,5778,1,1,24845,19430,13652,13817,2709,674,2705,378,15,123,123,122,6183,2010,1902955,235,23,131,7,355539,355462,145,18,23,30,46,517289,331209,21,35,253,30,35,5,30,1,112,615927,389,0,92,3,3,6,45,1,4,49,1,3,2,3
5058.81,1662564359139,5.016443286,1,5.6,29.7,0.0,64.7,0.0,0.0,0.0,116,1,67,0,2,492296,117464,338312,688304,5366,94262,84,84,35,0,0,7,11,7,3,1,2,0,0,0,0,6,462531,0,4,1,14,2820,167982,4863,2,1,21710,16947,3773,4243,869,94,896,63,11,99,99,101,1596,682,1637341,193,7,124,44,334611,334559,120,17,7,8,17,460479,319714,10,13,210,23,21,0,8,0,96,552154,309,0,83,3,5,4,22,1,6,28,1,3,2,2
5063.83,1662564365947,5.015378051,1,1.9,35.3,0.0,62.8,0.0,0.0,0.0,116,1,67,0,2,493108,116640,338324,689132,5488,98226,56,56,35,0,0,5,7,5,2,0,1,0,0,0,0,6,496233,0,4,1,11,572,192506,5164,0,1,22927,17914,3950,4321,873,283,899,126,9,101,101,103,1604,691,1752648,199,8,129,44,343744,343694,121,13,7,8,16,494105,328068,10,13,221,30,23,0,8,0,99,612107,318,0,73,1,0,0,19,0,0,19,1,0,0,1
5068.85,1662564372736,5.016244310,1,3.4,35.4,0.0,60.4,0.0,0.0,0.9,116,1,67,0,2,492564,117184,338324,688592,5737,98947,294,294,35,0,0,5,7,5,2,6,1,0,0,0,0,8,557319,0,4,1,11,764,243354,5762,0,1,24011,18806,5458,5601,782,110,799,126,176,111,111,111,1848,464,2069763,209,10,133,6,357315,357258,223,16,10,12,21,555349,338730,14,20,410,33,164,0,13,0,107,673932,555,0,154,1,0,0,11,0,0,11,1,0,0,1
5073.87,1662564379542,5.016355991,1,1.6,38.7,0.0,59.7,0.0,0.0,0.0,116,1,67,0,2,492336,117420,338316,688356,5638,99658,84,84,35,0,0,5,7,5,2,0,1,0,0,0,0,6,487448,0,5,2,11,533,188506,5255,0,1,22688,17721,3772,3890,864,283,889,63,9,102,102,104,1591,684,1779193,201,7,128,44,338983,338935,126,16,7,8,17,485471,323620,10,13,221,23,20,0,8,0,98,587635,328,0,78,1,0,0,18,0,0,18,1,0,0,1
5078.9,1662564386380,5.030358227,1,0.9,35.8,0.0,62.7,0.0,0.0,0.6,116,1,67,0,2,492336,117400,338336,688376,5822,98406,56,56,35,0,0,5,7,5,2,0,1,0,0,0,0,4,506739,0,5,1,12,2597,207490,5276,0,1,22952,17930,3984,4131,892,284,923,63,8,103,103,106,1596,693,1836560,201,7,130,44,340479,340428,120,14,7,9,16,504741,324791,10,13,223,32,23,0,8,0,100,626939,320,0,77,1,0,0,21,0,0,21,1,0,0,1
5083.92,1662564393237,5.016675812,1,5.6,29.9,0.0,64.5,0.0,0.0,0.0,116,1,67,0,2,491912,117828,338332,687944,5980,100292,294,294,35,0,0,5,9,5,4,0,2,0,0,0,0,6,556410,0,4,1,16,2880,246599,5707,0,1,23578,18609,4853,5004,640,157,666,0,13,114,114,115,1623,384,2076772,215,6,130,7,352174,352123,131,18,6,8,17,554318,334614,11,13,233,36,24,0,8,0,110,703875,329,0,82,1,2,6,12,1,4,16,1,1,0,2
5088.94,1662564400040,5.016646558,1,1.8,27.1,0.0,70.1,0.0,0.0,1.1,115,1,66,0,2,492124,117612,338336,688164,5736,103519,56,56,35,0,0,7,13,7,6,4,2,0,0,0,0,6,475915,0,3,1,24,574,183850,5113,2,1,22957,17987,4624,5020,808,163,1095,63,17,101,101,101,1680,539,1743231,199,8,129,33,332765,332700,127,18,8,11,19,473924,316820,13,17,211,22,11,0,10,0,98,578109,318,0,88,3,2,6,25,1,6,31,1,3,2,2
5093.95,1662564407068,5.014083108,1,5.3,31.2,0.0,63.5,0.0,0.0,0.0,116,1,67,0,2,492432,117288,338352,688480,8120,108407,84,84,35,0,0,7,9,7,2,0,1,0,0,0,0,24,495662,0,16,1,11,2574,197251,5542,0,1,23909,18714,13203,13005,2979,1051,2936,630,9,118,118,112,6153,2300,1811572,231,24,129,46,347268,347222,137,16,24,29,47,493973,324615,19,34,250,27,37,5,30,1,99,583227,359,0,79,1,0,0,60,1,6,66,1,0,0,1
5098.97,1662564414359,5.016252791,1,19.3,34.7,0.0,45.1,0.0,0.0,0.9,116,1,67,0,2,493172,116540,338360,689224,5716,99762,56,56,35,0,0,5,7,5,2,0,1,0,0,0,0,4,522869,0,3,1,11,1548,215707,5162,0,1,23064,18113,3336,3779,469,87,495,0,9,106,106,107,888,259,1902976,209,4,129,7,347338,347285,126,16,4,5,12,520821,332182,10,11,228,36,20,0,5,0,104,658711,309,0,72,1,0,0,10,0,0,10,1,0,0,1
5103.99,1662564421149,5.016194630,1,2.2,36.0,0.0,61.8,0.0,0.0,0.0,116,1,67,0,2,492652,117052,338368,688716,5981,97547,84,84,35,0,0,5,7,5,2,0,1,0,0,0,0,3,504608,0,5,1,11,1059,205842,5279,0,1,22865,17941,2962,3442,442,86,464,63,9,106,106,109,874,268,1870599,205,5,130,5,339485,339433,128,16,4,5,13,502523,324748,10,11,219,25,14,0,5,0,103,623018,312,0,71,1,0,0,8,0,0,8,1,0,0,1
5109.01,1662564427968,5.016128917,1,4.6,38.0,0.0,56.4,0.0,0.0,0.9,116,1,67,0,2,493348,116364,338360,689404,5338,98304,56,56,35,0,0,5,7,5,2,0,1,0,0,0,0,6,520158,0,3,1,10,1929,217417,5246,0,1,22690,17716,3762,3925,864,347,887,63,8,102,102,100,1595,683,1924032,201,7,129,44,343134,343077,120,13,7,8,16,518003,327749,9,12,217,23,20,0,8,0,97,648917,313,0,72,1,0,0,20,0,0,20,1,0,0,1
5114.03,1662564434767,5.016516897,1,16.9,32.8,0.0,50.3,0.0,0.0,0.0,116,1,67,0,2,492264,117444,338364,688328,5814,99812,84,84,35,0,0,5,7,5,2,0,1,0,0,0,0,5,555964,0,5,2,11,3009,246915,5400,0,1,23355,18235,3509,3650,480,219,506,0,132,108,108,108,880,253,2088499,211,4,136,7,349402,349351,196,15,4,5,13,553758,333670,11,12,368,37,129,0,5,0,103,715912,454,0,117,1,0,0,8,0,0,8,1,1,1,2
5119.05,1662564441591,5.015790772,1,3.7,36.4,0.0,59.8,0.0,0.0,0.0,116,1,67,0,2,492620,117064,338388,688704,5598,99608,84,84,35,0,0,7,9,7,2,0,1,0,0,0,0,3,460926,0,3,1,10,2393,167254,4876,0,1,22860,17931,2948,3491,440,86,474,0,8,102,102,103,872,280,1648253,199,4,130,5,334842,334802,123,13,4,5,13,459333,320172,10,11,214,22,14,0,5,0,100,555958,303,0,72,1,6,6,6,1,6,12,1,1,0,2
5124.07,1662564448373,5.016072972,1,3.1,36.8,0.0,60.1,0.0,0.0,0.0,116,1,67,0,2,492244,117448,338380,688320,5290,93167,161,161,35,0,0,5,7,5,2,0,1,0,0,0,0,10,529073,0,3,2,11,2740,223168,4973,0,1,21683,16963,3932,4026,860,156,912,126,9,99,99,100,1698,698,1934067,191,7,123,44,344657,344601,121,15,7,8,17,526926,329368,10,13,209,23,22,0,8,0,98,671030,311,0,79,1,0,0,23,0,0,23,1,0,0,1
5129.09,1662564455199,5.017490840,1,8.3,30.8,0.0,59.7,0.0,0.0,1.3,116,1,67,0,2,492268,117372,338432,688372,8793,98973,1116,1116,35,0,0,5,7,5,2,0,1,0,0,0,0,16,531424,0,27,1,11,2335,231440,5931,0,1,24390,18972,13055,13141,2793,722,2630,567,9,143,143,144,5667,2086,1985185,245,22,130,20,347561,347472,144,15,21,28,46,528818,324333,20,33,277,48,53,27,26,5,120,638877,391,0,76,1,0,0,45,0,0,45,1,0,0,1
5134.11,1662564462044,5.016273001,1,5.0,28.2,0.0,66.1,0.0,0.0,0.7,116,1,67,0,2,492116,117520,338436,688224,5540,98354,56,56,35,0,0,5,7,5,2,0,1,0,0,0,0,0,494651,0,4,1,11,2888,190019,4932,0,1,22848,17914,2952,3445,443,87,462,0,9,103,103,104,884,264,1805193,203,4,130,5,344619,344571,123,16,4,5,12,492529,329962,10,11,219,22,14,0,5,0,99,604092,312,0,72,1,0,0,11,0,0,11,1,0,0,1
5139.13,1662564468828,5.015661458,1,4.4,32.7,0.0,62.2,0.0,0.0,0.7,116,2,66,0,2,491944,117680,338448,688068,5653,96826,294,294,35,0,0,5,7,5,2,0,1,0,0,0,0,16,528563,0,4,1,11,1106,226550,5345,0,1,22761,17862,5288,5450,1045,227,1059,63,9,108,108,109,2318,793,1942030,203,9,126,44,344688,344634,126,16,9,11,21,526443,327149,11,15,220,23,25,0,11,0,104,655349,335,0,82,1,0,0,22,0,0,22,1,1,1,2
5144.15,1662564475644,5.016753442,1,4.5,35.0,0.0,60.1,0.0,0.0,0.3,116,1,67,0,2,492668,116948,338456,688800,5664,94808,84,84,35,0,0,7,11,7,4,2,2,0,0,0,0,5,477357,0,3,2,17,2816,189856,5083,3,1,21947,17166,4158,4600,898,283,937,0,13,102,102,104,1606,695,1770082,201,7,124,46,326675,326620,124,18,7,8,16,475387,311337,10,13,226,37,29,0,8,0,100,583412,316,0,78,1,7,6,22,1,6,28,1,2,1,2
5149.17,1662564482467,5.015890652,1,3.4,31.6,0.0,63.8,0.0,0.0,1.2,116,1,67,0,2,493068,116552,338452,689196,5522,98512,56,56,35,0,0,5,7,5,2,0,1,0,0,0,0,8,521493,0,3,1,11,1996,215865,5089,0,1,22869,17933,2956,3097,440,23,476,0,9,104,104,105,874,268,1881171,205,4,130,5,346978,346928,124,16,4,5,12,519599,332243,10,11,220,22,15,0,5,0,102,665158,306,0,79,1,0,0,10,0,0,10,1,0,0,1
5154.19,1662564489306,5.017832680,1,5.2,30.2,0.0,63.9,0.0,0.0,0.7,116,1,67,0,2,492400,117200,338472,688548,5647,95833,294,294,35,0,0,5,7,5,2,0,1,0,0,0,0,14,531069,0,5,2,10,2788,227201,5366,0,1,22413,17590,5291,5793,1034,227,1058,189,8,107,107,108,2328,810,1955656,201,9,125,44,345834,345782,124,13,9,11,21,529449,328552,11,15,221,23,25,0,11,0,103,661554,335,0,77,1,0,0,22,0,0,22,1,0,0,1
5159.21,1662564496141,5.016212969,1,3.3,29.7,0.0,66.3,0.0,0.0,0.7,115,1,67,0,2,491836,117764,338472,687984,5664,98719,56,56,35,0,0,5,7,5,2,0,1,0,0,0,0,11,491002,0,3,1,11,700,195029,5411,0,1,23033,17998,4189,4368,902,284,950,0,76,106,106,106,1599,701,1757189,209,7,131,46,336897,336845,165,15,7,9,16,488999,320944,11,14,268,37,43,0,8,0,102,594350,411,0,103,1,0,0,23,0,0,23,1,0,0,1
5164.23,1662564502963,5.017724012,1,6.0,29.6,0.0,64.5,0.0,0.0,0.0,114,1,66,0,2,492376,117228,338468,688516,5494,99347,84,84,35,0,0,5,7,5,2,6,1,0,0,0,0,4,494121,0,4,1,10,2722,192029,5151,0,1,23101,18131,3630,4117,598,94,613,0,8,103,103,104,1115,356,1819690,201,8,130,5,342309,342251,120,13,7,9,16,492237,326910,9,13,217,29,14,0,6,0,100,605245,310,0,74,1,0,0,8,0,0,8,1,1,1,2
5169.25,1662564509704,5.021352130,1,6.2,30.8,0.0,63.0,0.0,0.0,0.0,115,1,67,0,2,492252,117352,338468,688400,14349,214749,378,378,35,0,0,0,1,0,1,2,1,0,0,0,0,14,509510,0,15,0,7,1075,204440,5543,2,0,23856,19032,11158,10733,2486,716,2044,567,6,114,114,111,4750,1879,1876077,221,17,130,20,351634,351541,128,11,17,25,36,508074,330556,17,22,251,44,47,5,20,1,101,587355,356,0,66,1,1,0,30,0,0,30,1,1,1,2
5174.27,1662564522349,5.015551467,1,2.4,34.9,0.0,62.1,0.0,0.0,0.6,115,2,66,0,2,493840,115724,338508,690020,5494,99347,56,56,35,0,0,5,7,5,2,0,1,0,0,0,0,2,496432,0,3,2,11,579,192375,5044,0,1,22910,17968,2947,3403,439,23,461,0,9,102,102,103,877,251,1820539,201,4,130,5,343698,343650,122,16,4,5,12,494366,328969,10,11,216,22,14,0,5,0,99,603700,321,0,72,1,0,0,10,0,0,10,1,0,0,1
5179.29,1662564529141,5.015207056,1,3.9,39.6,0.0,56.2,0.0,0.0,0.3,115,1,67,0,2,492312,117248,338512,688496,6113,98912,294,294,35,0,0,5,7,5,2,0,1,0,0,0,0,11,486235,0,4,1,11,2907,192117,5455,0,1,23303,18292,5312,5470,1039,229,1055,63,9,110,110,113,2327,795,1787092,207,9,129,44,339945,339887,129,16,9,11,21,484215,322048,11,15,228,25,27,0,11,0,106,573677,339,0,81,1,0,0,25,0,0,25,1,0,0,1
5184.31,1662564535938,5.016071593,1,3.0,33.2,0.0,62.5,0.0,0.0,1.2,115,1,67,0,2,492248,117320,338504,688428,5612,97520,56,56,35,0,0,5,7,5,2,0,1,0,0,0,0,6,490970,0,3,1,11,577,194170,5351,0,1,23167,18163,6222,6377,1285,109,1313,126,9,103,103,105,2471,932,1746122,203,11,129,46,338933,338870,123,16,11,13,25,488924,321265,14,18,229,38,30,0,13,0,102,598282,337,0,75,1,0,0,28,0,0,28,1,0,0,1
5189.33,1662564542734,5.016945662,1,1.8,35.8,0.0,62.5,0.0,0.0,0.0,115,1,67,0,2,491736,117832,338504,687920,5568,99605,84,84,35,0,0,5,9,5,4,0,2,0,0,0,0,3,539403,0,5,1,18,564,226309,5329,0,1,22908,17982,3130,3279,453,23,476,0,13,106,106,105,873,258,1961358,207,4,130,5,352435,352377,127,18,4,5,13,537363,337584,10,11,224,29,15,0,5,0,100,685014,314,0,85,1,2,6,9,1,4,13,1,1,0,2
5194.35,1662564549549,5.016259432,1,3.3,32.0,0.0,64.0,0.0,0.0,0.7,114,1,67,0,2,493028,116536,338508,689216,5861,98052,294,294,35,0,0,7,10,7,3,2,2,0,0,0,0,3,542309,0,4,2,14,535,236875,5648,2,1,23163,18172,5298,5799,1033,354,1067,126,11,109,109,110,2321,811,2021278,203,9,129,43,347218,347159,123,17,9,12,21,540100,329663,11,15,216,19,23,0,11,0,103,676596,341,0,81,3,5,4,23,1,6,29,1,3,2,3
5199.38,1662564556372,5.028724178,1,2.1,38.7,0.0,58.6,0.0,0.0,0.6,114,1,67,0,2,492384,117172,338516,688580,5716,98719,56,56,35,0,0,5,10,5,5,0,2,0,0,0,0,8,500669,0,3,1,21,1655,203697,5503,2,1,23255,18231,5400,6213,1093,350,1193,126,15,105,105,106,1902,767,1818135,207,10,129,46,338205,338104,131,17,9,13,21,498445,321355,12,16,233,38,30,0,9,0,102,628392,349,0,93,3,3,6,25,1,4,29,1,3,2,2
5204.4,1662564563225,5.016324927,1,4.1,29.5,0.0,66.4,0.0,0.0,0.0,114,1,67,0,2,492344,117224,338504,688524,7755,100791,84,84,35,0,0,5,7,5,2,7,1,0,0,0,0,17,514881,0,15,2,10,2494,216069,5918,0,1,24672,19080,12965,13442,2683,489,2725,441,122,118,118,116,5687,1970,1929271,229,25,132,7,347038,346961,202,14,25,31,47,512687,323903,21,38,400,38,156,5,31,1,103,621251,513,0,127,1,0,0,45,0,0,45,1,0,0,1
5209.42,1662564570046,5.018696117,1,3.3,39.5,0.0,57.1,0.0,0.0,0.0,114,1,67,0,2,491808,117760,338504,688000,5855,98962,266,266,35,0,0,5,7,5,2,0,1,0,0,0,0,14,546207,0,4,1,11,1219,239009,5447,0,1,23169,18186,4045,4452,676,93,893,63,9,111,111,110,1633,507,2026490,211,6,129,33,348897,348851,127,16,6,9,14,544352,332454,10,14,223,21,15,0,8,0,106,688990,334,0,79,1,0,0,22,0,0,22,1,0,0,1
5214.44,1662564576925,5.016757971,1,2.9,40.3,0.0,56.8,0.0,0.0,0.0,114,1,67,0,2,492100,117452,338520,688304,5560,98563,84,84,35,0,0,5,7,5,2,0,1,0,0,0,0,4,525170,0,5,1,12,560,230089,5517,0,1,22858,17875,4137,4302,892,94,925,0,9,103,103,105,1599,683,1947989,201,7,129,46,335263,335211,126,16,7,8,17,523179,319378,10,13,224,38,26,0,8,0,101,667238,329,0,78,1,0,0,22,0,0,22,1,0,0,1
5219.46,1662564583778,5.016499184,1,5.5,32.3,0.0,61.6,0.0,0.0,0.6,115,2,68,0,1,493124,116420,338528,689336,5390,97261,84,84,35,0,0,5,7,5,2,0,1,0,0,0,0,6,483926,0,3,1,13,1756,181155,5090,0,1,22781,17874,3122,3600,450,23,484,0,9,102,102,102,881,271,1684406,201,4,129,5,342552,342511,122,16,4,5,12,482203,327746,10,11,216,29,14,0,5,0,99,596189,301,0,76,1,0,0,12,0,0,12,1,0,0,1
5224.48,1662564591059,5.016893674,1,4.2,38.8,0.0,57.0,0.0,0.0,0.0,114,1,67,0,2,492596,116948,338528,688804,5861,99955,294,294,35,0,0,6,10,5,3,4,2,0,0,0,0,4,554439,0,4,2,14,776,246218,5206,3,1,23138,18175,2399,2544,222,16,245,0,11,111,111,112,740,147,2075640,209,2,130,5,347859,347800,128,18,2,3,8,552316,332562,7,8,221,21,15,0,3,0,108,718512,311,0,80,1,1,0,7,1,4,11,1,2,2,2
5229.5,1662564597907,5.016533221,1,4.6,40.5,0.0,54.9,0.0,0.0,0.0,114,1,67,0,2,491880,117668,338524,688088,5827,98656,56,56,35,0,0,7,9,7,2,0,1,0,0,0,0,10,483463,0,4,1,11,595,189156,5376,0,1,22753,17782,3893,4440,880,220,911,126,9,105,105,106,1603,686,1746181,207,7,128,45,335303,335252,129,16,7,8,16,481421,319816,10,13,229,29,24,0,8,0,100,580278,328,0,77,1,0,0,22,0,2,24,1,0,0,1
5234.52,1662564604683,5.017318748,1,20.4,32.5,0.0,46.8,0.0,0.0,0.3,114,1,67,0,2,492336,117200,338536,688560,11265,103443,8983,8983,35,0,0,4,7,5,3,0,1,0,0,0,0,8,481849,0,10,1,14,1208,188040,5560,0,1,23129,18171,3832,3975,655,154,674,0,11,148,149,145,1260,433,1688135,237,5,130,7,334372,334326,141,15,5,6,14,480231,318708,11,12,258,33,38,11,6,2,136,594696,358,0,76,1,0,0,9,0,0,9,1,0,0,1
5239.54,1662564611514,5.017211886,1,2.3,28.9,0.0,68.1,0.0,0.0,0.7,113,1,66,0,2,492584,116960,338528,688800,5706,99877,294,294,35,0,0,5,7,5,2,0,1,0,0,0,0,5,487074,0,4,0,10,2925,190454,5425,0,1,23154,18186,2367,2843,220,143,244,189,9,110,110,111,741,130,1728490,207,3,131,5,337134,337086,125,15,2,3,8,484906,321686,7,8,219,21,14,0,3,0,107,601822,297,0,69,1,0,0,5,0,0,4,1,0,0,1
5244.55,1662564618327,5.013490327,1,11.7,29.2,0.0,58.1,0.0,0.0,1.0,117,2,68,0,1,492500,117048,338524,688720,13725,211797,140,140,35,0,0,4,9,4,5,1,2,0,0,0,1,13,550027,0,14,0,20,1204,227896,5948,0,1,24051,19095,11633,11557,2378,603,2251,441,111,117,117,114,4701,1674,1988849,231,19,133,7,368848,368808,195,17,19,27,40,549149,347889,19,29,365,36,123,5,20,1,105,667559,498,0,127,1,2,6,37,1,3,40,1,1,0,2
5249.57,1662564630872,5.022136826,1,3.2,32.6,0.0,63.9,0.0,0.0,0.3,116,1,67,0,2,492320,117236,338516,688532,5855,97869,294,294,35,0,0,7,9,7,2,0,1,0,0,0,0,6,541025,0,4,0,9,2563,224481,5510,0,1,23140,18191,2387,2547,218,16,241,0,8,111,111,112,747,121,1960752,209,2,131,5,356139,356090,128,14,2,3,8,538947,340833,7,8,222,21,15,0,3,0,107,682583,319,0,71,1,0,0,6,0,3,9,1,0,0,1
5254.59,1662564637683,5.018551141,1,3.3,34.2,0.0,60.0,0.0,0.0,2.4,116,1,67,0,2,492336,117208,338528,688556,5612,95851,84,84,35,0,0,5,8,5,3,0,1,0,0,0,0,11,523378,0,3,0,13,1612,218442,5252,0,1,22272,17461,5952,6109,1264,234,1278,189,11,101,101,102,2464,935,1914402,199,11,125,45,345313,345251,127,18,11,13,26,521125,328428,14,18,221,28,25,0,13,0,99,651313,317,0,85,1,0,0,27,0,0,27,1,0,0,1
5259.61,1662564644568,5.022901845,1,19.4,32.1,0.0,48.2,0.0,0.0,0.3,116,1,67,0,2,492336,117212,338524,688556,5622,99710,56,56,35,0,0,5,7,5,2,0,1,0,0,0,0,3,497443,0,5,0,11,571,190734,5066,0,1,22992,18043,3134,3609,453,23,477,0,9,103,103,104,878,260,1734219,203,4,130,5,346417,346366,123,16,4,5,12,495338,331480,10,11,211,25,12,0,5,0,97,615722,293,0,71,1,0,0,7,0,0,7,1,0,0,1
5264.63,1662564651370,5.016244520,1,1.9,35.2,0.0,62.6,0.0,0.0,0.3,116,2,66,0,2,492100,117444,338528,688320,5700,98884,294,294,35,0,0,5,7,5,2,0,1,0,0,0,0,5,492812,0,6,0,10,557,191789,4928,0,1,23181,18213,2386,2541,221,142,248,0,9,112,112,112,745,132,1740230,211,2,131,5,341306,341258,126,16,2,3,8,490916,325946,7,8,222,22,14,0,3,0,107,617933,317,0,76,1,0,0,6,0,0,6,1,0,0,1
5269.65,1662564658162,5.017055411,1,2.0,29.3,0.0,67.7,0.0,0.0,1.0,116,1,67,0,2,492812,116740,338520,689024,5788,98684,56,56,35,0,0,5,9,5,4,0,2,0,0,0,0,5,499954,0,3,0,16,600,197847,5328,0,1,23109,18104,5858,6382,1257,297,1285,126,13,103,103,103,2471,936,1830609,203,12,129,44,343863,343808,129,18,11,13,25,497980,326652,14,18,222,24,22,0,13,0,100,606912,333,0,90,1,2,6,24,1,4,28,1,2,1,2
5274.67,1662564664989,5.019670504,1,4.3,35.0,0.0,59.8,0.0,0.0,0.9,116,1,67,0,2,492156,117400,338516,688368,5834,103727,84,84,35,0,0,7,10,7,3,1,2,0,0,0,0,3,528155,0,4,0,13,2862,230757,5254,2,1,22969,18028,4046,3771,667,92,537,0,11,104,104,106,1296,427,1968945,203,6,130,14,338038,337985,125,17,6,5,16,526005,322257,10,11,221,31,16,0,7,0,102,675788,317,0,76,1,1,0,11,0,2,13,1,1,1,2
5279.69,1662564672088,5.017288610,1,1.2,38.4,0.0,60.1,0.0,0.0,0.3,116,1,67,0,2,492312,117240,338520,688528,7819,101322,266,266,35,0,0,5,7,5,2,1,1,0,0,0,0,18,492252,0,14,0,12,3837,195521,5528,0,1,24421,19030,11544,11718,2310,848,2320,693,9,124,124,121,5322,1751,1749156,237,19,129,7,345921,345854,140,16,19,25,37,490262,323417,17,30,254,27,34,5,25,1,111,590613,361,0,80,1,0,0,41,0,0,41,1,0,0,1
5284.71,1662564678925,5.017037687,1,3.2,33.2,0.0,62.6,0.0,0.0,1.0,116,1,67,0,2,492204,117340,338528,688424,5332,97155,84,84,35,0,0,5,7,5,2,0,1,0,0,0,0,5,540818,0,5,0,10,602,241592,5504,0,1,22892,17928,5477,5718,1145,164,1186,126,9,100,100,101,2070,829,2026341,195,9,129,44,340069,339984,123,16,9,13,22,537954,323161,12,16,216,24,21,0,9,0,96,682462,325,0,79,1,0,0,25,0,0,25,1,0,0,1
5289.73,1662564685794,5.017660141,1,4.0,33.7,0.0,61.3,0.0,0.0,1.0,116,1,67,0,2,492296,117248,338528,688520,5442,97261,84,84,35,0,0,5,7,5,2,0,1,0,0,0,0,10,481522,0,3,0,10,705,187851,5510,0,1,23405,18200,6199,6362,1290,242,1310,0,112,101,101,103,2472,932,1770854,199,11,130,44,336401,336334,180,16,11,13,25,479465,318242,16,20,356,32,137,0,14,0,100,580715,441,0,117,1,0,0,27,0,0,27,1,0,0,1
5294.75,1662564692651,5.016040792,1,3.5,34.7,0.0,61.5,0.0,0.0,0.3,116,2,66,0,2,492280,117264,338528,688504,5841,100251,294,294,35,0,0,5,9,5,4,0,2,0,0,0,0,9,551795,0,3,0,16,2851,239770,5386,0,1,23108,18173,2651,2709,239,16,268,0,13,109,109,110,748,136,2036897,207,2,129,6,351954,351908,127,18,2,3,7,549539,336327,7,8,223,31,20,0,3,0,107,698070,313,0,77,1,2,6,6,1,4,10,1,2,1,2
5299.77,1662564699462,5.015517215,1,2.5,37.3,0.0,59.9,0.0,0.0,0.3,116,1,67,0,2,491680,117868,338524,687896,5390,97183,84,84,35,0,0,5,7,5,2,0,1,0,0,0,0,4,535450,0,4,0,9,606,236105,5281,0,1,22604,17645,3754,3922,860,409,885,63,8,101,101,102,1600,688,1996073,197,7,128,44,338792,338734,122,14,7,8,17,533141,323409,10,13,216,23,20,0,8,0,98,687732,313,0,76,1,0,0,21,0,0,21,1,0,0,1
5304.79,1662564706262,5.016761642,1,2.1,31.1,0.0,66.4,0.0,0.0,0.3,116,1,67,0,2,491532,118008,338532,687756,5740,98354,56,56,35,0,0,7,9,7,2,0,1,0,0,0,0,12,488809,0,4,0,10,2880,196508,5356,0,1,23036,18056,6047,6594,1275,235,1310,63,9,102,102,103,2470,940,1741051,200,11,128,44,338549,338483,125,15,11,13,25,486827,321154,14,18,222,33,24,0,13,0,97,598013,338,0,78,1,0,0,27,0,2,29,1,0,0,1
5309.81,1662564713072,5.017752844,1,4.5,36.5,0.0,59.0,0.0,0.0,0.0,116,1,67,0,2,492140,117408,338524,688356,5737,98947,294,294,35,0,0,5,7,5,2,0,1,0,0,0,0,9,547942,0,4,0,11,2593,241999,5224,0,1,23113,18182,2646,2802,242,16,268,0,9,111,111,111,747,133,2051719,209,2,129,6,346703,346651,126,15,2,3,8,545745,331113,7,8,225,31,19,0,3,0,107,701710,321,0,71,1,0,0,5,0,0,5,1,0,0,1
5314.83,1662564719937,5.017149788,1,1.6,30.9,0.0,67.2,0.0,0.0,0.3,115,1,66,0,2,492304,117240,338528,688524,5234,94132,56,56,35,0,0,5,7,5,2,0,1,0,0,0,0,8,492595,0,3,0,11,1631,203033,5151,0,1,21737,16973,3754,4260,865,221,890,63,9,97,97,99,1597,683,1824328,191,7,124,44,331016,330962,116,16,7,8,16,490325,316134,10,13,207,23,20,0,7,0,95,616373,297,0,70,1,0,0,21,0,0,21,1,0,0,1
5319.84,1662564726727,5.013772434,1,7.1,31.6,0.0,60.9,0.0,0.0,0.4,116,1,67,0,2,492544,116992,338536,688764,8207,111534,84,84,35,0,0,5,14,5,9,0,2,0,0,0,0,17,507996,0,15,1,33,1126,213031,5650,0,1,24286,19117,15305,14994,3371,936,3353,441,23,118,118,115,6972,2561,1902095,231,28,129,46,344004,343953,139,18,28,34,54,507082,320677,22,37,254,37,39,5,30,1,104,605610,399,0,108,1,1,6,57,0,0,57,1,2,1,2
5324.86,1662564734139,5.016705804,1,17.9,35.6,0.0,46.5,0.0,0.0,0.0,117,2,68,0,1,492812,116716,338544,689040,5814,99812,56,56,35,0,0,7,11,7,4,4,2,0,0,0,0,2,485527,0,4,1,16,554,190936,5238,2,1,22819,17869,1269,1794,80,10,107,0,13,107,107,109,17,5,1736831,211,0,134,7,334541,334499,129,18,0,0,3,483617,321103,6,6,230,35,19,0,0,0,104,608937,296,0,80,1,1,0,6,1,6,12,1,1,1,2
5329.88,1662564741086,5.015859365,1,2.3,32.0,0.0,65.7,0.0,0.0,0.0,116,1,67,0,2,491940,117580,338552,688176,6056,99503,84,84,35,0,0,7,13,7,6,4,3,0,0,0,0,3,505989,0,4,1,18,2284,194838,5265,2,1,22711,17764,888,1038,52,10,77,0,16,106,106,108,3,12,1799074,207,1,131,5,348343,348296,130,18,0,0,4,503937,335284,6,6,217,23,12,0,0,0,102,635206,309,0,83,3,3,6,3,1,6,9,1,3,2,3
5334.9,1662564747911,5.016090884,1,6.7,34.9,0.0,58.4,0.0,0.0,0.0,116,1,67,0,2,491960,117556,338556,688204,5286,94132,56,56,35,0,0,5,10,5,5,0,2,0,0,0,0,12,525187,0,3,0,16,2793,219635,5243,2,1,22453,17577,5878,6379,1264,108,1290,63,68,99,99,100,2464,929,1924010,195,11,128,44,346977,346918,153,18,11,13,25,523061,330019,15,19,246,24,35,0,13,0,96,641905,399,0,107,3,3,6,24,1,4,28,1,3,2,3
5339.92,1662564754735,5.019410815,1,20.3,31.6,0.0,47.7,0.0,0.0,0.3,116,1,67,0,2,492288,117240,338544,688524,5918,100023,84,84,35,0,0,5,8,5,3,6,2,0,0,0,0,0,499843,0,4,0,13,2883,191895,5159,1,1,22947,17972,1753,1911,223,18,249,0,11,108,108,109,262,100,1740402,211,4,130,7,347649,347612,129,18,4,4,7,497967,333737,6,10,237,35,25,0,4,0,104,634071,309,0,77,3,5,4,4,1,4,8,1,3,2,3
5344.94,1662564761569,5.016096427,1,3.6,31.5,0.0,64.9,0.0,0.0,0.0,116,1,67,0,2,492028,117508,338536,688260,5850,99553,84,84,35,0,0,7,11,7,4,2,2,0,0,0,0,4,549669,0,5,0,15,2873,240225,5249,2,1,22607,17677,881,1393,51,72,78,0,13,106,106,108,3,12,2045560,207,0,130,5,347724,347673,127,17,0,0,4,547552,334741,6,6,220,21,12,0,0,0,102,716440,290,0,72,3,5,4,4,1,6,10,1,3,2,3
5349.96,1662564768318,5.015984877,1,2.8,26.3,0.0,69.6,0.0,0.0,1.4,116,1,67,0,2,492708,116828,338536,688940,5390,98304,56,56,35,0,0,5,10,5,5,0,2,0,0,0,0,6,489048,0,3,0,17,2894,188992,5249,2,1,22997,18006,5871,6378,1262,425,1284,126,15,100,100,102,2469,931,1789282,197,11,129,44,342795,342737,126,18,11,13,25,487026,325591,14,18,218,24,23,0,13,0,99,563824,362,0,89,3,3,6,28,1,4,32,1,3,2,3
5354.98,1662564775210,5.015410361,1,6.7,35.7,0.0,57.6,0.0,0.0,0.0,116,1,67,0,2,490708,118816,338548,686944,8185,102253,84,84,35,0,0,7,10,7,3,2,2,0,0,0,0,25,522606,0,15,1,13,3423,219073,5863,2,1,24190,18781,11664,11562,2585,1288,2369,882,11,122,122,121,5325,1981,1910361,239,20,130,20,350002,349941,142,18,20,23,40,520622,328186,17,30,266,45,46,5,25,1,108,631563,361,0,81,3,5,4,44,1,6,50,1,3,2,3
5360,1662564782100,5.016646560,1,2.3,40.5,0.0,56.9,0.0,0.0,0.3,116,1,67,0,2,492100,117420,338552,688340,5494,99347,56,56,35,0,0,5,10,5,5,0,2,0,0,0,0,4,547500,0,3,1,18,502,242379,5415,2,1,22531,17618,878,1359,51,9,77,0,15,102,102,103,4,8,2042856,201,0,130,5,343199,343153,124,17,0,0,3,545426,330257,6,6,216,21,14,0,0,0,100,722786,297,0,79,3,3,6,3,1,4,7,1,3,2,3
5365.02,1662564788934,5.016485010,1,2.8,35.1,0.0,62.0,0.0,0.0,0.0,116,1,67,0,2,491452,118068,338552,687696,5596,98885,294,294,35,0,0,5,8,5,3,0,2,0,0,0,0,20,509776,0,5,0,12,2889,213627,5641,2,1,23515,18512,7383,7856,1422,367,1428,126,10,110,110,109,3196,1058,1868853,207,13,128,44,341710,341650,129,15,13,16,30,507537,322103,15,20,226,24,25,0,16,0,103,626516,350,0,84,3,5,4,30,1,4,34,1,3,2,3
5370.04,1662564795784,5.016274917,1,3.5,32.5,0.0,62.7,0.0,0.0,1.3,116,1,67,0,2,492084,117428,338560,688336,5716,98980,84,84,35,0,0,7,10,7,3,2,2,0,0,0,0,10,494976,0,3,1,15,1560,196965,5050,2,1,23297,18268,6260,6109,1285,297,1296,189,11,106,106,105,2457,919,1762907,209,11,129,46,340350,340290,131,17,11,10,26,492667,322627,14,18,233,38,30,0,13,0,101,605862,319,0,82,3,5,4,30,1,6,36,1,3,2,3
5375.06,1662564802594,5.017207055,1,3.6,31.8,0.0,64.3,0.0,0.0,0.3,116,2,67,0,2,492368,117144,338560,688620,5494,98304,56,56,35,0,0,5,10,5,5,0,2,0,0,0,0,0,497636,0,3,0,17,2883,191100,4962,1,1,22511,17596,864,1347,50,9,77,0,15,102,102,103,3,5,1813085,201,1,130,5,345044,344998,124,17,0,0,3,495512,332157,6,6,215,21,13,0,0,0,99,610504,309,0,79,3,3,6,2,1,4,6,1,3,2,3
5380.08,1662564809412,5.017217430,1,1.3,32.0,0.0,66.3,0.0,0.0,0.3,116,1,67,0,2,492840,116672,338560,689092,5802,98679,294,294,35,0,0,5,8,5,3,0,2,0,0,0,0,7,528520,0,4,0,14,2856,228793,5502,1,1,23449,18455,7377,7894,1428,304,1453,252,11,106,106,110,3193,1053,1956387,199,13,128,44,343651,343585,123,18,13,16,30,526232,324108,15,20,219,26,25,0,16,0,104,634068,366,0,85,3,5,4,28,1,4,32,1,3,2,3
5385.1,1662564816241,5.018240974,1,1.9,32.6,0.0,65.5,0.0,0.0,0.0,116,1,67,0,2,492100,117408,338564,688356,5710,98691,56,56,35,0,0,7,11,7,3,10,2,0,0,0,0,8,502118,0,4,0,13,635,201087,5481,2,1,23710,18488,6867,7355,1435,312,1454,189,34,106,106,106,2710,1019,1803968,209,15,130,46,344603,344545,140,18,15,17,29,500152,325826,14,22,319,39,117,0,17,0,102,610830,370,0,91,3,5,4,31,1,6,37,1,3,2,3
5390.12,1662564823034,5.016755945,1,4.5,24.7,0.0,69.5,0.0,0.0,1.3,115,2,65,0,2,492252,117264,338556,688500,5442,99347,84,84,35,0,0,5,10,5,5,0,2,0,0,0,0,3,492783,0,4,0,20,1791,192473,5009,2,1,22658,17730,1048,1557,64,9,94,63,15,103,103,104,5,8,1744504,201,0,130,5,338727,338679,124,18,0,0,4,490756,325610,6,6,216,28,13,0,0,0,100,617111,306,0,80,3,3,6,4,1,4,8,1,3,2,3
5395.13,1662564829774,5.013082872,1,3.1,39.3,0.0,57.6,0.0,0.0,0.0,116,1,67,0,2,492384,117124,338564,688640,14816,220463,378,378,35,0,0,0,0,0,0,1,0,0,0,0,0,15,546441,0,14,0,5,1057,234896,5756,0,0,23827,18949,10740,10359,2417,651,2276,441,5,121,121,117,4709,1917,2039672,239,17,130,48,358650,358616,137,12,17,28,38,545546,337602,18,26,267,43,46,5,21,1,108,672716,353,0,65,1,0,0,40,0,0,40,1,0,0,1
5400.15,1662564842610,5.016081709,1,5.8,36.9,0.0,56.9,0.0,0.0,0.3,116,1,67,0,2,491896,117608,338568,688152,5592,99658,56,56,35,0,0,5,7,5,2,0,1,0,0,0,0,2,547813,0,4,1,10,518,239968,5130,0,1,22562,17643,863,1016,51,9,80,0,9,103,103,104,4,5,2043591,203,0,130,5,345615,345567,122,16,0,0,3,545725,332686,6,6,212,18,11,0,0,0,98,713211,285,0,69,1,0,0,2,0,0,2,1,0,0,1
5405.17,1662564849470,5.017290824,1,2.6,32.3,0.0,64.9,0.0,0.0,0.3,116,1,67,0,2,493140,116360,338572,689404,5912,98991,294,294,35,0,0,5,7,5,2,0,1,0,0,0,0,5,481407,0,4,1,10,720,187390,5488,0,1,23563,18548,7386,7535,1426,304,1451,0,9,111,111,111,3193,1055,1767120,209,13,129,44,338624,338560,130,16,13,16,30,479351,319059,15,20,229,24,27,0,16,0,106,570407,346,0,83,1,0,0,28,0,0,28,1,0,0,1
5410.19,1662564856291,5.015761785,1,6.3,37.5,0.0,56.2,0.0,0.0,0.0,116,1,67,0,2,492888,116612,338572,689152,5664,97676,56,56,35,0,0,5,7,5,2,0,1,0,0,0,0,8,490554,0,3,0,10,561,188520,5321,0,1,23228,18224,6243,6362,1293,550,1309,189,9,106,106,106,2473,929,1791844,209,12,129,46,344190,344134,126,15,11,10,25,488537,326558,14,18,234,38,30,0,13,0,103,589243,326,0,71,1,4,4,28,1,4,32,1,1,0,2
5415.21,1662564863112,5.017473134,1,4.1,34.0,0.0,61.9,0.0,0.0,0.0,116,1,67,0,2,491880,117628,338564,688136,5494,99347,84,84,35,0,0,7,9,7,2,0,1,0,0,0,0,0,491118,0,4,0,10,2867,190921,4930,0,1,22645,17719,1042,1520,64,9,90,0,9,103,103,104,5,5,1803810,201,0,130,5,338108,338064,122,15,0,0,4,489043,324962,6,6,214,28,13,0,0,0,99,606469,297,0,66,1,0,0,4,0,2,6,1,0,0,1
5420.23,1662564869893,5.015765763,1,1.0,36.2,0.0,62.9,0.0,0.0,0.0,116,1,67,0,2,492936,116560,338576,689204,5803,98963,294,294,35,0,0,5,7,5,2,0,1,0,0,0,0,10,529423,0,4,0,10,586,223140,5428,0,1,23521,18520,7387,7541,1424,304,1455,189,9,110,110,110,3191,1038,1958491,209,13,129,44,350772,350707,130,16,13,16,30,527849,331219,15,20,230,24,27,0,16,0,105,645480,337,0,77,1,0,0,27,0,0,27,1,0,0,1
5425.25,1662564876691,5.016012176,1,4.1,33.7,0.0,62.2,0.0,0.0,0.0,116,1,67,0,2,492368,117120,338584,688640,5768,98980,56,56,35,0,0,5,7,5,2,4,1,0,0,0,0,18,525039,0,3,1,11,1624,227398,5896,0,1,23689,18453,6907,7381,1433,125,1462,126,129,105,105,106,2711,1019,1948082,207,15,132,46,342534,342470,197,16,15,17,29,523059,323697,15,23,371,39,136,0,17,0,103,616881,490,0,133,1,0,0,25,0,0,25,1,0,0,1
5430.27,1662564883564,5.016684055,1,4.4,32.7,0.0,61.8,0.0,0.0,1.1,116,1,67,0,2,492336,117148,338588,688612,8009,101834,84,84,35,0,0,5,7,5,2,1,1,0,0,0,0,20,500944,0,16,1,9,3867,202357,5540,0,1,24064,18676,10215,10733,2140,592,2164,504,8,118,118,116,4607,1634,1816264,231,17,131,7,344071,343985,134,14,17,22,34,498882,323579,16,28,248,35,30,5,22,1,104,601451,346,0,75,1,0,0,40,0,0,40,1,0,0,1
5435.29,1662564890987,5.017725984,1,2.9,28.2,0.0,69.0,0.0,0.0,0.0,116,1,67,0,2,492300,117192,338580,688568,5706,99878,294,294,35,0,0,5,9,5,4,0,2,0,0,0,0,15,533341,0,4,0,16,2873,229710,5421,0,1,23415,18455,4494,4639,622,95,633,0,13,110,110,111,1619,381,1978846,207,6,130,5,346211,346158,131,16,6,8,17,531538,329084,11,13,222,22,17,0,8,0,107,674968,334,0,82,1,2,6,11,1,4,15,1,1,0,2
5440.31,1662564897815,5.015570544,1,2.8,33.9,0.0,63.0,0.0,0.0,0.3,116,1,67,0,2,492044,117444,338584,688316,5814,99030,84,84,35,0,0,7,9,7,2,0,1,0,0,0,0,8,494617,0,4,0,11,557,199158,5399,0,1,23127,18120,5977,6133,1261,172,1288,0,9,105,105,107,2471,930,1784755,207,11,129,45,337509,337451,125,16,11,13,26,492543,320137,14,18,228,28,25,0,13,0,102,604422,329,0,80,1,0,0,28,0,2,30,1,0,0,1
5445.33,1662564904613,5.016166069,1,21.1,34.1,0.0,44.5,0.0,0.0,0.3,116,1,67,0,2,491768,117708,338596,688052,5574,98512,56,56,35,0,0,5,7,5,2,0,1,0,0,0,0,2,549697,0,3,0,10,1040,237857,5041,0,1,22689,17754,1042,1575,64,9,90,0,9,104,104,104,3,5,2036170,205,0,130,5,349527,349481,124,16,0,0,3,547478,336277,6,6,219,28,14,0,0,0,100,716474,291,0,69,1,0,0,3,0,0,3,1,0,0,1
5450.35,1662564911476,5.016707689,1,7.6,29.7,0.0,62.4,0.0,0.0,0.3,116,2,66,0,2,492240,117220,338612,688528,11321,103869,9193,9193,35,0,0,5,7,5,2,0,1,0,0,0,0,4,483314,0,10,0,10,2889,188320,5437,0,1,23604,18630,5186,5696,823,36,840,0,9,157,158,153,1997,561,1753367,247,7,130,7,337911,337849,149,16,7,9,19,481039,320063,12,14,263,26,39,11,9,2,143,596860,365,0,75,1,0,0,11,0,0,11,1,0,0,1
5455.37,1662564918308,5.017025351,1,5.8,32.6,0.0,61.7,0.0,0.0,0.0,115,1,67,0,2,491768,117712,338592,688048,5937,98606,56,56,35,0,0,5,7,5,2,0,1,0,0,0,0,9,535872,0,3,1,10,561,234398,5502,0,1,23000,18019,5858,5775,1253,235,1294,189,9,101,101,104,2468,943,1994572,199,11,129,44,343275,343216,125,16,11,11,25,533812,326141,14,18,216,26,21,0,13,0,98,669358,346,0,81,1,0,0,27,0,0,27,1,0,0,1
5460.39,1662564925155,5.017067444,1,1.4,42.1,0.0,56.5,0.0,0.0,0.0,115,1,67,0,2,491856,117616,338600,688144,5436,97311,84,84,35,0,0,5,9,5,4,0,2,0,0,0,0,4,508813,0,5,0,15,2855,201915,5251,0,1,22535,17620,2286,2211,472,83,289,0,12,102,102,104,744,364,1809462,199,4,129,16,344520,344468,121,15,3,3,10,506625,330220,7,7,222,30,23,0,4,0,99,643548,314,0,81,1,2,6,4,1,4,8,1,1,0,2
5465.41,1662564932412,5.017539794,1,2.2,30.3,0.0,67.2,0.0,0.0,0.4,115,1,67,0,2,492648,116828,338596,688932,15094,225675,378,378,35,0,0,7,11,7,3,2,2,0,0,0,0,10,526240,0,3,0,13,3375,222503,5472,2,1,24031,18463,6966,7587,1158,496,1315,315,10,110,110,111,3023,751,1920702,209,13,130,5,348510,348449,130,16,13,9,23,524132,329345,13,20,224,22,19,0,17,0,107,653586,335,0,82,1,1,0,20,0,2,22,1,2,2,2
5470.43,1662564945679,5.016629663,1,1.4,31.2,0.0,67.5,0.0,0.0,0.0,115,1,67,0,2,491536,117936,338600,687824,5546,99460,84,84,35,0,0,5,7,5,2,0,1,0,0,0,0,4,549199,0,4,1,10,1474,244168,5386,0,1,22822,17839,3959,3948,890,285,900,126,9,103,103,104,1592,681,2069001,201,7,129,44,345972,345918,122,16,7,4,17,546999,330268,10,13,219,28,21,0,8,0,99,695117,307,0,68,1,0,0,23,0,0,23,1,0,0,1
5475.45,1662564952531,5.016150510,1,1.3,33.8,0.0,64.6,0.0,0.0,0.3,115,1,67,0,2,491756,117724,338592,688036,6004,99928,266,266,35,0,0,5,7,5,2,0,1,0,0,0,0,5,548956,0,4,0,10,2873,236339,5415,0,1,23382,18431,4465,4924,615,94,629,63,9,110,110,113,1613,377,2028312,209,6,130,5,354121,354065,126,16,6,8,16,546901,337090,11,13,225,24,18,0,8,0,107,685210,329,0,70,1,0,0,10,0,0,10,1,0,0,1
5480.47,1662564959320,5.016564057,1,4.9,32.0,0.0,62.8,0.0,0.0,0.3,115,1,67,0,2,491916,117556,338600,688204,6686,98304,84,84,35,0,0,5,9,5,4,0,2,0,0,0,0,9,529836,0,7,0,16,2249,224636,5575,0,1,23088,18082,5875,6381,1267,424,1294,63,13,103,103,108,2471,939,1957386,201,11,129,44,346948,346891,127,18,11,13,26,527826,329783,14,18,230,25,30,0,13,0,99,653551,360,0,90,1,2,6,26,1,4,30,1,1,0,2
5485.49,1662564966136,5.017113332,1,2.0,30.2,0.0,66.8,0.0,0.0,1.0,115,1,67,0,2,491400,118072,338600,687688,5534,97261,56,56,35,0,0,5,7,5,2,0,1,0,0,0,0,15,489569,0,4,0,12,1084,192597,5303,0,1,22835,17850,3948,4113,879,347,916,126,9,102,102,104,1601,695,1724542,199,7,129,44,337594,337542,125,16,7,8,16,487654,321972,10,13,222,30,23,0,8,0,99,599660,326,0,75,1,0,0,22,0,0,22,1,0,0,1
5490.51,1662564972910,5.016427879,1,5.2,35.4,0.0,58.6,0.0,0.0,0.9,115,1,67,0,2,492620,116856,338596,688904,6076,100277,294,294,35,0,0,5,8,5,3,2,2,0,0,0,0,10,492289,0,4,0,11,2892,190845,5390,3,1,23645,18642,4739,4898,626,93,649,63,10,115,115,116,1620,380,1731568,215,7,130,6,343923,343871,129,16,6,8,16,490212,326393,11,13,232,32,22,0,8,0,111,606065,325,0,76,1,1,0,10,0,0,10,1,2,2,2
5495.52,1662564979701,5.014781131,1,3.8,30.6,0.0,65.0,0.0,0.0,0.6,115,2,66,0,2,491668,117796,338608,687964,5695,97572,84,84,35,0,0,7,9,7,2,0,1,0,0,0,0,11,485701,0,5,0,11,2749,191194,5216,0,1,22967,17976,5743,5939,1245,171,1263,126,9,103,103,102,2479,914,1778371,201,11,128,44,339752,339696,122,15,11,13,26,483772,322630,14,18,222,21,21,0,13,0,97,586838,310,0,77,1,0,0,24,0,2,26,1,0,0,1
5500.53,1662564986521,5.014975461,1,2.2,35.7,0.0,62.1,0.0,0.0,0.0,115,1,67,0,2,491904,117556,338612,688204,5694,97261,56,56,35,0,0,5,7,5,2,0,1,0,0,0,0,3,507351,0,3,1,10,2920,201756,5270,0,1,22779,17800,3953,4510,883,284,908,63,8,101,101,104,1600,684,1862950,199,7,128,44,346790,346741,123,14,7,8,16,505487,331176,10,13,220,32,23,0,8,0,99,627124,317,0,77,1,0,0,22,0,0,22,1,0,0,1
5505.55,1662564993347,5.016479935,1,2.3,33.3,0.0,64.4,0.0,0.0,0.0,115,1,67,0,2,492148,117320,338604,688440,8248,102859,294,294,35,0,0,5,14,5,9,1,2,0,0,0,0,19,531704,0,15,0,31,3867,228170,5882,0,1,24940,19527,14006,14438,2712,725,2754,630,23,129,129,126,6201,2022,1992889,245,23,130,9,353290,353211,150,18,23,30,47,529654,328645,21,35,268,42,42,5,30,1,116,633447,398,0,99,1,1,6,49,0,0,49,1,1,0,2
5510.57,1662565000169,5.016963586,1,2.8,36.8,0.0,60.4,0.0,0.0,0.0,115,1,67,0,2,491400,118068,338604,687696,5390,98226,56,56,35,0,0,5,7,5,2,0,1,0,0,0,0,7,541302,0,3,0,11,635,240324,5496,0,1,23054,18041,4650,5405,870,225,1096,63,93,103,103,104,1755,618,2026877,203,8,131,33,342241,342192,167,16,8,11,19,539673,326325,14,18,255,22,25,0,10,0,101,687575,425,0,105,1,0,0,26,1,4,30,1,0,0,1
5515.59,1662565007013,5.018109574,1,2.8,33.5,0.0,63.6,0.0,0.0,0.0,115,1,67,0,2,492104,117372,338596,688392,5689,98432,84,84,35,0,0,5,7,5,2,2,1,0,0,0,0,7,502482,0,5,0,12,1458,215235,5306,0,1,22813,17819,3977,4267,882,283,916,63,9,104,104,107,1597,688,1863328,203,7,128,44,327485,327432,123,15,7,11,16,500311,311823,10,13,225,30,23,0,8,0,100,631915,322,0,75,1,0,0,24,0,0,24,1,1,1,2
5520.62,1662565013849,5.027217056,1,8.2,32.7,0.0,58.5,0.0,0.0,0.6,116,3,68,0,1,492612,116864,338596,688904,5976,100476,189,189,35,0,0,7,9,7,2,0,1,0,0,0,0,9,503248,0,3,2,11,974,198157,5196,0,1,23249,18245,4140,4323,648,30,669,0,9,110,110,111,1519,384,1784456,213,6,130,7,345409,345353,132,15,6,8,15,500866,329905,11,13,230,36,22,0,7,0,107,627602,318,0,70,1,0,0,12,0,2,14,1,0,0,1
5525.64,1662565021108,5.016277368,1,5.6,38.4,0.0,55.4,0.0,0.0,0.7,115,1,67,0,2,491668,117804,338600,687960,5746,99347,84,84,35,0,0,5,7,5,2,0,1,0,0,0,0,3,522378,0,4,0,11,2886,216249,5017,0,1,22786,17865,2936,3428,440,87,481,0,9,103,103,106,874,271,1897732,201,4,130,5,345676,345631,122,16,4,5,13,520383,330980,10,11,214,24,11,0,5,0,100,662400,312,0,75,1,0,0,8,0,0,8,1,0,0,1
5530.66,1662565027917,5.016665498,1,4.9,39.6,0.0,55.2,0.0,0.0,0.3,115,1,67,0,2,491904,117560,338608,688204,5545,98304,84,84,35,0,0,5,7,5,2,0,1,0,0,0,0,2,540460,0,3,1,11,510,241155,5434,0,1,22719,17737,3762,4268,866,157,885,126,9,100,100,101,1601,680,2029967,197,7,129,44,339468,339420,120,16,7,8,17,538464,324073,10,13,215,23,20,0,8,0,98,701468,319,0,76,1,0,0,23,0,0,23,1,0,0,1
5535.7,1662565034777,5.039275362,1,22.6,35.5,0.0,41.9,0.0,0.0,0.0,115,1,67,0,2,492424,117028,338620,688728,5964,100073,84,84,35,0,0,5,9,5,4,0,2,0,0,0,0,4,529759,0,6,0,17,1483,216973,5106,0,1,22867,17912,1303,1782,81,10,112,0,13,107,107,109,25,12,1914764,211,0,134,7,350037,349993,133,17,0,0,3,527211,336547,6,6,231,36,19,0,0,0,104,667619,323,0,82,1,2,6,4,1,4,8,1,1,0,2
5540.72,1662565041630,5.016370310,1,2.2,35.7,0.0,62.1,0.0,0.0,0.0,115,1,67,0,2,493228,116216,338628,689544,7659,101835,84,84,35,0,0,5,7,5,2,0,1,0,0,0,0,18,481214,0,15,1,10,3847,189227,5861,0,1,24229,18848,12105,12580,2480,589,2502,630,8,118,118,114,5435,1857,1750692,231,21,130,7,339162,339085,135,14,21,27,43,479060,317234,20,33,245,28,28,5,27,1,104,586140,365,0,74,1,0,0,44,0,0,44,1,1,1,2
5545.74,1662565048428,5.016897188,1,5.2,39.9,0.0,54.9,0.0,0.0,0.0,115,1,67,0,2,492668,116768,338636,688992,5442,99347,56,56,35,0,0,7,9,7,2,0,1,0,0,0,0,3,528831,0,3,1,11,516,222047,5131,0,1,22684,17712,3766,3928,864,283,888,189,9,101,101,102,1595,689,1956580,199,7,129,44,346562,346506,121,15,7,8,16,526822,331189,10,13,217,23,20,0,8,0,99,659858,324,0,79,1,0,0,20,0,2,22,1,0,0,1
5550.92,1662565055277,5.184864696,1,3.7,35.7,0.0,60.0,0.0,0.0,0.6,115,1,67,0,2,492140,117288,338644,688468,7026,105871,1114,1114,35,0,0,5,7,5,2,0,1,0,0,0,0,3,556530,0,16,1,11,2966,245752,5565,0,1,23609,18472,2557,2458,550,82,286,63,9,135,135,136,807,413,2074482,229,3,134,18,352434,352387,140,16,3,2,11,554529,337290,8,8,257,41,35,22,3,4,118,713483,354,0,69,1,0,0,5,0,0,5,1,0,0,1
5555.94,1662565062431,5.016641426,1,5.1,36.8,0.0,57.1,0.0,0.0,1.0,115,1,67,0,2,492880,116548,338644,689204,5488,99397,56,56,35,0,0,5,7,5,2,0,1,0,0,0,0,2,479475,0,4,0,11,2892,189498,5098,0,1,22782,17870,2938,3433,438,23,455,0,8,103,103,104,873,256,1693520,203,4,130,5,334814,334766,121,14,4,5,12,477526,320159,10,11,219,22,14,0,5,0,100,596583,299,0,75,1,0,0,8,0,0,8,1,0,0,1
5560.96,1662565069256,5.018101005,1,3.3,30.8,0.0,65.6,0.0,0.0,0.3,115,1,67,0,2,492032,117396,338644,688360,5446,95706,294,294,35,0,0,5,14,5,9,6,2,0,0,0,0,12,481796,0,4,0,33,1972,187774,5241,0,1,22561,17713,5787,5951,1185,298,1209,63,23,106,106,107,2568,895,1758624,199,13,125,44,335835,335777,123,18,13,15,25,479716,318003,11,19,226,23,30,0,15,0,103,579726,334,0,104,1,1,6,22,0,0,22,1,1,0,2
5565.98,1662565076086,5.017742163,1,2.7,30.2,0.0,67.1,0.0,0.0,0.0,115,1,67,0,2,492288,117132,338652,688624,5664,97676,56,56,35,0,0,5,7,5,2,0,1,0,0,0,0,10,493434,0,3,1,14,2333,195813,5366,0,1,22932,17930,4153,4710,902,157,934,0,9,105,105,106,1602,697,1740711,207,7,129,46,338500,338452,129,16,7,8,16,491359,322648,10,13,232,37,29,0,8,0,102,600484,340,0,79,1,0,0,20,1,4,24,1,1,1,2
5571,1662565082938,5.017571287,1,2.9,31.7,0.0,65.4,0.0,0.0,0.0,115,1,67,0,2,492284,117144,338644,688612,5907,98538,84,84,35,0,0,5,7,5,2,0,1,0,0,0,0,4,495543,0,4,1,11,856,190490,5457,0,1,23004,18045,3131,3278,458,87,473,0,9,106,106,107,874,256,1813908,207,5,130,5,344872,344830,125,15,4,5,12,493616,329986,10,11,223,29,17,0,5,0,103,618647,316,0,77,1,0,0,9,0,0,9,1,0,0,1
5576.02,1662565089763,5.015349855,1,4.1,30.9,0.0,65.0,0.0,0.0,0.0,114,2,66,0,2,492864,116548,338660,689208,5676,94139,294,294,35,0,0,7,9,7,2,0,1,0,0,0,0,17,550392,0,5,1,11,553,239052,5445,0,1,22376,17623,7306,7293,1422,430,1440,315,9,107,107,106,3192,1045,2045090,201,13,124,44,353552,353492,121,15,13,13,30,548225,334677,15,20,220,23,26,0,16,0,102,665456,325,0,67,1,0,0,29,0,2,31,1,0,0,1
5581.03,1662565096537,5.013705405,1,4.3,26.4,0.0,68.6,0.0,0.0,0.7,116,1,67,0,2,492416,117016,338640,688744,13947,210204,140,140,35,0,0,0,0,0,0,1,0,0,0,0,0,20,542749,0,14,0,5,3419,228960,5681,0,0,23664,18877,9690,9300,1980,450,1877,315,5,117,117,114,4061,1495,1986558,231,14,131,7,359938,359905,133,11,14,25,35,541371,339747,18,26,249,28,31,5,18,1,105,667337,333,0,70,1,0,0,32,0,0,32,1,0,0,1
5586.05,1662565108956,5.016120912,1,4.3,33.1,0.0,62.3,0.0,0.0,0.3,117,2,67,0,2,491812,117620,338640,688140,5809,98913,294,294,35,0,0,5,14,5,9,0,2,0,0,0,0,9,534276,0,4,1,21,2881,229261,5396,0,1,23328,18306,5308,5763,1045,354,1065,126,16,111,111,111,2301,805,1968921,207,9,129,44,348513,348452,127,16,9,11,20,532245,330633,11,15,226,23,25,0,11,0,107,661519,340,0,85,1,0,6,23,0,0,23,1,2,1,2
5591.07,1662565115756,5.016350085,1,2.5,38.3,0.0,58.9,0.0,0.0,0.3,115,1,65,0,2,494300,115124,338648,690640,5814,99995,84,84,35,0,0,5,8,9,3,34,2,0,0,0,0,8,523131,0,6,3,14,2878,230975,5581,12,1,23114,17931,4630,5817,1009,226,1579,441,11,103,103,105,1832,762,1959231,200,10,128,45,338516,338463,128,18,10,13,25,521087,321743,14,25,276,34,101,1,11,1,100,654339,338,0,85,1,1,0,38,4,8,46,1,0,0,1
5596.09,1662565122589,5.015832285,1,1.6,35.2,0.0,62.9,0.0,0.0,0.3,115,1,65,0,2,494212,115212,338648,690552,5390,97261,56,56,35,0,0,7,10,7,3,2,2,0,0,0,0,6,502034,0,3,0,14,1434,205850,5204,2,1,22804,17885,2949,3098,440,86,461,63,11,102,102,103,871,250,1802281,201,4,129,5,336268,336222,124,17,4,5,12,499944,321616,10,11,214,22,14,0,5,0,99,644022,305,0,79,1,1,0,10,0,2,12,1,1,1,2
5601.11,1662565129424,5.016848585,1,6.8,35.8,0.0,57.4,0.0,0.0,0.0,115,1,65,0,2,494112,115316,338644,690448,5952,97792,294,294,35,0,0,5,7,5,2,6,1,0,0,0,0,15,528113,0,4,0,11,3013,228617,5469,0,1,23493,18307,5972,6130,1191,245,1222,189,116,108,108,112,2566,892,1954129,203,13,130,44,343754,343692,180,15,13,16,25,526020,324734,14,22,362,26,143,0,17,0,104,629044,479,0,123,1,0,0,23,0,0,23,1,0,0,1
5606.13,1662565136234,5.016622397,1,1.2,37.0,0.0,61.7,0.0,0.0,0.0,115,1,65,0,2,494828,114584,338660,691176,5612,97676,56,56,35,0,0,5,7,5,2,0,1,0,0,0,0,6,473007,0,3,1,10,2911,178059,5231,0,1,22850,17865,4147,4640,894,283,930,126,8,105,105,105,1602,689,1700852,207,7,128,46,337646,337598,127,13,7,8,16,471521,321800,10,13,232,37,29,0,8,0,102,568988,325,0,74,1,0,0,22,0,0,22,1,0,0,1
5611.15,1662565143068,5.016349490,1,3.2,35.1,0.0,61.7,0.0,0.0,0.0,115,1,65,0,2,494992,114420,338660,691336,5695,100518,84,84,35,0,0,5,7,5,2,0,1,0,0,0,0,1,493517,0,5,1,9,2924,191814,5165,0,1,23062,18104,3135,3639,447,87,474,0,9,105,105,106,878,266,1748973,205,4,131,5,341551,341500,128,16,4,6,12,491443,326459,10,11,223,29,16,0,5,0,101,598090,323,0,75,1,0,0,10,0,0,10,1,1,1,2
5616.17,1662565149915,5.015217789,1,4.3,30.3,0.0,65.4,0.0,0.0,0.0,115,1,65,0,2,493828,115584,338660,690176,7899,99707,294,294,35,0,0,6,17,5,11,1,2,0,0,0,0,27,520405,0,14,0,32,3800,222748,5811,0,1,24279,18893,14451,14632,3113,677,3127,567,27,123,123,119,6900,2444,1919851,235,26,127,46,349809,349736,141,18,26,33,51,518492,325039,21,37,256,29,42,5,33,1,110,619465,409,0,103,1,3,14,59,1,4,63,1,2,0,2
5621.19,1662565156780,5.023005125,1,2.4,36.7,0.0,60.9,0.0,0.0,0.0,115,1,65,0,2,494112,115284,338676,690468,5664,97937,56,56,35,0,0,7,11,7,4,1,2,0,0,0,0,7,505494,0,3,0,19,2334,202812,4953,2,1,22877,17887,4166,4330,893,95,921,126,13,105,105,102,1602,686,1800585,207,7,129,46,343601,343547,127,18,7,8,16,503440,327699,10,13,232,37,29,0,8,0,99,628389,316,0,85,1,1,0,25,0,2,27,1,1,1,2
5626.21,1662565163622,5.016788260,1,1.6,33.9,0.0,64.1,0.0,0.0,0.3,115,1,65,0,2,494016,115340,338716,690396,5746,99347,84,84,35,0,0,5,7,5,2,0,1,0,0,0,0,5,554273,0,4,0,11,540,241333,5468,0,1,22979,18034,3121,3272,449,86,482,0,9,103,103,106,878,250,2057114,201,4,130,5,352256,352204,126,16,4,5,13,552281,337362,10,11,217,31,14,0,5,0,100,704813,325,0,78,1,0,0,10,0,0,10,1,0,0,1
5631.23,1662565171070,5.017320346,1,3.9,29.0,0.0,66.8,0.0,0.0,0.3,115,1,65,0,2,494120,115240,338712,690496,5776,98987,294,294,35,0,0,5,7,5,2,0,1,0,0,0,0,7,485891,0,7,1,14,2883,189890,5191,0,1,23312,18373,4471,4611,611,93,633,63,9,112,112,113,1604,382,1720808,211,6,129,5,337919,337867,127,15,6,8,16,483752,320953,11,13,226,22,15,0,8,0,106,590057,331,0,77,1,0,0,8,0,0,8,1,0,0,1
5636.25,1662565177838,5.017156501,1,3.7,34.0,0.0,62.0,0.0,0.0,0.3,115,1,65,0,2,494400,114956,338716,690776,5664,97937,84,84,35,0,0,5,7,5,2,0,1,0,0,0,0,7,491098,0,4,1,12,2896,190201,5169,0,1,22863,17855,3906,4090,863,220,889,126,8,106,106,104,1595,680,1757149,205,7,129,45,340965,340908,126,14,7,8,17,488720,325414,10,13,227,27,24,0,8,0,100,596352,327,0,77,1,0,0,22,0,1,23,1,1,1,2
5641.27,1662565184678,5.017375256,1,19.0,34.3,0.0,46.0,0.0,0.0,0.6,115,1,65,0,2,494220,115128,338724,690608,5518,98406,56,56,35,0,0,5,7,5,2,0,1,0,0,0,0,3,555907,0,5,0,11,2855,243591,5350,0,1,22965,18021,3128,3284,459,86,473,0,9,103,103,104,876,257,2070889,203,4,130,5,352395,352335,127,16,4,5,12,553634,337399,10,11,219,29,14,0,5,0,100,723161,318,0,67,1,0,0,10,1,4,14,1,0,0,1
5646.29,1662565191538,5.016984798,1,3.9,33.9,0.0,62.2,0.0,0.0,0.0,115,1,65,0,2,493976,115372,338724,690364,5964,98991,294,294,35,0,0,7,10,7,3,8,2,0,0,0,0,8,527286,0,4,0,16,3082,222000,5448,3,1,23841,18661,5180,5664,760,171,783,126,148,112,112,113,1856,461,1933931,211,11,133,5,349170,349114,210,18,10,12,21,525101,330694,14,20,392,23,154,0,13,0,108,645328,516,0,146,1,1,0,13,0,3,16,1,1,1,2
5651.31,1662565198375,5.016347988,1,4.0,31.4,0.0,63.5,0.0,0.0,1.0,114,1,64,0,2,493572,115784,338716,689952,5931,97613,56,56,35,0,0,5,7,5,2,0,1,0,0,0,0,5,525868,0,4,0,11,2889,222299,5354,0,1,22645,17694,3887,4386,876,346,902,126,9,105,105,108,1601,687,1930429,207,7,128,45,343930,343870,125,16,7,8,16,523501,328357,10,13,229,29,24,0,8,0,101,665862,321,0,75,1,0,0,21,0,0,21,1,0,0,1
5656.32,1662565205166,5.013692815,1,25.8,30.8,0.0,42.7,0.0,0.0,0.7,115,2,64,0,2,494880,114492,338700,691260,13185,197751,350,350,35,0,0,0,0,0,0,1,0,0,0,0,0,16,499909,0,14,0,4,3405,194449,5535,0,0,23974,19142,10718,10592,2223,464,2249,378,4,126,126,121,4779,1731,1838984,241,16,130,35,353706,353683,136,10,16,29,38,499863,332421,18,29,255,27,32,5,21,1,112,591144,348,0,64,1,0,0,45,0,0,44,1,1,1,2
5661.34,1662565216922,5.016752639,1,3.5,35.0,0.0,61.4,0.0,0.0,0.0,115,1,65,0,2,494140,115240,338692,690512,6556,102778,3972,3972,35,0,0,5,10,5,5,0,2,0,0,0,0,7,485976,0,4,0,20,584,194609,5428,0,1,23115,18083,4452,4712,959,99,1120,63,15,131,132,131,1776,726,1732246,225,8,130,46,333314,333260,137,17,8,9,19,484207,317078,11,14,250,39,41,7,9,2,124,582796,357,0,90,1,2,7,24,1,4,28,1,1,0,2
5666.36,1662565223783,5.017112070,1,6.5,33.5,0.0,59.4,0.0,0.0,0.6,116,2,66,0,1,493652,115720,338700,690032,5644,99658,84,84,35,0,0,5,7,5,2,0,1,0,0,0,0,7,523574,0,5,0,11,578,217600,5342,0,1,22997,18039,3053,3219,446,212,466,63,9,102,102,103,873,244,1910180,199,4,130,4,345690,345642,125,15,4,5,13,521534,330897,10,11,214,25,12,0,5,0,98,657880,304,0,71,1,0,0,8,0,0,8,1,0,0,1
5671.38,1662565231124,5.020951836,1,5.3,38.6,0.0,55.4,0.0,0.0,0.7,115,1,65,0,2,493620,115760,338692,689992,5654,99878,294,294,35,0,0,7,9,7,2,0,1,0,0,0,0,14,526084,0,4,0,11,2862,217660,5291,0,1,23015,18080,2383,2864,219,144,245,0,9,110,110,111,743,126,1941134,206,2,130,5,348788,348736,125,15,2,3,7,523970,333468,7,8,220,21,15,0,3,0,106,664653,315,0,73,1,0,0,5,0,2,7,1,0,0,1
5676.4,1662565237959,5.017602810,1,3.8,29.1,0.0,66.8,0.0,0.0,0.3,115,1,65,0,2,493844,115536,338692,690216,5820,98980,84,84,35,0,0,5,7,5,2,0,1,0,0,0,0,7,484249,0,3,0,11,2326,186110,5301,0,1,22805,17814,3877,4395,876,158,902,63,9,105,104,105,1596,684,1746380,205,7,128,45,338551,338492,124,16,7,8,17,481920,322922,9,12,226,27,24,0,8,0,102,581070,317,0,72,1,0,0,22,0,0,22,1,0,0,1
5681.43,1662565244815,5.026579562,1,19.0,37.9,0.0,42.4,0.0,0.0,0.6,114,1,65,0,2,494432,114948,338692,690804,5701,98643,56,56,35,0,0,5,7,5,2,0,1,0,0,0,0,1,498354,0,3,0,11,652,191192,5081,0,1,22971,18033,3122,3272,458,86,477,0,9,103,103,104,881,268,1740945,203,4,130,5,346845,346813,127,16,4,5,12,496396,331987,10,11,216,29,15,0,5,0,101,627861,309,0,74,1,0,0,11,0,0,11,1,0,0,1
5686.45,1662565251711,5.016568561,1,5.3,37.0,0.0,57.7,0.0,0.0,0.0,115,1,65,0,2,494180,115196,338696,690560,5700,97842,294,294,35,0,0,5,9,5,4,0,2,0,0,0,0,11,553978,0,5,0,17,2812,239044,5246,0,1,23017,18082,2372,2848,222,16,254,0,12,110,110,112,741,142,2065806,207,2,129,5,354387,354335,125,16,2,3,8,552027,339151,7,8,220,21,14,0,3,0,107,713533,319,0,80,1,2,6,4,1,4,8,1,1,0,2
5691.47,1662565258555,5.016071177,1,3.2,27.9,0.0,68.9,0.0,0.0,0.0,115,1,65,0,2,494692,114684,338696,691072,7816,100155,56,56,35,0,0,5,7,5,2,13,1,0,0,0,0,21,485441,0,16,0,11,3170,195018,5996,0,1,24186,18740,13916,14528,3240,880,3269,882,9,116,116,115,6644,2478,1783373,229,32,128,46,339654,339567,136,16,32,38,54,483272,316092,20,43,260,29,43,5,38,1,103,559287,391,0,90,1,0,0,56,0,0,56,1,0,0,1
5696.79,1662565265342,5.322858168,1,1.3,33.9,0.0,64.5,0.0,0.0,0.3,115,1,65,0,2,494692,114684,338696,691072,5916,105629,84,84,35,0,0,7,9,7,2,0,1,0,0,0,0,9,512021,0,7,0,12,840,202314,5474,0,1,24465,19193,5751,5691,1190,232,1016,63,9,108,108,111,2299,845,1827471,211,11,137,44,355087,355033,131,16,10,7,21,510224,337206,12,13,233,32,24,0,13,0,104,620501,361,0,83,1,0,0,27,0,2,29,1,0,0,1
5701.81,1662565272465,5.016329240,1,4.1,35.9,0.0,59.3,0.0,0.0,0.7,115,1,65,0,2,493660,115724,338688,690032,5862,100188,266,266,35,0,0,5,7,5,2,8,1,0,0,0,0,5,496409,0,5,1,10,1405,191410,5152,0,1,23191,18232,2868,3021,371,88,390,0,8,112,112,113,984,220,1729798,213,6,130,5,345403,345351,126,13,6,7,11,494462,329640,7,12,228,21,18,0,7,0,109,614325,317,0,77,1,0,0,4,0,1,5,1,0,0,1
5706.83,1662565279266,5.019643546,1,1.5,26.5,0.0,71.6,0.0,0.0,0.4,115,1,65,0,2,494164,115212,338696,690544,5700,99425,84,84,35,0,0,5,7,5,2,0,1,0,0,0,0,5,540760,0,4,0,11,545,232440,5259,0,1,22745,17758,3762,3930,864,94,890,126,9,103,103,104,1595,683,2000188,201,7,129,44,348173,348121,122,15,7,8,17,538796,332773,10,13,220,23,22,0,8,0,100,688466,314,0,77,1,0,0,19,0,0,19,1,0,0,1
5711.85,1662565286032,5.016035414,1,5.2,31.6,0.0,63.2,0.0,0.0,0.0,115,1,65,0,2,493952,115408,338712,690344,5384,97233,84,84,35,0,0,6,15,5,9,0,2,0,0,0,0,5,510945,0,4,1,33,1385,220345,5478,0,1,23041,18066,6034,6192,1276,171,1301,126,22,101,101,103,2460,930,1885553,199,11,129,44,334398,334340,125,15,11,13,26,508957,317111,14,18,222,31,24,0,13,0,99,636890,344,0,100,1,1,7,23,0,0,23,1,1,0,2
5716.87,1662565292865,5.015458661,1,2.9,33.2,0.0,63.8,0.0,0.0,0.0,115,1,65,0,2,494576,114792,338704,690960,5893,99209,266,266,35,0,0,8,12,7,4,5,2,0,0,0,0,10,531623,0,3,0,17,569,229384,5241,3,1,23310,18369,4031,3635,508,27,429,63,13,110,110,110,1403,328,1963493,209,5,130,6,344184,344139,132,17,5,4,11,530087,327575,9,10,224,31,19,0,7,0,107,667793,325,0,84,1,1,0,10,1,6,16,1,1,1,2
5721.89,1662565299685,5.019915248,1,3.4,29.8,0.0,66.8,0.0,0.0,0.0,115,1,65,0,2,493952,115408,338712,690344,5597,98382,84,84,35,0,0,5,7,5,2,0,1,0,0,0,0,8,542786,0,4,0,11,2849,238952,5226,0,1,22736,17750,3764,3932,864,284,889,189,9,104,104,104,1602,689,2028450,203,7,129,44,343795,343745,123,15,7,8,17,540684,328410,10,13,222,23,21,0,8,0,100,703360,318,0,72,1,0,0,22,0,1,23,1,0,0,1
5726.91,1662565306527,5.017555751,1,3.4,29.1,0.0,67.2,0.0,0.0,0.3,114,1,64,0,2,495212,114144,338716,691608,5849,97339,56,56,35,0,0,5,7,5,2,0,1,0,0,0,0,13,487135,0,3,1,13,2893,188117,5395,0,1,22902,17950,6041,6198,1274,235,1292,126,9,101,101,105,2466,941,1735231,199,11,128,44,341679,341621,121,16,11,13,25,485154,324422,14,18,221,33,25,0,13,0,99,596777,345,0,84,1,0,0,28,0,0,28,1,0,0,1
5731.92,1662565313279,5.013014928,1,3.8,31.0,0.0,65.2,0.0,0.0,0.0,115,1,65,0,2,494472,114896,338704,690860,13483,200043,350,350,35,0,0,0,0,0,0,5,0,0,0,0,0,15,511159,0,14,0,4,1784,195598,5673,0,0,23602,18615,11420,11442,2617,728,2528,315,135,117,117,115,5107,2049,1875098,231,23,130,47,361979,361942,204,10,22,33,43,510235,340603,19,33,403,34,151,5,25,1,106,607541,524,0,127,1,0,0,46,0,0,46,1,1,1,2
5736.97,1662565325174,5.048459145,1,5.6,34.0,0.0,59.6,0.0,0.0,0.7,115,1,65,0,2,493148,116216,338708,689544,5944,106648,84,84,35,0,0,5,7,5,2,0,1,0,0,0,0,7,560669,0,4,0,11,2876,251274,5398,0,1,23171,18171,4367,4586,843,159,667,126,9,104,104,105,1609,606,2115566,203,7,131,16,353425,353377,123,16,7,7,18,558689,337170,11,12,226,31,24,0,8,0,100,714032,320,0,75,1,0,0,10,0,0,10,1,0,0,1
5741.99,1662565332444,5.016574972,1,4.3,36.3,0.0,59.4,0.0,0.0,0.0,115,1,65,0,2,493632,115740,338700,690020,5838,99043,266,266,35,0,0,7,9,7,2,0,1,0,0,0,0,4,510557,0,3,0,12,2855,208898,5217,0,1,23059,18130,2386,2854,225,205,246,126,9,111,111,112,739,134,1835525,211,2,130,5,345654,345610,131,16,2,3,7,508589,330361,7,8,225,21,18,0,3,0,108,646439,320,0,78,1,0,0,5,1,6,11,1,0,0,1
5747.01,1662565339258,5.016875190,1,4.2,36.8,0.0,59.0,0.0,0.0,0.0,115,1,65,0,2,494608,114764,338700,690996,5849,98382,84,84,35,0,0,5,7,5,2,0,1,0,0,0,0,8,538104,0,4,0,11,2856,231923,5387,0,1,22705,17714,3765,4309,872,94,901,126,9,103,103,107,1594,691,1987641,199,7,128,44,346982,346928,121,16,7,8,16,536044,331590,10,13,218,25,21,0,8,0,100,677167,328,0,76,1,0,0,19,0,0,19,1,0,0,1
5752.03,1662565346086,5.017937744,1,4.5,36.7,0.0,58.7,0.0,0.0,0.0,115,1,65,0,2,493732,115636,338704,690124,5390,98226,84,84,35,0,0,5,7,5,2,0,1,0,0,0,0,11,506249,0,3,0,12,1590,212347,5500,0,1,23034,18051,6022,6183,1277,234,1298,63,9,101,101,102,2475,926,1855955,197,11,129,44,335868,335806,120,15,11,13,26,504287,318545,14,18,219,31,24,0,13,0,99,612528,341,0,79,1,0,0,27,0,1,28,1,0,0,1
5757.05,1662565352905,5.017197347,1,7.4,34.6,0.0,57.0,0.0,0.0,1.0,115,1,65,0,2,493628,115748,338696,690012,5887,100302,266,266,35,0,0,5,7,5,2,0,1,0,0,0,0,4,542565,0,4,1,12,2264,236805,5155,0,1,23205,18260,2646,3200,249,143,263,0,9,110,110,111,740,126,2020741,209,2,130,6,345794,345747,130,16,2,3,7,540479,330244,7,8,225,31,19,0,3,0,107,706987,324,0,73,1,0,0,6,0,0,6,1,1,1,2
5762.07,1662565359710,5.017237984,1,3.1,38.8,0.0,58.1,0.0,0.0,0.0,115,1,65,0,2,493984,115376,338712,690384,5442,97261,84,84,35,0,0,5,7,5,2,0,1,0,0,0,0,11,542011,0,4,0,11,550,236796,5376,0,1,22603,17640,3757,3925,870,94,894,126,9,102,102,103,1594,679,2018143,199,7,128,44,344931,344874,121,15,7,8,17,539939,329550,10,13,216,23,20,0,8,0,98,703542,305,0,70,1,0,0,21,0,0,21,1,0,0,1
5767.09,1662565366567,5.016854561,1,2.9,34.4,0.0,61.4,0.0,0.0,1.3,115,1,65,0,2,494456,114904,338712,690856,7555,100792,56,56,35,0,0,7,9,7,2,1,1,0,0,0,0,19,493155,0,14,0,11,3824,199987,5771,0,1,24517,19059,15222,15401,3349,751,3387,882,9,117,117,112,7051,2555,1811922,231,28,129,46,343967,343890,136,15,28,35,55,491191,319207,24,40,256,37,43,5,35,1,103,568199,387,0,83,1,0,0,64,1,6,70,1,0,0,1
5772.11,1662565373395,5.016627284,1,1.9,37.9,0.0,60.2,0.0,0.0,0.0,115,1,65,0,2,495120,114248,338704,691512,6041,99991,294,294,35,0,0,5,7,5,2,0,1,0,0,0,0,6,546474,0,4,0,10,1463,243550,5381,0,1,23232,18274,2644,3136,238,80,264,0,8,111,111,114,742,140,2049981,209,2,130,6,343625,343576,128,14,2,3,8,544421,328029,7,8,225,33,19,0,3,0,108,707664,324,0,74,1,0,0,6,0,1,7,1,0,0,1
5777.13,1662565380226,5.016772556,1,4.3,30.4,0.0,64.9,0.0,0.0,0.3,115,1,65,0,2,493456,115904,338712,689856,5540,100390,56,56,35,0,0,7,11,7,4,10,2,0,0,0,0,8,480217,0,3,0,17,1864,185634,5402,2,1,23211,17991,3232,3643,581,226,864,0,144,101,101,102,1066,394,1726882,200,8,132,33,335949,335892,201,18,8,10,14,478146,320365,11,18,374,22,140,0,10,0,99,582216,481,0,144,3,5,7,18,1,6,24,1,3,2,2
5782.15,1662565387175,5.016954961,1,2.9,39.5,0.0,57.6,0.0,0.0,0.0,115,1,65,0,2,493896,115472,338704,690288,5482,98354,84,84,35,0,0,5,7,5,2,0,1,0,0,0,0,6,482724,0,6,0,11,2905,187743,5293,0,1,23211,18185,6024,6183,1272,299,1292,126,9,104,104,106,2468,934,1745267,203,12,130,44,337262,337205,123,16,11,13,25,480567,319751,14,18,225,31,21,0,13,0,100,576793,336,0,78,1,0,0,25,0,1,26,1,0,0,1
5787.17,1662565393963,5.017509239,1,10.9,32.9,0.0,55.9,0.0,0.0,0.3,116,3,65,0,1,494156,115204,338712,690556,6056,98598,189,189,35,0,0,5,7,5,2,0,1,0,0,0,0,8,559086,0,3,0,11,550,250384,5542,0,1,23184,18211,4244,4450,638,31,661,0,9,112,112,113,1530,380,2096707,217,6,130,7,349019,348951,130,16,6,9,16,556582,333316,11,13,236,36,23,0,8,0,109,714329,326,0,70,1,0,0,15,0,0,15,1,0,0,1
5792.19,1662565401032,5.016781289,1,2.8,32.9,0.0,64.2,0.0,0.0,0.0,114,1,65,0,2,493708,115652,338712,690108,5494,99347,84,84,35,0,0,5,7,5,2,0,1,0,0,0,0,2,497206,0,4,0,9,2878,191805,4999,0,1,22606,17679,853,1345,50,9,78,0,9,103,103,104,3,5,1766638,201,0,130,5,343124,343080,126,16,0,1,3,495122,330060,6,6,211,21,10,0,0,0,99,622517,312,0,65,1,0,0,3,0,0,3,1,0,0,1
5797.21,1662565407884,5.015491678,1,7.5,32.3,0.0,59.9,0.0,0.0,0.3,114,1,65,0,2,493820,115548,338704,690212,5798,98565,84,84,35,0,0,5,7,5,2,0,1,0,0,0,0,4,508154,0,4,1,11,569,210928,5542,0,1,22998,18006,5841,5957,1262,171,1293,126,9,103,103,104,2464,938,1876002,201,11,129,44,339205,339144,122,16,11,13,26,506110,322093,14,18,219,26,21,0,13,0,98,627923,323,0,79,1,0,0,27,0,0,27,1,0,0,1
5802.23,1662565414744,5.015745593,1,17.1,26.1,0.0,56.2,0.0,0.0,0.6,112,2,63,0,2,494204,115160,338708,690600,6464,100176,56,56,35,0,0,5,9,5,4,1,2,0,0,0,0,5,497704,0,5,0,18,558,201523,5383,2,1,23175,18193,3335,3500,474,87,490,0,13,111,111,113,894,265,1843502,219,4,130,7,337540,337491,133,18,4,6,12,495696,322368,10,11,239,36,24,0,5,0,108,628644,317,0,84,1,1,0,9,1,4,13,1,2,2,2
5807.24,1662565421532,5.013949172,1,1.9,33.9,0.0,64.2,0.0,0.0,0.0,113,1,65,0,2,493860,115504,338708,690256,13413,207703,140,140,35,0,0,0,0,0,0,1,0,0,0,0,1,18,542175,0,14,0,5,3377,228874,5963,0,0,23951,19090,12568,12426,2783,918,2619,315,5,117,117,111,5541,2140,2030904,231,21,130,46,362389,362331,133,12,21,33,45,541788,340266,22,30,256,37,41,5,26,1,102,652890,381,0,75,1,0,0,44,0,0,44,1,0,0,1
5812.25,1662565433708,5.014790269,1,3.8,31.9,0.0,63.9,0.0,0.0,0.3,113,1,65,0,2,494740,114608,338724,691152,5928,100293,294,294,35,0,0,5,7,5,2,0,1,0,0,0,0,8,496037,0,4,0,10,2925,193648,5117,0,1,23339,18363,2746,3207,253,17,275,0,8,114,114,115,742,134,1731704,215,2,131,7,342933,342886,131,14,2,3,8,494037,327238,7,8,234,35,23,0,3,0,111,605787,333,0,72,1,0,0,7,0,0,7,1,0,0,1
5817.27,1662565441052,5.016655057,1,4.2,31.8,0.0,64.0,0.0,0.0,0.0,113,1,65,0,2,494060,115288,338724,690468,5494,99347,84,84,35,0,0,5,7,5,2,0,1,0,0,0,0,1,563926,0,4,0,10,2903,251338,5171,0,1,22512,17580,889,1044,56,9,81,63,72,103,103,104,4,5,2108782,201,1,131,5,350013,349969,154,13,0,0,3,561789,337099,7,7,245,21,24,0,0,0,99,733636,377,0,88,1,0,0,3,0,0,3,1,0,0,1
5822.29,1662565447862,5.016505694,1,7.7,32.3,0.0,59.4,0.0,0.0,0.6,113,1,65,0,2,494220,115132,338720,690628,6051,98693,84,84,35,0,0,5,10,5,5,4,2,0,0,0,0,13,515643,0,5,0,20,2457,216109,5452,0,1,23127,18114,6348,6582,1396,431,1412,189,15,105,105,107,2714,1018,1898007,205,15,129,44,343229,343166,126,17,15,17,30,513580,325631,14,22,232,26,28,0,17,0,100,616552,352,0,98,1,2,7,24,1,4,28,1,1,0,2
5827.31,1662565454738,5.016561851,1,22.4,32.6,0.0,44.4,0.0,0.0,0.7,113,1,65,0,2,494992,114356,338724,691404,5848,99970,56,56,35,0,0,7,9,7,2,0,1,0,0,0,0,7,543161,0,3,0,11,517,240219,5084,0,1,23070,18124,3322,3472,469,24,497,0,9,108,108,108,891,268,2026406,211,4,130,7,342949,342900,131,15,4,5,12,541298,327809,10,11,230,36,21,0,5,0,105,695522,312,0,69,1,0,0,11,0,2,13,1,0,0,1
5832.32,1662565461564,5.014786515,1,2.6,31.8,0.0,65.3,0.0,0.0,0.3,113,2,64,0,2,495048,114308,338716,691452,5494,99347,84,84,35,0,0,5,7,5,2,0,1,0,0,0,0,0,482689,0,4,0,15,554,188373,5114,0,1,22572,17650,855,1324,50,9,76,0,9,104,104,105,6,5,1680502,203,0,130,5,332168,332124,122,16,0,0,4,480697,319239,6,6,213,21,10,0,0,0,100,605092,289,0,73,1,0,0,4,0,0,4,1,0,0,1
5837.34,1662565468314,5.016425730,1,6.3,33.0,0.0,60.7,0.0,0.0,0.0,113,1,65,0,2,493148,116196,338728,689564,5442,98304,56,56,35,0,0,5,7,5,2,0,1,0,0,0,0,13,506652,0,3,1,11,2894,204011,5341,0,1,23088,18073,5831,5987,1257,550,1267,126,9,102,102,103,2470,942,1844614,201,11,129,44,344557,344495,122,16,11,13,26,504542,327294,14,18,220,24,21,0,13,0,99,631992,314,0,79,1,0,0,27,0,1,28,1,0,0,1
5842.36,1662565475172,5.015074243,1,3.3,35.0,0.0,60.2,0.0,0.0,1.5,113,1,65,0,2,493072,116272,338728,689488,7829,100163,84,84,35,0,0,5,7,5,2,1,1,0,0,0,0,26,512087,0,15,0,13,3869,210616,5710,0,1,24524,19093,13719,13881,2914,742,2750,567,9,121,121,119,6164,2176,1855621,235,24,130,20,352169,352094,143,16,24,28,48,510022,328554,21,34,265,44,47,5,30,1,108,604703,377,0,80,1,0,0,46,0,0,46,1,0,0,1
5847.38,1662565482225,5.016367576,1,2.7,31.1,0.0,65.9,0.0,0.0,0.3,113,1,65,0,2,493860,115492,338720,690268,5740,98354,56,56,35,0,0,5,10,5,5,0,2,0,0,0,0,2,485266,0,4,0,22,2911,189767,5112,0,1,22516,17615,866,1025,51,10,77,63,15,103,103,106,3,12,1706942,203,0,130,5,337762,337717,125,18,0,0,4,483241,324877,6,6,218,23,13,0,0,0,99,606381,303,0,84,1,2,7,2,1,4,6,1,2,1,2
5852.4,1662565489039,5.016929770,1,5.6,31.1,0.0,63.3,0.0,0.0,0.0,113,1,65,0,2,494732,114620,338720,691140,5446,94663,294,294,35,0,0,5,7,5,2,0,1,0,0,0,0,10,499904,0,4,0,11,857,197412,5564,0,1,22734,17897,7346,7429,1429,241,1468,63,9,106,106,107,3169,1061,1832613,199,13,125,44,345534,345469,121,14,13,13,29,497894,326437,15,20,221,24,27,0,16,0,102,589179,347,0,75,1,0,0,28,0,0,28,1,0,0,1
5857.42,1662565495915,5.019406634,1,3.4,29.4,0.0,66.9,0.0,0.0,0.3,113,1,65,0,2,494504,114840,338728,690920,5872,98980,84,84,35,0,0,7,9,7,2,0,1,0,0,0,0,3,524940,0,4,0,11,558,226261,5431,0,1,23192,18186,6219,6372,1291,234,1318,63,9,107,107,108,2477,933,1946875,209,11,129,46,340970,340911,125,15,11,13,26,522905,323353,14,18,234,38,30,0,13,0,104,649952,346,0,75,1,0,0,27,0,3,30,1,0,0,1
5862.44,1662565502795,5.016735575,1,2.8,36.9,0.0,60.3,0.0,0.0,0.0,113,1,65,0,2,494268,115084,338720,690676,5442,98304,56,56,35,0,0,5,7,5,2,0,1,0,0,0,0,3,560352,0,3,0,11,508,248382,5315,0,1,22610,17684,861,1356,52,10,77,0,9,102,102,103,5,5,2090051,201,1,130,5,349413,349368,126,15,0,0,3,558344,336484,6,6,215,21,14,0,0,0,100,731735,300,0,69,1,0,0,3,0,0,3,1,0,0,1
5867.46,1662565509617,5.017014178,1,3.9,38.3,0.0,57.8,0.0,0.0,0.0,113,1,65,0,2,494756,114584,338732,691176,5596,98885,294,294,35,0,0,5,7,5,2,6,1,0,0,0,0,14,494553,0,5,1,10,2919,198663,5586,0,1,23627,18594,7850,8324,1564,313,1592,63,8,110,110,109,3438,1139,1821678,207,17,129,44,341213,341150,123,14,17,20,34,492455,321164,15,24,236,24,31,0,20,0,103,591850,350,0,83,1,0,0,28,0,0,28,1,0,0,1
5872.48,1662565516448,5.016414507,1,10.9,30.5,0.0,57.9,0.0,0.0,0.7,113,1,65,0,2,493448,115888,338736,689872,10772,99929,5067,5067,35,0,0,6,15,5,9,0,2,0,0,0,0,16,513399,0,9,0,33,2896,213052,5552,0,1,23371,18341,6647,7079,1410,426,1308,0,23,127,127,125,2668,1076,1842593,229,11,130,48,343666,343613,138,18,11,13,24,511534,325482,14,18,256,42,39,4,13,0,116,617194,352,0,99,1,1,7,29,0,0,29,1,2,1,2
5877.51,1662565523330,5.025866046,1,4.0,26.7,0.0,69.3,0.0,0.0,0.0,112,1,64,0,2,494212,115128,338732,690628,5649,99425,84,84,35,0,0,5,7,5,2,0,1,0,0,0,0,2,494812,0,4,1,12,2886,193857,5072,0,1,22570,17665,1045,1514,65,9,93,0,9,104,104,105,6,5,1735612,203,0,130,5,339375,339312,127,16,0,0,3,492624,326284,6,6,216,28,14,0,0,0,100,632698,309,0,71,1,0,0,4,1,4,8,1,0,0,1
5882.53,1662565530107,5.024145300,1,14.5,35.4,0.0,49.5,0.0,0.0,0.6,113,1,65,0,2,493864,115480,338728,690284,13637,196029,350,350,35,0,0,0,0,0,0,1,0,0,0,0,1,16,528246,0,14,0,5,3393,214339,5748,0,0,23598,18799,7854,8289,1637,507,1522,567,5,123,123,120,3180,1230,1912210,243,11,131,9,359980,359953,139,12,11,21,25,527719,341775,15,21,264,41,37,5,13,1,110,657662,346,0,63,1,0,0,28,0,0,28,1,0,0,1
5887.55,1662565541871,5.016799181,1,3.9,33.7,0.0,61.2,0.0,0.0,1.3,113,1,65,0,2,494096,115248,338728,690516,5592,98615,84,84,35,0,0,5,7,5,2,0,1,0,0,0,0,1,538756,0,5,1,9,2890,223901,5415,0,1,22844,17907,2826,3341,428,87,455,0,8,102,102,103,878,261,1966865,201,4,130,5,354285,354231,124,14,4,5,13,536650,339623,10,11,215,19,11,0,5,0,98,689850,298,0,62,1,0,0,8,0,0,8,1,0,0,1
5892.57,1662565548686,5.016333258,1,5.0,37.1,0.0,57.6,0.0,0.0,0.3,113,1,65,0,2,493780,115548,338744,690216,5441,95253,56,56,35,0,0,5,7,5,2,0,1,0,0,0,0,8,521374,0,3,1,12,1220,225094,5298,0,1,22114,17322,5834,5986,1251,171,1276,126,9,98,98,99,2465,923,1927879,193,12,125,44,336841,336781,122,15,11,13,25,519433,320155,14,18,212,24,22,0,13,0,96,654315,336,0,84,1,0,0,28,0,0,28,1,0,0,1
5897.59,1662565555550,5.019523656,1,3.4,37.4,0.0,58.6,0.0,0.0,0.6,114,1,65,0,2,493504,115820,338748,689944,5802,98719,84,84,35,0,0,5,7,5,2,0,1,0,0,0,0,9,514389,0,4,1,11,2843,211189,5243,0,1,22762,17815,2481,2387,554,18,276,0,9,107,107,107,819,399,1849860,207,3,129,18,342851,342801,125,15,3,2,10,512265,328191,7,7,233,37,29,0,3,0,102,644158,302,0,70,0,0,0,5,0,0,5,0,0,0,0
5902.61,1662565562424,5.016757443,1,1.9,35.2,0.0,62.9,0.0,0.0,0.0,113,1,65,0,2,494468,114856,338748,690904,5494,99347,56,56,35,0,0,5,7,5,2,0,1,0,0,0,0,2,493866,0,3,0,9,2920,191600,5148,0,1,22619,17678,913,1688,58,9,81,0,9,102,102,103,4,5,1757972,201,0,130,5,339990,339941,122,16,0,3,3,491565,326889,6,6,215,21,13,0,0,0,100,610954,294,0,67,1,0,0,2,1,4,6,1,0,0,1
5907.63,1662565569245,5.016656986,1,5.0,36.6,0.0,58.1,0.0,0.0,0.3,114,1,65,0,2,493680,115632,338760,690120,5596,98835,294,294,35,0,0,5,7,5,2,4,1,0,0,0,0,21,491877,0,5,1,11,1771,194530,5738,0,1,24004,18754,8065,8203,1592,258,1625,189,139,109,109,109,3420,1148,1783015,205,17,131,44,343135,343074,197,16,17,20,33,489637,322508,17,26,385,25,161,0,22,0,103,582617,529,0,136,1,0,0,27,0,0,27,1,0,0,1
5912.65,1662565576063,5.016571685,1,3.3,37.3,0.0,59.4,0.0,0.0,0.0,114,1,65,0,2,493692,115612,338768,690144,5658,98769,84,84,35,0,0,7,9,7,2,0,1,0,0,0,0,8,536275,0,4,0,9,2851,231818,5307,0,1,22980,17967,4157,4324,892,347,923,0,8,107,107,106,1602,691,1991978,211,7,129,46,344950,344899,125,14,7,8,17,534108,329021,10,13,237,37,29,0,8,0,101,674570,328,0,70,1,0,0,23,0,2,25,1,0,0,1
5917.67,1662565582915,5.016270345,1,3.4,35.9,0.0,60.0,0.0,0.0,0.6,114,1,65,0,2,494220,115092,338760,690664,7918,102170,56,56,35,0,0,5,7,5,2,0,1,0,0,0,0,16,502145,0,14,1,10,1478,203770,5523,0,1,24041,18659,10207,10278,2122,780,2153,567,9,118,118,114,4558,1627,1864442,233,17,129,7,343804,343735,138,15,17,23,33,500154,323465,16,28,248,34,31,5,22,1,105,606296,354,0,72,1,0,0,39,0,0,39,1,0,0,1
5922.69,1662565589772,5.016953526,1,4.5,32.3,0.0,63.2,0.0,0.0,0.0,114,1,65,0,2,494408,114888,338776,690868,5550,97792,294,294,35,0,0,5,7,5,2,0,1,0,0,0,0,11,503951,0,4,1,10,2886,209790,5533,0,1,23470,18475,7363,7871,1422,305,1448,63,8,108,108,109,3185,1063,1864333,203,13,129,44,341147,341087,125,13,13,16,30,501987,321653,15,20,224,24,26,0,16,0,105,601007,358,0,81,1,0,0,29,0,0,29,1,1,1,2
5927.71,1662565596626,5.017402855,1,2.7,37.6,0.0,59.1,0.0,0.0,0.6,114,1,65,0,2,493904,115388,338780,690368,5560,98719,56,56,35,0,0,5,10,5,5,0,2,0,0,0,0,4,485646,0,3,1,22,573,187519,5194,0,1,23019,18003,4146,4625,891,94,918,0,15,105,105,105,1598,681,1719224,207,7,129,46,338395,338342,127,17,7,8,16,483474,322505,10,13,230,37,29,0,8,0,101,588028,332,0,89,1,2,6,20,1,4,24,1,1,0,2
5932.73,1662565603499,5.017680312,1,3.2,35.8,0.0,61.1,0.0,0.0,0.0,114,1,65,0,2,494204,115092,338776,690660,5436,98354,84,84,35,0,0,8,12,7,3,7,2,0,0,0,0,3,542354,0,5,1,14,2889,232526,5356,3,1,22556,17645,1069,1537,65,9,91,0,11,104,104,105,4,6,1996034,203,0,129,5,347674,347634,125,17,0,0,4,540198,334479,6,6,219,28,13,0,0,0,99,706852,291,0,79,1,1,0,6,0,2,8,1,1,1,2
5937.76,1662565610350,5.031665612,1,4.0,30.9,0.0,62.4,2.3,0.0,0.3,114,1,65,0,2,494612,114688,338772,691072,5498,96749,266,266,35,0,0,5,7,5,2,0,1,0,0,0,0,7,507343,0,3,0,11,2917,205140,5503,0,1,23588,18567,6130,6526,1006,106,1268,63,9,108,108,108,2425,691,1865117,205,10,130,33,347071,347003,126,14,10,14,24,505420,328631,14,19,219,22,17,0,13,0,105,616930,328,0,81,1,0,0,29,0,1,30,1,0,0,1
5942.78,1662565617230,5.017068256,1,3.0,36.1,0.0,60.9,0.0,0.0,0.0,114,1,65,0,2,494056,115236,338780,690520,5612,98719,84,84,35,0,0,7,9,7,2,0,1,0,0,0,0,8,532307,0,4,0,11,529,230345,5428,0,1,22907,17915,4144,4314,892,94,918,126,9,106,106,105,1604,679,1972630,207,8,129,46,342526,342474,129,16,7,8,16,530274,326675,10,13,228,37,26,0,8,0,100,677031,319,0,78,1,0,0,20,1,6,26,1,0,0,1
5947.8,1662565624067,5.016401814,1,13.5,28.6,0.0,57.2,0.0,0.0,0.6,115,2,66,0,1,493800,115476,338796,690272,6005,98643,84,84,35,0,0,5,7,5,2,0,1,0,0,0,0,4,527238,0,4,0,10,505,219668,5157,0,1,22618,17699,1045,1513,65,9,91,0,8,104,104,107,5,5,1907084,203,0,130,5,345307,345263,121,14,0,0,4,525015,332047,6,6,215,30,14,0,0,0,100,678206,285,0,67,1,0,0,3,0,1,4,1,0,0,1
5952.82,1662565631270,5.020837202,1,3.9,23.4,0.0,72.4,0.0,0.0,0.3,113,1,64,0,2,493660,115596,338816,690144,5746,98885,294,294,35,0,0,5,7,5,2,0,1,0,0,0,0,12,512632,0,5,1,9,3065,208110,5636,0,1,23659,18536,4596,4749,626,226,642,126,125,110,110,113,1613,384,1837427,207,6,133,5,347910,347859,192,13,6,8,16,510659,330467,12,14,341,23,101,0,8,0,107,632685,477,0,121,1,0,0,10,0,0,10,1,0,0,1
5957.84,1662565637984,5.015180858,1,2.2,34.5,0.0,62.9,0.0,0.0,0.3,114,1,65,0,2,494772,114504,338796,691248,8377,108978,84,84,35,0,0,5,7,5,2,0,1,0,0,0,0,13,533301,0,14,1,10,3423,226529,5900,0,1,24174,19007,15246,14954,3354,813,3328,819,8,121,121,116,7034,2559,1988558,239,28,133,47,356157,356109,139,14,28,34,56,532903,332744,23,39,264,34,43,5,35,1,107,639142,385,0,78,1,0,0,60,0,0,60,1,0,0,1
5962.86,1662565645280,5.016484815,1,7.5,36.1,0.0,56.1,0.0,0.0,0.3,114,1,65,0,2,493240,116032,338800,689716,5545,96296,84,84,35,0,0,7,10,7,3,1,2,0,0,0,0,3,537258,0,4,1,14,2871,233229,5396,2,1,22642,17704,2294,2205,487,81,273,0,11,102,102,103,758,356,1988101,199,3,129,16,342775,342727,123,18,3,2,9,535047,328405,7,7,221,30,24,0,3,0,99,688068,310,0,77,1,1,0,5,0,0,5,1,2,2,2
5967.88,1662565652152,5.017616273,1,2.5,37.8,0.0,59.7,0.0,0.0,0.0,114,1,65,0,2,489156,114204,344712,685640,6418,100772,1324,1324,35,0,0,5,10,5,5,0,2,0,0,0,0,12,506037,0,14,0,18,2928,204472,5601,0,1,23484,18516,4590,4701,2091,1354,633,63,14,131,131,132,1657,1863,1830319,219,6,130,6,343616,343559,134,16,6,9,18,503889,326392,12,14,234,23,23,20,9,3,119,619053,372,0,83,1,2,7,13,1,4,17,1,1,0,2
5972.9,1662565658965,5.015550469,1,1.9,38.1,0.0,60.1,0.0,0.0,0.0,114,1,65,0,2,488752,114576,344744,685240,5844,97683,56,56,35,0,0,5,7,5,2,0,1,0,0,0,0,10,533355,0,4,0,11,569,228196,5537,0,1,23001,18021,5842,6306,1259,360,1275,252,9,102,102,103,2471,923,1970579,201,11,129,44,347549,347497,126,15,11,13,25,531236,330389,14,18,221,26,21,0,13,0,96,663181,334,0,78,1,0,0,28,0,0,28,1,0,0,1
5977.92,1662565665773,5.015603604,1,4.9,31.5,0.0,63.6,0.0,0.0,0.0,114,2,64,0,2,487904,115420,344748,684400,5632,99347,84,84,35,0,0,5,7,5,2,0,1,0,0,0,0,5,488678,0,4,0,11,2020,190571,5350,0,1,22855,17852,3948,4108,881,158,911,63,9,102,102,104,1595,689,1726210,198,7,129,44,338121,338067,121,16,7,8,17,486449,322362,10,13,221,30,23,0,8,0,100,612800,305,0,67,1,0,0,19,0,0,19,1,0,0,1
5982.94,1662565672608,5.016423816,1,2.5,33.1,0.0,63.8,0.0,0.0,0.6,114,1,65,0,2,487384,115948,344740,683876,5706,99878,266,266,35,0,0,5,7,5,2,0,1,0,0,0,0,3,484374,0,3,1,11,625,191289,5452,0,1,23403,18444,4446,4898,615,94,636,63,9,109,109,110,1607,385,1722528,207,7,130,5,336856,336809,125,16,6,8,16,482458,319790,11,13,222,22,18,0,8,0,107,589159,318,0,76,1,0,0,11,0,0,11,1,0,0,1
5987.96,1662565679380,5.016112213,1,5.7,27.1,0.0,66.2,0.0,0.0,1.0,114,1,65,0,2,487628,115704,344740,684120,5338,98304,84,84,35,0,0,8,12,7,3,4,2,0,0,0,0,11,535185,0,4,0,14,579,232669,5568,3,1,23078,18070,5871,6376,1261,171,1288,189,11,102,102,101,2466,925,1991156,199,11,129,44,344449,344387,127,18,11,13,25,533216,327250,14,18,220,24,22,0,13,0,96,663253,350,0,89,1,1,0,29,0,3,32,1,2,2,2
5992.98,1662565686209,5.016780083,1,4.2,30.3,0.0,65.5,0.0,0.0,0.0,114,1,65,0,2,488156,115156,344760,684660,7646,100921,84,84,35,0,0,5,10,5,5,1,2,0,0,0,0,24,485037,0,16,1,22,3857,190338,5699,0,1,24223,18778,13130,13702,2950,796,2962,567,15,118,118,114,6166,2324,1737698,233,24,129,46,342804,342729,140,18,24,30,47,483006,319968,20,35,259,36,41,5,30,1,103,564994,395,0,96,1,2,7,59,1,4,63,1,1,0,2
5998,1662565692999,5.020623964,1,2.2,36.6,0.0,60.9,0.0,0.0,0.4,114,1,65,0,2,488172,115148,344752,684668,6145,100252,266,266,35,0,0,5,7,5,2,0,1,0,0,0,0,8,543052,0,3,0,11,2913,239758,5430,0,1,23511,18531,4736,4858,640,94,660,63,39,109,109,112,1618,376,2023481,207,6,130,6,349227,349174,139,15,6,8,16,541040,331833,12,14,242,34,34,0,8,0,107,682579,374,0,82,1,0,0,12,0,0,12,1,0,0,1
6003.02,1662565699857,5.017585721,1,2.3,33.7,0.0,63.7,0.0,0.0,0.3,114,1,65,0,2,487864,115464,344744,684356,5314,94340,84,84,35,0,0,5,7,5,2,4,1,0,0,0,0,15,539756,0,4,0,10,780,236675,5174,0,1,22026,17263,6336,6813,1389,305,1429,126,8,99,99,101,2710,1018,2011455,193,15,124,44,343650,343588,120,14,15,17,30,537740,326573,14,22,221,24,28,0,17,0,97,671966,331,0,81,1,0,0,26,0,0,26,1,0,0,1
6008.04,1662565706676,5.016618968,1,3.2,34.3,0.0,62.2,0.0,0.0,0.3,114,1,65,0,2,488652,114660,344760,685156,5545,98304,56,56,35,0,0,5,7,5,2,0,1,0,0,0,0,13,495263,0,3,0,11,2873,196921,5181,0,1,22667,17709,3943,4107,878,157,906,0,9,101,101,101,1593,676,1762448,199,7,128,44,339647,339594,124,16,7,8,16,493838,324112,10,13,218,30,24,0,8,0,98,611656,318,0,76,1,0,0,21,0,0,21,1,0,0,1
6013.06,1662565713528,5.015540030,1,4.2,32.3,0.0,63.5,0.0,0.0,0.0,115,1,65,0,2,488140,115180,344752,684636,5859,99100,294,294,35,0,0,7,11,7,4,4,2,0,0,0,0,8,542209,0,7,0,17,2888,243230,5473,3,1,23514,18548,4749,4893,638,95,659,0,12,113,113,114,1608,385,2026437,213,6,129,6,341310,341261,126,15,6,8,16,540289,323968,11,13,232,32,20,0,9,0,108,697079,325,0,81,1,1,0,14,0,2,16,1,2,2,2
6018.08,1662565720773,5.017191744,1,2.4,37.5,0.0,60.1,0.0,0.0,0.0,115,1,65,0,2,487832,115480,344760,684336,5656,100492,56,56,35,0,0,5,9,5,4,4,2,0,0,0,0,4,488874,0,5,0,16,562,189353,5109,0,1,23024,18056,3425,4072,576,94,604,0,12,103,103,104,1125,337,1730872,203,8,130,5,339796,339742,127,16,8,15,16,487263,324644,10,15,216,22,11,0,9,0,100,602192,308,0,86,1,2,6,7,1,4,11,1,1,0,2
6023.1,1662565727617,5.015020369,1,3.4,33.1,0.0,63.5,0.0,0.0,0.0,114,1,64,0,2,488376,114932,344764,684884,5642,98304,84,84,35,0,0,5,7,5,2,0,1,0,0,0,0,6,480716,0,4,1,11,573,188889,5452,0,1,22901,17896,3964,4132,888,410,912,189,9,102,102,104,1604,679,1736212,199,7,130,44,334038,333993,125,15,7,8,17,478887,318339,10,13,220,32,22,0,8,0,98,585801,333,0,82,1,0,0,24,0,0,24,1,0,0,1
6028.12,1662565734415,5.017316712,1,19.9,26.7,0.0,53.1,0.0,0.0,0.3,114,1,64,0,2,488036,115276,344760,684536,5975,100293,161,161,35,0,0,5,7,5,2,0,1,0,0,0,0,2,491066,0,3,1,11,998,191578,4961,0,1,22830,17876,1243,1398,80,10,105,0,9,107,107,108,40,5,1711602,211,0,130,7,338135,338096,127,15,0,0,4,489271,324748,6,6,229,35,20,0,0,0,105,623077,296,0,72,1,0,0,3,0,1,4,1,0,0,1
6033.13,1662565741149,5.013473736,1,3.6,26.5,0.0,69.9,0.0,0.0,0.0,115,1,65,0,2,488864,114432,344776,685380,7861,107101,84,84,35,0,0,5,7,5,2,0,1,0,0,0,0,16,551590,0,16,0,10,1098,239604,5868,0,1,23810,18796,12213,11851,2509,410,2470,252,8,118,118,115,5432,1877,2063381,231,21,131,7,358149,358109,139,14,21,26,42,551214,337463,19,32,248,28,28,5,27,1,104,685414,361,0,79,1,0,0,44,0,0,44,1,0,0,1
6038.15,1662565748394,5.019695148,1,7.2,35.1,0.0,57.4,0.0,0.0,0.3,115,1,65,0,2,488072,115240,344760,684580,5129,88995,56,56,35,0,0,5,8,5,3,1,2,0,0,0,0,8,516933,0,3,0,14,2014,212570,4834,2,1,20523,16026,3744,3910,861,220,883,126,11,93,93,94,1604,683,1878443,183,7,118,44,341735,341683,119,18,7,8,17,514997,327496,10,13,201,23,21,0,8,0,91,650589,311,0,88,1,1,0,26,0,0,26,1,2,2,2
6043.27,1662565755232,5.118261816,1,5.1,33.5,0.0,61.1,0.0,0.0,0.3,115,1,65,0,2,487148,116152,344772,683664,6108,102891,84,84,35,0,0,7,10,7,3,0,2,0,0,0,0,11,512789,0,4,0,11,2835,200314,5359,0,1,22317,17465,2479,2648,524,146,285,63,11,105,105,107,793,383,1838109,205,3,128,18,351452,351397,126,18,3,1,9,511020,337055,7,7,230,37,29,0,3,0,102,628828,315,0,72,1,2,5,6,1,6,12,1,1,0,2
6048.29,1662565762469,5.016069316,1,2.8,34.2,0.0,63.0,0.0,0.0,0.0,115,1,65,0,2,487912,115392,344768,684424,5798,99347,56,56,35,0,0,5,7,5,2,4,1,0,0,0,0,5,554411,0,3,0,11,802,242025,5075,0,1,23030,18064,3446,3953,576,94,603,0,9,102,102,105,1112,345,2056415,201,8,130,5,351909,351858,126,16,8,9,17,552367,336699,10,15,224,24,20,0,9,0,99,696862,335,0,75,1,0,0,8,0,1,9,1,0,0,1
6053.31,1662565769346,5.017488740,1,4.8,36.3,0.0,58.9,0.0,0.0,0.0,115,1,65,0,2,487560,115736,344776,684076,5648,98807,294,294,35,0,0,5,7,5,2,0,1,0,0,0,0,19,538650,0,5,1,11,2516,237466,5394,0,1,23275,18263,5546,5986,1110,104,1134,126,9,109,109,110,2470,829,2016256,205,10,129,44,343740,343685,124,16,10,11,22,536667,325768,12,16,226,23,25,0,12,0,104,656224,354,0,80,1,0,0,24,0,0,24,1,0,0,1
6058.33,1662565776208,5.016708914,1,4.0,37.7,0.0,58.1,0.0,0.0,0.3,115,1,65,0,2,488204,115096,344772,684724,5612,97676,84,84,35,0,0,5,7,5,2,0,1,0,0,0,0,11,503713,0,3,0,13,568,208236,5411,0,1,22955,17940,4150,4317,883,158,917,63,9,106,106,104,1600,686,1819093,207,7,129,46,335970,335910,125,16,7,9,17,501806,320076,10,13,232,37,29,0,8,0,101,623492,325,0,74,1,0,0,23,0,0,23,1,0,0,1
6063.35,1662565783048,5.016680121,1,3.8,30.1,0.0,66.1,0.0,0.0,0.0,115,1,65,0,2,488092,115196,344784,684612,5570,97624,56,56,35,0,0,5,7,5,2,0,1,0,0,0,0,7,532749,0,5,0,10,2063,228322,5124,0,1,22927,17999,3119,3269,457,23,486,0,8,103,103,104,881,268,1962356,202,4,130,5,344800,344750,125,14,4,5,12,530880,329903,10,11,219,29,14,0,5,0,100,681808,305,0,73,1,0,0,10,0,0,10,1,0,0,1
6068.37,1662565789878,5.017547467,1,4.6,35.6,0.0,59.8,0.0,0.0,0.0,115,1,65,0,2,488416,114876,344780,684940,8050,101501,294,294,35,0,0,7,10,7,3,1,2,0,0,0,0,20,491905,0,17,0,13,3863,192079,5890,0,1,24997,19519,16562,17040,3510,629,3533,756,11,126,126,123,7803,2697,1794230,239,30,130,46,352322,352233,147,17,30,38,60,489785,325519,25,42,263,30,43,5,38,1,111,557532,407,0,88,1,3,7,63,1,6,69,1,1,0,2
6073.39,1662565796696,5.015976554,1,2.1,39.2,0.0,58.7,0.0,0.0,0.0,115,1,65,0,2,488228,115064,344780,684752,5962,95640,56,56,35,0,0,5,7,5,2,0,1,0,0,0,0,9,506109,0,4,0,9,2182,200407,5467,0,1,22554,17638,4148,4619,888,221,917,126,8,105,105,107,1600,692,1819182,207,7,127,46,345759,345590,123,13,7,8,16,503905,329935,10,13,231,39,29,0,8,0,101,621591,309,0,70,1,0,0,22,0,1,23,1,0,0,1
6078.41,1662565803504,5.016236665,1,2.4,37.3,0.0,59.9,0.0,0.0,0.3,115,1,65,0,2,488416,114876,344780,684940,5442,99347,84,84,35,0,0,5,7,5,2,0,1,0,0,0,0,4,491750,0,4,0,11,798,189557,5348,0,1,22929,17995,3127,3613,453,24,480,63,9,102,102,103,874,256,1803260,199,4,130,5,341895,341845,121,15,4,5,12,489881,327023,10,11,215,29,14,0,5,0,99,603897,310,0,76,1,0,0,10,0,0,10,1,0,0,1
6083.51,1662565810283,5.100306746,1,2.5,33.3,0.0,64.2,0.0,0.0,0.0,115,1,65,0,2,488416,114872,344784,684944,5602,100843,294,294,35,0,0,5,7,5,2,0,1,0,0,0,0,13,490040,0,3,1,11,2957,194507,5483,0,1,23909,18824,6248,7018,1053,108,1335,126,9,112,112,112,2514,739,1783469,213,11,131,33,342691,342631,132,15,11,14,24,488326,324082,14,19,225,22,15,0,13,0,109,576477,360,0,78,1,0,0,25,0,0,25,1,0,0,1
6088.53,1662565817260,5.016303820,1,1.4,27.7,0.0,70.2,0.0,0.0,0.7,115,1,65,0,2,487780,115500,344792,684308,5951,99005,84,84,35,0,0,5,7,5,2,0,1,0,0,0,0,6,484255,0,4,0,13,578,190634,5263,0,1,22975,17963,4147,4643,902,346,931,189,9,109,109,110,1599,687,1743122,213,7,128,46,335208,335163,127,16,7,8,16,482264,319311,10,13,234,37,28,0,8,0,105,579738,331,0,79,1,0,0,20,0,0,20,1,0,0,1
6093.55,1662565824098,5.021119045,1,13.6,32.6,0.0,53.8,0.0,0.0,0.0,116,4,64,0,1,488092,115196,344784,684616,11104,104458,8983,8983,35,0,0,8,17,7,9,6,2,0,0,0,0,22,564598,0,11,0,35,2980,250487,5653,0,1,23492,18349,4490,4712,807,169,835,0,72,148,149,146,1506,529,1986140,237,9,131,7,356046,355990,170,18,9,10,19,562516,339365,12,17,370,34,145,11,11,2,135,653704,421,0,130,1,1,7,8,0,0,8,1,1,0,2
6098.57,1662565830991,5.017979552,1,4.1,37.1,0.0,58.5,0.0,0.0,0.3,115,1,65,0,2,487580,115708,344784,684104,5758,100139,266,266,35,0,0,5,7,5,2,0,1,0,0,0,0,6,482352,0,3,1,9,2904,188832,5353,0,1,23064,18125,2373,2899,224,17,250,63,8,108,108,108,744,135,1700016,205,2,130,5,333736,333687,126,14,2,4,7,480449,318502,7,8,216,21,14,0,4,0,105,589356,326,0,72,1,0,0,5,1,4,9,1,0,0,1
6103.59,1662565837787,5.016456764,1,1.0,24.8,0.0,73.9,0.0,0.0,0.3,114,2,63,0,2,488344,114948,344780,684868,5611,92539,84,84,35,0,0,5,7,5,2,0,1,0,0,0,0,7,480457,0,4,0,11,2779,189321,5101,0,1,21909,17133,4139,4341,894,347,918,0,9,103,103,104,1600,684,1763235,201,7,124,46,334340,334289,125,16,7,9,17,478461,318994,10,13,222,37,27,0,8,0,99,581469,318,0,81,1,0,0,23,0,1,24,1,0,0,1
6108.6,1662565844545,5.013366183,1,1.8,34.4,0.0,63.8,0.0,0.0,0.0,115,1,65,0,2,488212,115072,344788,684748,13729,209200,350,350,35,0,0,0,0,0,0,1,0,0,0,0,0,15,544573,0,15,0,5,3375,231849,5527,0,0,24248,19348,12012,11979,2594,722,2476,567,5,125,125,121,5485,2039,2000925,237,19,131,46,362035,361584,139,12,19,31,42,543625,338927,19,28,259,29,43,5,24,1,111,654758,369,0,68,1,0,0,46,0,0,46,1,1,1,2
6113.62,1662565856784,5.015894243,1,5.0,32.7,0.0,61.7,0.0,0.0,0.6,115,1,65,0,2,487912,115384,344776,684436,5658,99812,56,56,35,0,0,7,11,7,4,1,2,0,0,0,0,9,550448,0,4,0,16,2875,241009,5537,3,1,23310,18275,6252,6406,1287,234,1308,63,13,106,106,105,2477,934,2064330,209,11,130,46,351781,351726,128,18,11,13,25,548412,334145,14,18,236,38,30,0,13,0,101,687177,346,0,88,1,1,0,30,0,2,32,1,1,1,2
6118.64,1662565863679,5.015426860,1,2.6,32.7,0.0,64.7,0.0,0.0,0.0,114,1,65,0,2,487952,115336,344784,684484,5494,99347,84,84,35,0,0,5,7,5,2,0,1,0,0,0,0,10,534763,0,4,0,10,1691,226268,5278,0,1,22966,18021,3124,3289,452,149,475,0,9,104,104,104,886,248,1947027,203,5,130,5,350079,350048,122,16,4,6,13,532943,335218,10,11,217,29,14,0,5,0,100,670851,324,0,68,1,0,0,11,0,0,11,1,0,0,1
6123.66,1662565871056,5.016844359,1,4.9,30.2,0.0,64.9,0.0,0.0,0.0,113,1,65,0,2,488148,115148,344776,684672,6114,100139,266,266,35,0,0,5,7,5,2,0,1,0,0,0,0,6,517838,0,3,0,13,1581,214099,5471,0,1,23102,18158,2374,2545,224,17,253,0,9,109,109,112,745,135,1880667,207,2,130,5,343876,343829,129,15,2,4,7,515853,328661,7,8,218,23,14,0,3,0,106,645355,342,0,78,1,0,0,4,1,4,8,1,0,0,1
6128.68,1662565877885,5.015829794,1,3.3,36.6,0.0,60.1,0.0,0.0,0.0,113,1,65,0,2,488368,114928,344776,684892,5664,98719,84,84,35,0,0,5,7,5,2,0,1,0,0,0,0,10,510009,0,4,1,11,2782,212979,5215,0,1,23128,18137,6211,6373,1286,234,1317,189,9,106,106,105,2466,930,1892261,207,11,128,46,339092,339045,124,15,11,13,26,508111,321552,14,18,229,38,27,0,13,0,101,624807,335,0,77,1,0,0,28,0,0,28,1,0,0,1
6133.7,1662565884697,5.016996979,1,22.8,32.2,0.0,44.4,0.0,0.0,0.6,114,1,65,0,2,487368,115916,344788,683904,5672,99605,56,56,35,0,0,5,7,5,2,4,1,0,0,0,0,3,536886,0,4,0,10,807,227463,5588,0,1,23417,18263,3779,3919,608,101,641,0,118,105,105,106,1117,368,1952447,207,8,132,5,350346,350296,180,15,8,9,16,534925,334388,11,16,341,30,105,0,10,0,101,662731,455,0,110,1,0,0,10,0,0,10,1,1,1,2
6138.72,1662565891523,5.016327412,1,4.2,38.4,0.0,57.4,0.0,0.0,0.0,114,2,65,0,2,487952,115328,344792,684492,5706,98835,294,294,35,0,0,7,10,7,3,1,2,0,0,0,0,5,526774,0,4,0,14,2850,221347,5067,2,1,23095,18147,2382,2538,223,79,250,0,11,110,110,111,742,129,1913313,207,2,130,5,346173,346128,131,17,2,3,7,524761,330903,7,8,219,21,14,0,3,0,106,668962,322,0,81,1,1,0,5,0,2,7,1,1,1,2
6143.74,1662565898330,5.016766115,1,5.4,32.3,0.0,62.0,0.0,0.0,0.4,114,1,65,0,2,489148,114128,344796,685688,7590,100938,84,84,35,0,0,5,7,5,2,0,1,0,0,0,0,22,484656,0,14,1,11,2809,196971,5822,0,1,24474,19005,14952,15406,3294,1125,3294,1008,9,117,117,114,6900,2507,1781459,230,27,128,47,337076,336985,137,16,27,35,55,482424,312647,23,39,254,34,42,5,33,1,104,560834,388,0,82,1,0,0,59,0,0,59,1,0,0,1
6148.77,1662565905136,5.026570983,1,1.7,28.5,0.0,69.1,0.0,0.0,0.7,114,1,65,0,2,488392,114876,344804,684940,6214,104823,84,84,35,0,0,6,15,5,9,0,2,0,0,0,0,6,506464,0,3,0,30,594,203622,5257,0,1,23010,18066,4029,4069,658,29,524,0,23,102,102,105,1304,423,1824451,201,6,131,15,343324,343272,124,18,6,5,15,504251,327607,10,11,218,33,15,0,7,0,99,636935,319,0,94,1,1,7,10,0,1,11,1,1,0,2
6153.79,1662565912518,5.015991297,1,4.3,40.3,0.0,55.4,0.0,0.0,0.0,114,1,65,0,2,488912,114352,344808,685464,5700,99928,266,266,35,0,0,5,7,5,2,0,1,0,0,0,0,11,525598,0,4,0,11,524,217429,5213,0,1,23104,18161,2373,2862,223,79,246,0,9,110,110,111,742,125,1915844,209,2,130,5,347669,347622,130,16,2,3,8,523649,332407,7,8,224,21,17,0,3,0,107,662111,323,0,77,1,0,0,4,1,4,8,1,0,0,1
6158.81,1662565919333,5.016685363,1,4.2,30.2,0.0,65.6,0.0,0.0,0.0,114,1,65,0,2,488140,115132,344800,684684,5442,99347,84,84,35,0,0,5,7,5,2,0,1,0,0,0,0,9,490162,0,4,1,10,2912,189936,5424,0,1,22754,17759,3768,3933,877,157,905,63,8,102,102,103,1604,693,1778472,199,7,129,44,341148,341092,119,13,7,8,16,487821,325634,10,13,218,23,20,0,8,0,99,602762,313,0,71,0,0,0,20,0,0,20,0,0,0,0
6163.83,1662565926166,5.016432353,1,1.7,27.5,0.0,69.7,0.0,0.0,1.0,114,1,65,0,2,487856,115404,344812,684412,5673,99371,84,84,35,0,0,7,10,7,3,10,2,0,0,0,0,7,498997,0,6,0,14,1867,201383,5328,2,1,23168,18151,6526,6687,1412,307,1442,63,11,103,103,105,2709,1032,1816834,201,15,129,44,340090,340031,122,15,15,17,30,496918,322132,14,22,225,31,25,0,17,0,100,619759,332,0,84,1,1,0,30,0,3,33,1,1,1,2
6168.85,1662565932928,5.016430591,1,3.0,33.3,0.0,63.3,0.0,0.0,0.3,114,1,65,0,2,486988,116280,344804,683536,5654,99878,266,266,35,0,0,5,7,5,2,0,1,0,0,0,0,3,496377,0,3,1,10,1189,191627,4948,0,1,23131,18183,2375,2528,231,81,251,63,8,110,110,111,743,134,1728417,207,2,130,5,344715,344665,127,13,2,3,7,494431,329456,7,8,221,21,17,0,3,0,107,625765,311,0,71,1,0,0,4,0,0,4,1,0,0,1
6173.87,1662565939698,5.016299925,1,6.7,30.3,0.0,62.7,0.0,0.0,0.3,114,1,65,0,2,488124,115144,344804,684676,5792,97311,84,84,35,0,0,7,16,7,9,0,2,0,0,0,0,11,539245,0,5,0,33,2898,236679,5354,0,1,22761,17780,3775,3944,869,32,895,126,23,103,103,106,1593,681,2010312,201,7,129,44,343686,343636,128,17,7,8,16,537292,328360,10,13,221,25,20,0,8,0,99,688417,330,0,102,3,1,6,21,1,6,27,1,2,1,3
6178.89,1662565946489,5.016533109,1,4.2,28.9,0.0,66.6,0.0,0.0,0.3,113,1,64,0,2,488172,115096,344804,684724,5418,96426,56,56,35,0,0,5,8,5,3,0,2,0,0,0,0,13,499522,0,3,0,12,2702,198311,5262,2,1,22904,17825,6176,6339,1293,304,1308,63,104,101,101,102,2468,943,1802609,197,11,128,44,343846,343781,170,13,11,13,26,497387,326014,15,19,341,32,127,0,13,0,99,578604,439,0,116,3,1,0,29,1,4,33,1,2,2,3
6183.9,1662565953276,5.014445378,1,22.1,32.1,0.0,45.8,0.0,0.0,0.0,114,1,65,0,2,488392,114880,344800,684944,9860,133292,294,294,35,0,0,7,9,7,2,0,1,0,0,0,0,15,539391,0,14,1,11,1030,230008,5738,0,1,24082,19088,10575,10862,2173,704,2118,693,9,121,121,118,4406,1602,2007675,239,17,131,9,356060,356016,141,16,17,26,38,538265,335431,18,29,261,42,38,5,18,1,109,668825,359,0,76,0,0,0,44,1,6,50,0,0,0,0
6188.92,1662565961657,5.016310891,1,2.9,34.7,0.0,62.1,0.0,0.0,0.3,114,1,65,0,2,489164,114108,344800,685716,5649,99425,84,84,35,0,0,5,11,5,6,0,2,0,0,0,0,4,550608,0,4,0,20,522,245808,4978,1,1,22558,17632,865,1341,50,9,79,0,17,104,104,105,6,5,2052886,203,0,130,5,342554,342510,125,17,0,0,3,548634,329650,6,6,215,21,11,0,0,0,101,729512,307,0,80,3,3,6,5,1,4,9,1,3,2,3
6193.94,1662565968485,5.016864228,1,5.9,39.7,0.0,53.8,0.0,0.0,0.6,114,1,65,0,2,487808,115460,344804,684360,5384,98354,56,56,35,0,0,5,7,5,2,0,1,0,0,0,0,7,528959,0,4,0,11,572,232446,5543,0,1,22971,17986,5848,6345,1251,360,1275,63,9,102,102,101,2465,929,1976793,201,11,129,44,338256,338194,126,15,11,13,26,526654,321089,14,18,221,24,23,0,13,0,96,671349,337,0,79,1,0,0,28,0,0,28,1,0,0,1
6199.1,1662565975289,5.163016356,1,1.5,31.7,0.0,66.9,0.0,0.0,0.0,114,1,65,0,2,488708,114560,344804,685264,6176,101848,84,84,35,0,0,5,7,5,2,0,1,0,0,0,0,8,490501,0,4,0,11,2974,193546,5377,0,1,23631,18542,4564,4467,926,159,668,0,9,110,110,112,1678,647,1733168,215,7,133,18,343669,343622,128,16,7,7,18,488407,327002,11,12,240,40,30,0,8,0,105,606076,339,0,77,1,0,0,11,0,0,11,1,0,0,1
6204.11,1662565982493,5.014953795,1,4.7,35.8,0.0,59.3,0.0,0.0,0.3,114,1,65,0,2,487968,115300,344804,684524,5494,99347,56,56,35,0,0,5,7,5,2,0,1,0,0,0,0,3,480792,0,3,0,11,2784,182515,4934,0,1,22561,17641,856,1012,51,10,76,0,9,102,102,103,3,5,1748219,201,0,130,5,336854,336813,122,16,0,0,4,479254,323968,6,6,213,21,13,0,0,0,99,602109,291,0,71,1,0,0,2,0,0,2,1,0,0,1
6209.13,1662565989292,5.016982223,1,3.2,32.6,0.0,64.2,0.0,0.0,0.0,114,1,65,0,2,488412,114852,344808,684972,5492,94663,294,294,35,0,0,5,7,5,2,0,1,0,0,0,0,9,486484,0,5,0,11,970,189461,5045,0,1,22098,17355,5270,5721,1035,290,1071,252,9,105,105,106,2286,807,1773107,197,9,124,44,337731,337668,123,16,9,11,20,484400,320534,11,15,215,23,24,0,11,0,101,592806,335,0,80,1,0,0,22,0,1,23,1,0,0,1
6214.15,1662565996122,5.017262126,1,3.3,41.5,0.0,54.6,0.0,0.0,0.7,114,1,65,0,2,488440,114820,344812,685004,5866,99030,84,84,35,0,0,5,9,5,4,1,2,0,0,0,0,16,508846,0,5,1,17,1519,205077,5458,2,1,23344,18304,6238,6393,1281,298,1320,126,13,107,107,109,2484,941,1847490,209,11,130,46,345594,345539,128,17,11,13,26,506647,327818,14,18,237,38,30,0,13,0,104,617644,326,0,83,1,1,0,30,1,4,34,1,2,2,2
6219.17,1662566002969,5.017444789,1,4.9,37.9,0.0,56.6,0.0,0.0,0.6,113,2,63,0,2,488488,114772,344812,685048,7946,101338,56,56,35,0,0,7,9,7,2,0,1,0,0,0,0,16,510610,0,14,0,11,3388,205713,5452,0,1,23978,18600,10031,10531,2111,524,2160,693,9,120,120,117,4571,1629,1879984,237,17,130,7,349692,349624,140,15,17,22,33,508651,329522,15,27,250,24,30,5,22,1,106,626067,341,0,78,1,0,0,38,0,2,40,1,0,0,1
6224.19,1662566009832,5.020747372,1,3.1,34.3,0.0,61.7,0.0,0.0,0.9,114,1,65,0,2,487944,115320,344808,684500,5854,97636,294,294,35,0,0,5,7,5,2,0,1,0,0,0,0,8,506804,0,4,0,10,748,212104,5559,0,1,23534,18337,5440,5595,1058,297,1084,0,101,107,107,110,2327,814,1871928,201,9,130,44,338116,338054,173,14,9,11,21,504686,319609,13,17,342,26,130,0,12,0,104,606755,469,0,110,1,0,0,23,0,0,23,1,0,0,1
6229.21,1662566016687,5.018626254,1,1.2,38.1,0.0,60.7,0.0,0.0,0.0,113,1,65,0,2,488700,114556,344816,685268,5248,89332,56,56,35,0,0,5,7,5,2,0,1,0,0,0,0,5,481605,0,3,1,11,2639,187806,5085,0,1,21045,16521,6202,6429,1270,422,1299,126,9,96,96,97,2461,930,1775230,189,11,118,46,332582,332524,120,16,11,13,26,479581,316079,14,18,215,38,30,0,13,0,94,575783,328,0,81,1,0,0,30,0,1,31,1,0,0,1
6234.23,1662566023505,5.017044506,1,1.6,37.1,0.0,60.9,0.0,0.0,0.3,113,1,65,0,2,488856,114408,344808,685416,5540,99397,84,84,35,0,0,5,7,5,2,0,1,0,0,0,0,0,500019,0,5,1,9,2879,192325,5084,0,1,22742,17795,1045,1542,65,9,90,0,9,104,104,105,5,6,1751957,203,0,130,5,345708,345659,123,16,0,0,3,497884,332367,6,6,219,28,13,0,0,0,100,622675,291,0,64,1,0,0,4,0,0,4,1,0,0,1
6239.25,1662566030309,5.017574615,1,2.8,25.9,0.0,70.9,0.0,0.0,0.4,113,1,65,0,2,487912,115352,344808,684472,5688,98835,266,266,35,0,0,5,10,5,5,0,2,0,0,0,0,3,532786,0,3,0,21,587,228035,5094,0,1,23044,18110,2367,2872,223,142,250,0,15,108,108,110,742,134,1953396,203,3,130,5,344820,344777,129,17,2,3,7,530886,329635,7,8,214,21,14,0,3,0,105,672517,324,0,85,1,2,7,5,1,4,9,1,2,1,2
6244.27,1662566037710,5.017147909,1,1.7,31.0,0.0,67.2,0.0,0.0,0.0,113,1,65,0,2,488464,114784,344824,685040,5664,97676,84,84,35,0,0,7,9,7,2,0,1,0,0,0,0,3,499314,0,4,2,11,2919,204455,5463,0,1,23152,18152,6224,6683,1287,298,1312,63,9,105,105,107,2462,930,1845410,205,11,128,46,339707,339648,124,16,11,13,25,497130,322098,14,18,229,38,27,0,13,0,103,605272,335,0,80,1,0,0,29,0,3,32,1,0,0,1
6249.29,1662566044532,5.017557393,1,21.2,35.0,0.0,42.8,0.0,0.0,1.0,113,1,65,0,2,487912,115332,344828,684492,5746,98304,56,56,35,0,0,5,7,5,2,0,1,0,0,0,0,0,491685,0,3,0,11,523,189177,5063,0,1,22596,17676,1051,1207,65,10,92,0,9,102,102,105,5,5,1797632,201,0,130,5,339999,339951,122,16,0,0,4,489537,326873,6,6,215,30,13,0,0,0,100,612261,289,0,70,1,0,0,5,0,0,5,1,0,0,1
6254.31,1662566051350,5.016678868,1,2.4,25.3,0.0,71.9,0.0,0.0,0.3,112,1,64,0,2,487976,115268,344828,684556,5855,100006,294,294,35,0,0,5,7,5,2,0,1,0,0,0,0,8,520506,0,5,0,11,1922,212322,5237,0,1,23127,18178,2367,2523,223,80,257,63,8,112,112,113,740,142,1873703,211,2,130,5,347937,347880,129,14,2,3,7,518575,332594,7,8,222,21,15,0,3,0,107,660943,317,0,75,1,0,0,6,0,0,6,1,0,0,1
6259.32,1662566058075,5.013416255,1,5.3,35.1,0.0,59.6,0.0,0.0,0.0,113,1,65,0,2,488188,115056,344828,684768,13298,195624,140,140,35,0,0,0,4,0,4,1,1,0,0,0,0,14,547167,0,14,0,15,2128,227038,5422,0,0,23401,18622,7382,7215,1546,694,1347,252,12,119,119,115,3071,1201,2024589,235,10,131,7,363354,363322,135,12,10,20,23,546799,345732,14,18,252,27,31,5,13,1,106,704158,340,0,72,1,2,7,20,0,0,20,1,2,1,2
6264.34,1662566069685,5.015732180,1,2.9,34.9,0.0,62.2,0.0,0.0,0.0,113,1,65,0,2,488464,114772,344836,685052,5498,98679,294,294,35,0,0,8,11,7,3,4,2,0,0,0,0,16,536286,0,4,0,14,786,235610,5618,2,1,23471,18464,7354,7816,1437,241,1460,252,11,106,106,108,3167,1056,1995941,199,13,128,44,344691,344638,123,18,13,16,29,534079,325254,15,20,219,24,25,0,16,0,104,656348,373,0,81,1,1,0,28,0,4,32,1,1,1,2
6269.36,1662566076518,5.016527546,1,3.5,33.2,0.0,63.2,0.0,0.0,0.0,113,1,65,0,2,487416,115816,344840,684004,5819,98797,56,56,35,0,0,5,7,5,2,4,1,0,0,0,0,7,500542,0,3,0,10,2881,199695,5392,0,1,23495,18425,6731,7214,1436,243,1454,63,9,107,107,107,2714,1026,1812929,211,15,129,46,344072,344005,131,16,15,17,30,498195,325753,14,22,243,38,37,0,17,0,103,604284,343,0,77,1,0,0,30,0,0,30,1,0,0,1
6274.38,1662566083358,5.016125215,1,2.7,30.5,0.0,66.8,0.0,0.0,0.0,113,1,65,0,2,488384,114856,344832,684964,5844,99397,84,84,35,0,0,5,7,5,2,0,1,0,0,0,0,1,499480,0,5,1,13,564,191450,5232,0,1,22626,17700,1049,1204,66,10,98,0,9,104,104,107,6,5,1738538,203,0,130,5,346012,345970,123,16,0,0,3,497484,332896,6,6,219,30,13,0,0,0,100,621563,291,0,73,1,0,0,4,0,0,4,1,0,0,1
6279.4,1662566090141,5.015642935,1,5.1,29.9,0.0,64.3,0.0,0.0,0.6,113,1,65,0,2,488132,115080,344860,684736,6016,98209,294,294,35,0,0,5,7,5,2,0,1,0,0,0,0,8,486735,0,4,1,11,554,194783,5438,0,1,23169,18170,4400,5156,842,222,1025,252,9,111,111,112,1875,393,1658898,197,6,119,33,308382,308348,119,15,6,10,15,448192,292855,10,14,208,21,18,0,8,0,101,544736,302,0,76,1,0,0,23,0,1,24,1,0,0,1
6284.42,1662566096959,5.016389968,1,2.0,32.8,0.0,64.6,0.0,0.0,0.7,113,1,65,0,2,487888,115332,344852,684484,5664,98719,56,56,35,0,0,6,15,5,9,0,2,0,0,0,0,6,503040,0,3,0,32,561,205076,5351,0,1,23226,18209,6239,6390,1289,297,1309,63,23,105,105,106,2460,937,1805910,207,11,129,46,339989,339927,127,18,11,13,25,500996,322394,14,17,233,38,30,0,13,0,103,608995,348,0,99,1,1,7,28,0,0,28,1,2,1,2
6289.44,1662566103763,5.017370124,1,1.0,33.2,0.0,65.8,0.0,0.0,0.0,113,1,65,0,2,487660,115548,344864,684268,5442,98304,84,84,35,0,0,7,10,7,3,2,2,0,0,0,0,3,507586,0,4,2,13,2498,197959,5137,2,1,22780,17827,1073,1222,67,10,91,0,11,104,104,104,4,13,1790264,203,1,131,5,347286,347237,129,18,0,0,3,505417,333953,6,6,218,28,13,0,0,0,100,638320,296,0,71,1,1,0,6,1,6,12,1,1,1,2
6294.47,1662566111220,5.027691915,1,1.5,32.6,0.0,66.0,0.0,0.0,0.0,113,2,64,0,2,488424,114808,344840,685016,7917,101634,266,266,35,0,0,5,7,5,2,1,1,0,0,0,0,13,505668,0,15,0,10,2669,197843,5531,0,1,24453,19058,11530,11697,2307,849,2345,630,9,125,125,122,5332,1767,1782582,239,19,129,7,354932,354863,141,16,19,25,37,503366,332474,17,30,252,27,31,5,25,1,111,591693,353,0,78,1,0,0,40,0,1,41,1,0,0,1
6299.49,1662566118066,5.016093747,1,3.7,33.8,0.0,62.2,0.0,0.0,0.3,113,1,65,0,2,488356,114876,344840,684948,6124,98980,84,84,35,0,0,5,7,5,2,0,1,0,0,0,0,6,498358,0,4,0,10,580,191472,5266,0,1,23169,18165,6104,6300,1269,46,1304,126,8,106,106,109,2468,940,1779604,207,11,129,45,348515,348450,126,13,11,13,26,495909,331052,14,18,227,33,26,0,13,0,102,606142,313,0,75,1,0,0,27,0,0,27,1,0,0,1
6304.51,1662566124843,5.016305107,1,23.8,35.7,0.0,39.8,0.0,0.0,0.6,113,2,64,0,2,487968,115264,344840,684564,5574,98512,56,56,35,0,0,5,7,5,2,0,1,0,0,0,0,1,499797,0,3,1,12,2887,193802,4826,0,1,22761,17809,1048,1517,69,9,90,0,9,105,104,104,5,5,1753450,205,0,130,5,343781,343738,128,15,0,0,3,497802,330516,6,6,219,28,14,0,0,0,101,632296,299,0,71,1,0,0,3,0,0,3,1,0,0,1
6309.53,1662566131663,5.021633141,1,5.7,40.6,0.0,53.1,0.0,0.0,0.6,113,1,65,0,2,488560,114656,344856,685172,6591,102867,4234,4234,35,0,0,5,7,5,2,0,1,0,0,0,0,7,544905,0,4,1,11,551,236333,5719,0,1,23191,18227,2691,3246,294,85,449,0,9,138,139,137,911,180,2006854,229,3,130,5,349199,349153,137,15,3,5,10,543396,333709,8,9,247,23,31,7,5,2,130,686112,367,0,75,1,0,0,4,0,0,4,1,1,1,2
6314.55,1662566138460,5.016513351,1,2.1,31.2,0.0,66.4,0.0,0.0,0.3,114,1,65,0,2,487984,115228,344860,684596,5627,98656,84,84,35,0,0,6,17,5,11,5,3,0,0,0,0,11,510287,0,4,0,30,1428,220234,5674,2,1,23406,18257,6645,7090,1416,313,1449,126,138,105,105,106,2719,1020,1893561,207,15,131,45,333211,333147,190,20,15,17,30,508177,314933,15,23,353,29,115,0,18,0,102,617084,525,0,152,1,2,7,30,0,0,30,1,2,1,2
6319.57,1662566145334,5.016479714,1,6.0,34.9,0.0,59.1,0.0,0.0,0.0,114,1,65,0,2,487512,115692,344868,684132,5338,95175,56,56,35,0,0,7,9,7,2,0,1,0,0,0,0,5,541186,0,3,2,11,2666,238954,5275,0,1,22571,17648,2282,2551,482,18,282,0,9,99,99,101,752,360,2012370,195,3,129,16,342206,342159,122,16,3,2,9,539171,327889,7,7,214,30,23,0,3,0,97,699953,319,0,75,1,0,0,4,1,6,10,1,0,0,1
6324.59,1662566152575,5.016012383,1,4.3,36.7,0.0,58.3,0.0,0.0,0.7,114,1,65,0,2,488504,114696,344872,685128,5958,99878,294,294,35,0,0,5,7,5,2,0,1,0,0,0,0,6,482111,0,3,0,11,596,190132,5360,0,1,23328,18387,4446,4926,602,30,630,0,9,109,109,112,1622,387,1704083,205,6,130,5,335481,335426,124,16,6,8,17,480503,318447,11,13,220,24,18,0,8,0,106,592985,323,0,76,1,0,0,9,0,1,10,1,0,0,1
6329.61,1662566159359,5.016358950,1,4.2,24.1,0.0,71.4,0.0,0.0,0.3,113,2,64,0,2,488504,114704,344864,685120,5286,97261,56,56,35,0,0,5,7,5,2,0,1,0,0,0,0,7,487418,0,3,0,11,2887,188065,5326,0,1,22947,17971,5839,5990,1265,423,1285,63,9,101,101,99,2470,918,1781877,199,11,129,44,342127,342065,121,16,11,13,25,485798,325037,14,18,217,24,21,0,13,0,96,587332,319,0,82,1,0,0,27,0,0,27,1,0,0,1
6334.62,1662566166090,5.014523252,1,2.0,34.2,0.0,62.8,0.0,0.0,1.0,114,1,65,0,2,487132,116072,344868,683752,13664,202026,350,350,35,0,0,0,0,0,0,1,0,0,0,0,0,20,525945,0,15,0,5,2700,209668,5783,0,0,24219,19397,11285,10984,2188,773,2072,378,5,124,124,122,4847,1651,1874900,237,17,130,7,364129,364090,136,12,17,29,41,525498,342122,19,30,253,28,32,5,21,1,112,640096,372,0,74,1,0,0,34,0,0,34,1,0,0,1
6339.64,1662566178040,5.017128289,1,4.0,34.9,0.0,61.1,0.0,0.0,0.0,114,1,65,0,2,487412,115784,344876,684040,5975,100101,84,84,35,0,0,8,17,7,9,0,2,0,0,0,0,11,529250,0,4,0,26,2898,219821,5596,0,1,23363,18322,6236,6388,1286,235,1310,126,23,107,107,108,2480,916,1933282,209,11,130,46,352407,352350,128,18,11,13,26,527118,334675,14,18,229,36,26,0,13,0,102,641785,338,0,91,1,1,7,26,0,0,26,1,1,0,2
6344.66,1662566184846,5.016128983,1,20.7,37.3,0.0,41.7,0.0,0.0,0.3,114,1,65,0,2,487864,115332,344876,684492,5746,99347,56,56,35,0,0,5,7,5,2,0,1,0,0,0,0,2,547007,0,3,0,11,2914,238300,5350,0,1,22693,17764,1041,1203,66,10,91,0,9,102,102,105,4,5,2015830,201,0,131,5,346118,346075,126,16,0,0,4,544970,332982,6,6,213,30,13,0,0,0,99,713008,296,0,70,1,0,0,3,1,4,7,1,0,0,1
6349.68,1662566191668,5.018580167,1,2.1,37.1,0.0,60.5,0.0,0.0,0.3,113,2,64,0,2,488196,114996,344880,684828,5941,99121,294,294,35,0,0,5,7,5,2,0,1,0,0,0,0,12,515929,0,4,1,11,592,210098,5405,0,1,23416,18450,4441,4605,610,157,633,126,9,113,113,114,1609,386,1855030,213,6,130,5,347122,347060,127,15,6,9,16,513892,330092,11,13,224,22,17,0,8,0,109,643697,322,0,72,1,0,0,8,0,1,9,1,0,0,1
6354.7,1662566198487,5.017270239,1,3.7,40.7,0.0,55.2,0.0,0.0,0.3,113,1,65,0,2,488960,114224,344888,685596,5633,98606,84,84,35,0,0,5,7,5,2,0,1,0,0,0,0,8,520415,0,3,1,11,1470,219389,5559,0,1,23352,18179,6111,6610,1277,368,1310,315,112,104,104,105,2470,926,1908478,205,11,131,45,343442,343385,177,15,11,13,26,518182,325459,16,20,350,29,129,0,14,0,101,638188,465,0,117,1,0,0,27,0,0,27,1,1,1,2
6359.78,1662566205278,5.080884572,1,6.2,35.7,0.0,58.2,0.0,0.0,0.0,113,1,65,0,2,487368,115816,344888,684004,5598,100390,56,56,35,0,0,5,7,5,2,0,1,0,0,0,0,2,491743,0,3,0,10,587,191518,5142,0,1,22963,17966,2284,2211,480,145,269,0,8,104,104,104,757,352,1803547,204,3,131,16,340078,340051,125,14,3,2,9,489797,325611,7,7,224,30,23,0,3,0,101,604952,307,0,68,1,0,0,4,0,0,4,1,0,0,1
6364.8,1662566212170,5.015929798,1,4.7,33.1,0.0,62.1,0.0,0.0,0.0,113,1,65,0,2,488188,114988,344896,684824,5752,98103,294,294,35,0,0,7,10,7,3,4,2,0,0,0,0,6,535734,0,5,2,14,2869,227398,5100,2,1,23399,18445,4453,4985,613,94,628,63,11,111,111,112,1618,394,1994527,209,6,131,5,350121,350070,132,18,6,8,17,533622,333151,11,13,223,22,15,0,8,0,107,665769,333,0,82,1,1,0,12,0,2,14,1,1,1,2
6369.82,1662566218961,5.017838017,1,0.3,39.5,0.0,58.4,0.0,0.0,1.7,113,1,65,0,2,488952,114224,344896,685596,7901,100128,56,56,35,0,0,5,10,5,5,1,2,0,0,0,0,15,489056,0,14,0,17,1546,189786,5786,0,1,24489,19032,15136,15638,3323,877,3348,630,14,120,120,116,7060,2553,1800317,237,28,129,47,348188,348115,140,16,28,35,55,487152,323642,23,39,263,34,44,5,35,1,107,557978,388,0,90,1,2,7,61,1,4,65,1,1,0,2
6374.84,1662566225786,5.016853660,1,1.3,33.8,0.0,64.9,0.0,0.0,0.0,113,1,65,0,2,487356,115812,344904,684008,5787,99425,84,84,35,0,0,5,7,5,2,0,1,0,0,0,0,7,485932,0,4,1,10,2923,189691,5407,0,1,22941,17915,3964,4101,887,348,909,63,9,103,103,105,1594,681,1729939,200,7,129,44,337017,336967,122,15,7,8,16,484183,321182,10,13,223,29,24,0,8,0,101,585863,318,0,64,1,0,0,22,0,0,22,1,0,0,1
6379.86,1662566232620,5.017308090,1,4.6,30.6,0.0,64.1,0.0,0.0,0.7,113,1,65,0,2,488180,114988,344904,684832,5776,98937,294,294,35,0,0,5,7,5,2,4,1,0,0,0,0,3,540627,0,5,0,11,2889,231061,5306,0,1,23492,18515,4913,5404,754,103,781,0,9,109,109,111,1855,476,2017653,207,10,130,5,352074,352016,129,15,10,12,21,538651,334580,11,17,223,22,18,0,12,0,107,677209,341,0,82,1,0,0,8,0,1,9,1,0,0,1
6384.88,1662566239453,5.016897425,1,1.5,38.0,0.0,59.9,0.0,0.0,0.6,113,1,65,0,2,487376,115792,344904,684028,5442,98304,84,84,35,0,0,5,7,5,2,0,1,0,0,0,0,7,496792,0,3,0,11,906,200912,5334,0,1,23044,18043,5829,6315,1240,234,1266,63,9,101,101,102,2463,932,1822657,199,11,129,44,337669,337612,121,16,11,13,25,494906,320528,14,18,218,24,21,0,13,0,99,595033,335,0,84,1,0,0,24,0,0,24,1,0,0,1
6389.9,1662566246280,5.016081867,1,2.4,37.6,0.0,59.7,0.0,0.0,0.3,113,1,65,0,2,487376,115792,344904,684028,5390,96218,84,84,35,0,0,5,7,5,2,0,1,0,0,0,0,9,489329,0,4,0,9,2772,191404,5012,0,1,21933,17140,3935,4448,884,284,909,126,9,98,98,100,1600,680,1747735,191,7,125,44,337098,337046,117,16,7,8,17,487169,321823,10,13,213,30,23,0,8,0,96,585529,297,0,70,1,0,0,21,0,0,21,1,0,0,1
6394.92,1662566253131,5.015848491,1,2.3,37.0,0.0,60.8,0.0,0.0,0.0,113,1,65,0,2,487856,115308,344908,684512,6657,101146,1296,1296,35,0,0,7,9,7,2,0,1,0,0,0,0,7,513028,0,15,1,9,2410,205198,5407,0,1,23724,18716,4776,4884,630,31,649,0,8,135,135,136,1615,386,1830787,223,6,131,6,350098,350040,135,14,6,8,17,510948,332510,12,14,241,34,26,22,8,4,121,634722,357,0,67,0,0,0,12,1,6,18,0,0,0,0
6399.94,1662566259927,5.016052247,1,3.3,40.9,0.0,55.1,0.0,0.0,0.7,113,1,65,0,2,489172,113992,344908,685828,5843,98432,84,84,35,0,0,5,7,5,2,0,1,0,0,0,0,8,484361,0,5,0,10,2879,189839,5229,0,1,23091,18072,5862,6019,1271,109,1289,63,44,105,105,104,2468,921,1783514,204,11,130,44,336651,336592,145,16,11,13,25,482422,319432,15,19,248,24,36,0,13,0,98,574957,381,0,92,1,0,0,27,0,0,27,1,0,0,1
6404.96,1662566266752,5.016913810,1,2.7,31.2,0.0,66.1,0.0,0.0,0.0,112,1,64,0,2,487912,115256,344904,684564,5338,98148,56,56,35,0,0,5,7,5,2,4,1,0,0,0,0,2,501923,0,3,1,10,542,201502,5339,0,1,22984,17960,4451,4612,1028,102,1057,126,8,100,100,101,1850,768,1789533,197,11,129,44,341254,341196,118,13,11,12,21,499894,325042,10,17,226,30,29,0,12,0,97,615280,328,0,81,1,0,0,20,0,1,21,1,0,0,1
6409.98,1662566273514,5.015262635,1,4.0,42.5,0.0,52.8,0.0,0.0,0.7,114,3,66,0,1,487716,115452,344904,684372,8370,110826,294,294,35,0,0,5,7,5,2,1,1,0,0,0,0,17,549336,0,15,0,10,1684,237469,5795,0,1,24355,19276,11357,11206,2245,462,2044,378,8,126,126,123,5032,1686,2032945,239,19,131,8,359344,359305,143,14,19,24,36,548944,337788,15,27,258,37,36,5,20,1,113,674784,366,0,68,1,0,0,38,0,0,38,1,0,0,1
6415,1662566281239,5.021598211,1,4.7,38.3,0.0,57.0,0.0,0.0,0.0,113,1,65,0,2,488344,114824,344904,685000,5753,98643,56,56,35,0,0,5,7,5,2,0,1,0,0,0,0,3,551188,0,3,0,9,533,245718,5507,0,1,22776,17855,2928,3074,439,150,470,126,8,103,103,104,874,266,2060528,203,4,130,5,344993,344946,121,14,4,5,12,549228,330368,10,11,215,22,12,0,5,0,100,709499,300,0,73,1,0,0,8,0,0,8,1,0,0,1
6420.02,1662566288080,5.016295194,1,5.6,34.1,0.0,58.9,0.0,0.0,1.3,113,1,65,0,2,488132,115024,344916,684800,5546,98487,84,84,35,0,0,5,10,5,5,0,2,0,0,0,0,7,483565,0,4,1,16,1546,188395,5242,0,1,22868,17860,3957,4430,886,220,908,126,15,102,102,102,1597,683,1745050,197,8,129,43,335555,335496,121,17,7,8,17,481767,320132,10,13,212,20,18,0,8,0,96,593480,310,0,82,1,2,7,18,1,4,22,1,1,0,2
6425.04,1662566294909,5.016272858,1,20.1,34.7,0.0,44.8,0.0,0.0,0.3,113,1,65,0,2,487628,115536,344908,684288,6020,99762,56,56,35,0,0,7,9,7,2,0,1,0,0,0,0,1,559922,0,3,0,11,534,247097,5318,0,1,22716,17795,1241,1396,81,11,106,0,9,105,105,108,47,5,2084495,207,0,130,7,350518,350471,130,15,0,0,4,557963,337180,6,6,227,37,19,0,0,0,104,728241,311,0,75,1,0,0,4,0,3,7,1,0,0,1
6430.06,1662566301741,5.017294835,1,5.4,33.7,0.0,60.6,0.0,0.0,0.3,113,1,65,0,2,487660,115492,344920,684328,5442,98304,84,84,35,0,0,5,7,5,2,0,1,0,0,0,0,6,533464,0,4,0,11,741,226334,5562,0,1,22776,17869,2923,3071,437,23,459,0,9,102,102,104,868,253,1948512,199,4,130,5,346200,346149,121,16,4,5,12,531561,331598,10,11,212,22,11,0,5,0,100,682821,302,0,74,1,0,0,9,0,0,9,1,0,0,1
6435.08,1662566308582,5.016532246,1,6.5,35.2,0.0,58.4,0.0,0.0,0.0,113,2,65,0,2,487976,115172,344924,684648,5671,98484,84,84,35,0,0,5,7,5,2,0,1,0,0,0,0,2,481819,0,4,1,11,2888,188208,5188,0,1,22686,17710,3773,3938,863,346,889,63,9,103,103,105,1602,693,1767648,203,7,129,44,334511,334465,122,16,7,8,17,479831,319097,10,13,221,23,23,0,8,0,100,577448,337,0,80,1,0,0,21,0,0,21,1,0,0,1
6440.1,1662566315399,5.016636262,1,1.4,29.0,0.0,69.6,0.0,0.0,0.0,113,1,65,0,2,487936,115180,344956,684624,6156,106122,84,84,35,0,0,5,7,5,2,0,1,0,0,0,0,10,488366,0,5,0,10,2901,189700,5333,0,1,22882,17909,2490,2404,505,81,287,0,9,107,107,108,779,370,1729447,211,3,131,18,337984,337936,127,16,3,2,9,486070,323188,7,7,237,37,29,0,3,0,103,602821,310,0,68,1,0,0,8,0,0,8,1,0,0,1
6445.13,1662566322573,5.025621451,1,2.9,34.3,0.0,62.7,0.0,0.0,0.0,113,1,65,0,2,488196,114916,344960,684888,7683,101937,84,84,35,0,0,5,10,5,5,1,2,0,0,0,0,12,519802,0,16,0,16,3835,208986,5642,0,1,24321,18918,12099,12264,2507,659,2526,504,15,118,118,115,5441,1890,1889871,233,21,130,7,357619,357551,140,18,21,27,43,517635,335605,20,33,252,28,31,5,27,1,104,643313,361,0,87,1,2,7,45,1,4,49,1,1,0,2
6450.15,1662566329391,5.021899616,1,1.7,29.6,0.0,67.8,0.0,0.0,1.0,113,1,65,0,2,487552,115572,344948,684232,5802,98679,266,266,35,0,0,7,9,7,2,6,1,0,0,0,0,10,482258,0,3,0,11,592,188629,5394,0,1,23583,18562,7870,8280,1560,313,1575,189,9,105,105,108,3413,1138,1765200,199,17,129,44,338259,338196,120,16,17,17,33,480175,318240,15,24,226,26,33,0,20,0,102,579641,346,0,80,1,0,0,29,0,2,31,1,0,0,1
6455.17,1662566336231,5.016720608,1,3.1,31.0,0.0,66.0,0.0,0.0,0.0,113,1,65,0,2,487652,115464,344956,684340,5768,97937,84,84,35,0,0,5,7,5,2,0,1,0,0,0,0,7,528766,0,4,0,11,2858,225332,5164,0,1,22863,17871,4146,4310,893,95,919,126,9,106,106,106,1602,683,1947943,207,7,129,46,344569,344517,125,15,7,8,17,526903,328823,10,13,231,37,29,0,8,0,102,679031,320,0,75,1,0,0,22,0,1,23,1,0,0,1
6460.19,1662566343011,5.017782898,1,2.2,32.9,0.0,63.3,0.0,0.0,1.6,113,1,65,0,2,488008,115116,344948,684688,5597,98382,56,56,35,0,0,5,7,5,2,0,1,0,0,0,0,2,489532,0,3,0,11,2128,189728,4998,0,1,22906,17967,2930,3079,442,86,467,0,9,103,103,104,880,259,1798552,203,4,131,5,339498,339447,127,15,4,6,12,487715,324849,10,11,218,22,15,0,5,0,101,607847,310,0,77,1,0,0,9,0,0,9,1,1,1,2
6465.21,1662566349820,5.018120715,1,2.8,34.5,0.0,62.7,0.0,0.0,0.0,113,2,64,0,2,488140,114976,344956,684828,5602,97792,294,294,35,0,0,5,7,5,2,0,1,0,0,0,0,12,486267,0,4,1,10,2884,189613,5358,0,1,23406,18410,7343,7806,1426,305,1458,63,9,108,108,109,3175,1050,1774230,203,14,128,44,341509,341448,123,16,13,16,29,484348,322076,15,20,223,24,25,0,16,0,105,589384,343,0,75,1,0,0,29,0,0,29,1,0,0,1
6470.23,1662566356601,5.016187041,1,4.2,33.2,0.0,62.5,0.0,0.0,0.0,113,1,65,0,2,487928,115180,344964,684624,5865,97804,84,84,35,0,0,5,10,5,5,0,2,0,0,0,0,8,499990,0,4,0,18,2860,201289,5190,0,1,22968,17952,4151,4321,893,284,919,126,15,107,107,108,1605,681,1781418,211,7,129,46,340255,340207,129,18,7,8,17,498023,324404,10,13,237,37,30,0,8,0,104,628418,340,0,85,1,2,7,23,1,4,27,1,1,0,2
6475.25,1662566363423,5.019022232,1,4.3,29.6,0.0,66.1,0.0,0.0,0.0,113,1,65,0,2,487960,115148,344964,684656,5746,99347,56,56,35,0,0,7,10,7,3,1,2,0,0,0,0,8,546926,0,3,0,12,2837,239288,5299,2,1,22876,17961,3122,3474,453,149,478,0,10,102,102,105,875,261,2022453,201,4,130,5,346875,346820,126,16,4,5,12,544786,332022,10,11,216,31,14,0,5,0,99,696108,326,0,73,1,1,0,9,0,2,11,1,1,1,2
6480.39,1662566370275,5.136169111,1,3.1,36.2,0.0,60.7,0.0,0.0,0.0,113,1,65,0,2,489240,113896,344936,685924,15677,237538,378,378,35,0,0,5,7,5,2,0,1,0,0,0,0,21,505961,0,3,0,10,3456,202515,5648,0,1,24846,19063,11747,13434,2323,345,2766,378,9,113,113,114,5704,1653,1874192,216,24,133,34,353048,352980,131,16,24,32,47,504294,330305,21,38,229,27,16,0,31,0,109,593185,371,0,80,1,0,0,56,0,1,57,1,0,0,1
6485.4,1662566384019,5.014662188,1,7.7,35.3,0.0,57.0,0.0,0.0,0.0,114,2,66,0,1,488056,115084,344932,684736,5695,98382,84,84,35,0,0,5,7,5,2,0,1,0,0,0,0,3,575932,0,4,0,11,2629,254446,5209,0,1,22984,18028,3112,3260,452,23,480,0,9,104,104,106,872,262,2161471,203,4,130,5,360960,360907,123,15,4,5,13,573917,346044,10,11,219,29,15,0,5,0,101,742620,311,0,73,1,0,0,10,0,0,10,1,0,0,1
6490.42,1662566391219,5.021857861,1,1.7,30.0,0.0,67.9,0.0,0.0,0.3,113,1,65,0,2,488180,114968,344924,684852,5706,98053,266,266,35,0,0,5,10,5,5,6,2,0,0,0,0,9,553714,0,3,0,18,584,248000,5672,0,1,23651,18560,5047,5242,756,108,778,0,41,109,109,109,1858,460,2069832,207,10,130,5,348584,348528,141,17,10,12,20,551669,330566,11,17,309,23,105,0,12,0,106,682800,386,0,100,1,2,7,9,1,4,13,1,1,0,2
6495.44,1662566398018,5.016689373,1,2.5,39.6,0.0,57.2,0.0,0.0,0.7,113,1,65,0,2,487772,115364,344936,684456,5864,98563,84,84,35,0,0,5,7,5,2,0,1,0,0,0,0,4,512396,0,4,1,11,2888,217082,5399,0,1,22997,17979,4146,4641,899,347,921,126,9,104,104,108,1596,682,1879255,203,7,129,46,336548,336493,123,16,7,8,16,510367,320554,10,13,226,39,26,0,8,0,102,643949,326,0,76,1,0,0,22,0,1,23,1,0,0,1
6500.46,1662566404849,5.016849691,1,20.1,35.5,0.0,43.2,0.0,0.0,1.2,113,1,65,0,2,488528,114616,344928,685204,5488,98354,56,56,35,0,0,7,9,7,2,0,1,0,0,0,0,8,553085,0,4,0,10,2866,248074,5240,0,1,22870,17950,3120,3269,455,24,472,0,9,103,103,104,868,257,2072401,202,4,130,5,345520,345463,122,16,3,5,12,551418,330689,9,10,217,29,14,0,4,0,100,721390,303,0,69,1,0,0,8,0,2,10,1,0,0,1
6505.48,1662566411621,5.017316361,1,3.1,29.6,0.0,67.4,0.0,0.0,0.0,113,1,65,0,2,487820,115312,344940,684508,5602,97792,294,294,35,0,0,5,7,5,2,0,1,0,0,0,0,8,511022,0,4,1,11,2880,215295,5427,0,1,23250,18330,4432,4579,623,282,634,126,9,110,110,111,1613,379,1850289,207,6,129,5,342874,342824,129,16,6,8,16,509053,325949,11,13,220,22,15,0,8,0,106,651211,328,0,75,1,0,0,11,0,0,11,1,1,1,2
6510.5,1662566418454,5.022175699,1,1.7,33.0,0.0,65.3,0.0,0.0,0.0,113,1,65,0,2,488992,114144,344936,685680,5736,98684,84,84,35,0,0,5,7,5,2,0,1,0,0,0,0,12,487952,0,4,0,11,2063,187731,5185,0,1,22853,17850,3880,4047,866,95,901,189,9,107,107,107,1593,693,1749517,209,7,129,45,341059,341003,124,13,7,8,17,485918,325481,10,13,231,27,25,0,8,0,102,602087,320,0,80,1,0,0,22,0,0,22,1,0,0,1
6515.57,1662566425296,5.074571959,1,2.9,33.5,0.0,63.5,0.0,0.0,0.0,113,1,65,0,2,487488,115648,344936,684176,6014,107952,84,84,35,0,0,6,15,5,9,0,2,0,0,0,0,6,500729,0,3,0,26,592,191993,5117,0,1,22964,17965,2291,2230,473,145,269,0,23,103,103,104,752,361,1827238,203,3,131,16,347924,347879,125,17,3,2,9,498511,333463,7,7,224,30,23,0,3,0,101,615952,323,0,85,1,1,7,4,0,0,4,1,1,0,2
6520.58,1662566432570,5.013354445,1,3.6,28.9,0.0,67.1,0.0,0.0,0.3,112,1,65,0,2,488172,114964,344936,684860,20626,226251,9277,9277,35,0,0,8,12,7,3,4,2,0,0,0,0,13,500551,0,14,0,13,3371,195624,5661,3,1,23548,18719,11586,11363,2610,658,2415,567,11,120,120,116,5213,2046,1825907,237,20,129,47,353666,353630,146,17,20,30,45,500128,332848,18,28,261,33,41,5,24,1,107,595592,371,0,87,1,1,0,48,0,2,50,1,1,1,2
6525.6,1662566445486,5.021198341,1,3.0,34.7,0.0,61.9,0.0,0.0,0.4,112,1,65,0,2,487920,115216,344936,684608,5806,104562,84,84,35,0,0,5,7,5,2,0,1,0,0,0,0,3,549931,0,3,0,11,2882,241819,5374,0,1,22860,17928,4334,4115,893,283,658,63,9,98,98,99,1645,627,2055606,193,7,129,16,349561,349512,118,16,7,5,18,547855,333440,11,12,215,31,24,0,8,0,96,698876,299,0,74,1,0,0,11,0,0,11,1,1,1,2
6530.62,1662566452633,5.016435891,1,3.2,33.0,0.0,63.5,0.0,0.0,0.3,112,1,65,0,2,488472,114664,344936,685160,5752,99928,294,294,35,0,0,5,7,5,2,4,1,0,0,0,0,8,546853,0,4,0,11,563,241753,5630,0,1,23694,18602,5049,5199,773,45,791,0,92,110,110,111,1861,467,2049173,209,10,132,5,347740,347677,167,16,10,12,21,544622,329789,12,18,323,23,97,0,12,0,107,681590,441,0,106,1,0,0,12,0,0,12,1,0,0,1
6535.64,1662566459444,5.015916319,1,3.0,32.9,0.0,63.8,0.0,0.0,0.3,112,1,65,0,2,487572,115552,344948,684264,5581,98606,56,56,35,0,0,5,7,5,2,0,1,0,0,0,0,6,483618,0,3,0,11,2545,187120,5180,0,1,22687,17719,3765,4283,860,94,888,0,9,101,101,102,1600,683,1754206,199,7,129,44,337533,337482,125,16,7,8,16,481541,322114,10,13,217,23,20,0,8,0,99,598878,312,0,78,1,0,0,20,0,0,20,1,0,0,1
6540.66,1662566466280,5.022642256,1,5.5,31.1,0.0,63.1,0.0,0.0,0.3,112,1,65,0,2,487888,115244,344940,684580,5390,95436,84,84,35,0,0,5,9,5,4,0,2,0,0,0,0,8,534602,0,4,0,16,2761,230419,5479,0,1,22101,17321,6005,6512,1272,360,1292,0,13,98,98,100,2469,931,1994282,191,11,124,44,345509,345448,119,18,11,13,26,532482,328606,14,18,214,31,24,0,13,0,96,664260,328,0,85,1,2,6,28,1,4,32,1,1,0,2
6545.68,1662566473103,5.017357310,1,2.9,38.4,0.0,57.8,0.0,0.0,0.9,112,1,65,0,2,487872,115256,344944,684568,5893,99131,266,266,35,0,0,5,7,5,2,0,1,0,0,0,0,9,528864,0,3,1,11,574,222639,5481,0,1,23355,18397,4422,4928,606,221,643,63,9,109,109,110,1609,380,1945165,207,6,130,5,347674,347618,125,16,6,8,16,526677,330764,11,13,217,18,16,0,8,0,104,654481,337,0,74,1,0,0,11,0,0,11,1,0,0,1
6550.7,1662566479923,5.017914083,1,4.7,32.2,0.0,63.1,0.0,0.0,0.0,112,1,65,0,2,487556,115580,344936,684244,5545,98382,84,84,35,0,0,7,9,7,2,0,1,0,0,0,0,7,477842,0,4,0,10,2607,188357,5172,0,1,22663,17700,3766,3932,861,347,887,0,8,104,104,103,1600,679,1758478,201,8,129,44,330343,330288,124,13,7,8,16,475763,314940,10,13,220,23,21,0,8,0,99,584638,310,0,75,0,0,0,20,0,2,22,0,0,0,0
6555.72,1662566486723,5.015038959,1,3.9,35.2,0.0,60.2,0.0,0.0,0.6,112,1,65,0,2,488204,114916,344952,684904,7607,99748,84,84,35,0,0,5,7,5,2,0,1,0,0,0,0,19,483348,0,14,0,11,2585,188897,5603,0,1,24476,19030,15166,15346,3335,814,3353,567,9,116,116,113,7047,2554,1739588,229,28,128,46,345340,345260,140,15,28,35,56,481321,320770,24,40,252,37,41,5,35,1,103,571830,374,0,82,1,0,0,61,0,0,61,1,0,0,1
6560.74,1662566493548,5.017357643,1,2.5,32.8,0.0,64.4,0.0,0.0,0.3,112,1,65,0,2,487984,115136,344952,684684,6231,100355,266,266,35,0,0,5,7,5,2,0,1,0,0,0,0,6,499461,0,3,0,10,816,196249,5422,0,1,23576,18592,4708,5233,629,157,665,126,8,114,114,115,1610,377,1834211,217,6,130,6,345503,345443,128,13,6,8,16,497359,328128,11,13,231,32,23,0,8,0,111,608865,331,0,77,1,0,0,12,0,0,12,1,0,0,1
6565.76,1662566500356,5.016476668,1,2.4,28.7,0.0,68.6,0.0,0.0,0.3,112,1,65,0,2,487432,115696,344944,684124,5384,97311,84,84,35,0,0,5,14,5,9,0,2,0,0,0,0,5,483829,0,5,0,27,2881,185092,5193,0,1,22603,17652,2523,2938,473,211,717,0,23,102,102,102,864,355,1750302,199,4,129,33,340791,340734,123,17,4,6,11,481754,326593,9,12,212,21,10,0,5,0,97,585629,319,0,92,1,1,6,19,0,0,19,1,1,0,2
6570.78,1662566507193,5.015784233,1,3.5,36.1,0.0,59.7,0.0,0.0,0.6,112,1,65,0,2,487876,115244,344952,684568,5592,98565,56,56,35,0,0,5,7,5,2,0,1,0,0,0,0,11,511124,0,3,1,11,2292,206775,5370,0,1,23055,18074,6010,6169,1262,109,1291,63,9,101,101,102,2469,935,1837989,199,11,128,44,347110,347048,125,16,11,13,25,509099,329743,14,18,222,31,24,0,13,0,98,623842,321,0,78,1,0,0,25,1,4,29,1,0,0,1
6575.8,1662566514021,5.020881278,1,8.4,36.8,0.0,54.2,0.0,0.0,0.7,113,2,66,0,1,488624,114480,344968,685332,5892,100069,294,294,35,0,0,5,7,5,2,4,1,0,0,0,0,2,553403,0,4,1,11,619,246787,5791,0,1,23839,18712,5363,5395,781,109,797,0,136,112,112,112,1854,471,2084959,209,10,132,6,349949,349891,195,16,10,8,20,551368,331501,13,19,363,33,126,0,13,0,108,683049,495,0,129,1,0,0,13,0,0,13,1,1,1,2
6580.82,1662566521219,5.016390335,1,4.5,33.6,0.0,62.0,0.0,0.0,0.0,112,1,65,0,2,487824,115284,344964,684532,5598,99608,56,56,35,0,0,7,9,7,2,0,1,0,0,0,0,3,515093,0,3,1,11,2847,213058,4936,0,1,22573,17644,859,1050,51,9,77,0,9,102,102,102,4,5,1861899,201,0,130,5,339747,339701,122,15,0,0,3,512686,326718,6,6,212,21,10,0,0,0,99,660448,280,0,67,1,0,0,3,0,2,5,1,0,0,1
6585.84,1662566528096,5.015625922,1,4.3,27.9,0.0,66.4,0.0,0.0,1.3,112,1,65,0,2,487400,115704,344968,684112,5390,98304,84,84,35,0,0,5,7,5,2,0,1,0,0,0,0,3,472648,0,4,1,12,558,187367,5276,0,1,22723,17755,3956,4122,879,157,905,63,9,102,102,102,1600,680,1706541,199,8,128,44,327790,327740,125,15,7,9,16,470736,312153,10,13,218,30,20,0,8,0,98,581365,307,0,79,1,0,0,20,0,1,21,1,0,0,1
6590.86,1662566534930,5.016079467,1,17.6,27.9,0.0,53.4,0.0,0.0,1.2,111,1,64,0,2,487668,115424,344980,684392,5969,99890,56,56,35,0,0,5,7,5,2,0,1,0,0,0,0,3,494334,0,4,1,11,609,191484,5341,0,1,23032,18088,3307,3448,475,149,489,0,9,107,107,108,911,256,1812196,211,4,134,7,342814,342764,125,14,4,5,13,492249,327647,10,11,233,36,21,0,5,0,104,609074,308,0,70,1,0,0,6,0,0,6,1,0,0,1
6595.87,1662566541682,5.013017058,1,1.3,32.8,0.0,65.6,0.0,0.0,0.3,112,1,65,0,2,487968,115144,344960,684680,13665,206319,140,140,35,0,0,0,0,0,0,0,0,0,0,0,0,13,524805,0,14,0,5,3359,216251,5609,0,0,24029,19156,11604,11788,2596,779,2470,504,5,116,116,113,5182,1997,1917585,229,21,130,46,357147,357111,136,11,21,33,42,524377,335125,20,28,254,37,41,5,20,1,104,638734,365,0,72,1,0,0,43,0,0,43,1,1,1,2
6600.89,1662566553855,5.016364743,1,2.6,29.2,0.0,67.2,0.0,0.0,1.0,112,1,65,0,2,487684,115412,344976,684408,5869,100199,294,294,35,0,0,7,10,7,3,1,2,0,0,0,0,6,502339,0,4,0,12,2867,193908,5236,2,1,23634,18636,4719,5219,626,157,648,63,10,113,113,114,1614,370,1757571,213,6,130,6,350653,350601,128,15,6,8,16,500440,333322,11,13,230,32,21,0,8,0,110,620854,339,0,74,1,1,0,14,0,3,17,1,1,1,2
6605.91,1662566561181,5.015839651,1,4.1,33.3,0.0,62.5,0.0,0.0,0.0,112,1,65,0,2,488276,114832,344964,684992,5805,100729,56,56,35,0,0,5,8,5,3,0,1,0,0,0,0,1,500712,0,3,0,13,2886,194757,5128,0,1,22640,17709,857,1012,51,9,77,0,11,103,103,104,5,5,1788152,203,0,130,5,343981,343939,129,18,0,0,3,498666,330926,6,6,214,21,11,0,0,0,101,634517,298,0,71,1,0,0,3,0,0,3,1,0,0,1
6610.93,1662566567965,5.016747254,1,1.8,37.7,0.0,60.2,0.0,0.0,0.3,112,1,65,0,2,487308,115800,344964,684024,5488,98354,84,84,35,0,0,5,7,5,2,0,1,0,0,0,0,5,544938,0,5,0,11,543,243394,5618,0,1,23176,18160,6025,6183,1265,234,1283,126,9,104,104,104,2462,930,2049788,203,11,129,44,343698,343637,127,16,11,13,25,542868,326289,13,17,226,31,23,0,13,0,99,680780,340,0,81,1,0,0,29,0,0,29,1,0,0,1
6615.95,1662566574834,5.015817997,1,23.8,31.5,0.0,43.4,0.0,0.0,1.3,112,1,65,0,2,488708,114388,344976,685432,6072,99762,56,56,35,0,0,5,7,5,2,0,1,0,0,0,0,4,489342,0,3,0,11,2901,192337,5132,0,1,23146,18157,3328,3764,473,87,495,0,33,107,107,109,915,264,1740264,208,4,130,7,338203,338156,138,16,4,5,13,487477,322957,11,12,247,38,34,0,5,0,104,611178,341,0,81,1,0,0,11,0,0,11,1,0,0,1
6620.97,1662566581661,5.016181908,1,2.2,33.8,0.0,64.0,0.0,0.0,0.0,112,1,65,0,2,487832,115260,344980,684560,5494,99347,84,84,35,0,0,5,7,5,2,6,1,0,0,0,0,1,549181,0,4,1,10,2868,238939,5207,0,1,22646,17710,1370,1527,193,80,220,63,9,103,103,104,248,100,2028433,201,4,130,5,348624,348585,122,16,4,4,7,547212,335197,6,10,220,21,17,0,4,0,100,712420,298,0,71,1,0,0,3,1,4,7,1,1,1,2
6625.99,1662566588518,5.016476339,1,6.6,33.5,0.0,59.2,0.0,0.0,0.6,112,1,65,0,2,487140,115948,344984,683872,5234,94132,84,84,35,0,0,5,7,5,2,0,1,0,0,0,0,7,521089,0,4,0,12,1336,220609,5091,0,1,21793,17018,3745,3916,858,156,885,63,9,98,98,99,1598,685,1914856,191,7,124,44,339570,339519,121,16,7,8,17,519161,324649,10,13,210,23,20,0,8,0,95,647380,305,0,82,1,0,0,21,0,0,21,1,0,0,1
6631.01,1662566595357,5.016438325,1,3.5,27.2,0.0,68.3,0.0,0.0,1.0,112,1,65,0,2,488108,114980,344984,684840,8452,108733,84,84,35,0,0,8,12,7,3,6,2,0,0,0,0,20,492182,0,14,0,14,1559,196437,5686,3,1,24485,19052,13733,13952,2948,423,2767,567,10,120,120,117,6205,2256,1752057,237,24,130,20,344819,344747,140,15,24,30,48,490183,321133,21,34,266,44,47,5,30,1,108,572302,380,0,86,1,1,0,50,0,2,52,1,1,1,2
6636.03,1662566602598,5.016774422,1,4.6,38.3,0.0,56.8,0.0,0.0,0.3,112,1,65,0,2,488156,114928,344988,684892,5695,99475,84,84,35,0,0,5,7,5,2,0,1,0,0,0,0,2,534692,0,5,0,10,2879,227316,5231,0,1,22580,17661,863,1019,51,10,77,0,8,105,105,106,4,5,1956637,205,1,130,5,345102,345054,125,14,0,0,4,532646,332187,6,6,218,21,14,0,0,0,100,698557,307,0,70,1,0,0,3,0,0,3,1,0,0,1
6641.05,1662566609381,5.016682294,1,1.7,31.7,0.0,66.0,0.0,0.0,0.7,112,1,65,0,2,487224,115868,344980,683952,5802,97261,161,161,35,0,0,5,7,5,2,0,1,0,0,0,0,10,482757,0,3,0,11,2906,187821,5191,0,1,22717,17765,3914,4026,863,220,893,0,9,103,103,106,1689,692,1754807,199,7,129,44,335902,335849,124,16,7,8,17,480567,320110,10,13,215,25,22,0,8,0,100,593122,330,0,79,1,0,0,22,0,0,22,1,0,0,1
6646.07,1662566616235,5.016383814,1,5.3,35.7,0.0,58.6,0.0,0.0,0.3,112,1,65,0,2,487368,115716,344988,684104,5692,92930,84,84,35,0,0,5,7,5,2,0,1,0,0,0,0,9,510141,0,4,1,11,2751,207664,5295,0,1,21859,17150,6210,6678,1276,297,1298,63,8,103,103,104,2476,933,1858273,200,11,123,46,343474,343416,120,14,11,13,26,507814,326420,14,18,228,38,31,0,13,0,100,621038,328,0,78,1,0,0,29,1,4,33,1,1,1,2
6651.09,1662566623073,5.015959502,1,4.7,28.8,0.0,65.9,0.0,0.0,0.7,112,1,65,0,2,487784,115308,344980,684512,5494,100390,56,56,35,0,0,5,7,5,2,0,1,0,0,0,0,0,502728,0,3,0,11,2913,192340,4973,0,1,22546,17627,855,1011,50,9,76,0,9,102,102,103,4,5,1766590,201,0,130,5,347914,347869,122,15,0,0,4,500482,334834,6,6,215,21,13,0,0,0,99,628464,282,0,64,1,0,0,2,0,0,2,1,0,0,1
6656.1,1662566629885,5.014990246,1,3.4,31.5,0.0,64.4,0.0,0.0,0.7,112,2,65,0,2,488172,114912,344988,684908,5751,98757,294,294,35,0,0,5,7,5,2,0,1,0,0,0,0,10,486097,0,4,0,11,2909,187605,5247,0,1,23250,18245,5265,5777,1039,353,1069,189,9,108,108,110,2297,820,1770216,203,9,129,44,342167,342121,127,15,9,11,20,484529,324483,11,15,223,23,25,0,11,0,105,592185,347,0,82,1,0,0,23,0,1,24,1,0,0,1
6661.12,1662566636666,5.015217333,1,2.8,37.0,0.0,60.2,0.0,0.0,0.0,112,1,65,0,2,487872,115212,344988,684608,5814,98769,84,84,35,0,0,7,9,7,2,0,1,0,0,0,0,13,497980,0,4,0,11,563,191571,5378,0,1,23357,18319,6218,6377,1283,361,1316,63,9,107,107,108,2475,944,1756823,211,11,129,46,348593,348531,127,13,11,13,26,495827,330885,14,18,238,38,30,0,13,0,103,599247,327,0,79,1,0,0,28,0,2,30,1,0,0,1
6666.14,1662566643427,5.016467902,1,2.9,30.9,0.0,66.2,0.0,0.0,0.0,111,1,64,0,2,488628,114460,344984,685360,5850,100390,56,56,35,0,0,5,7,5,2,6,1,0,0,0,0,2,528372,0,3,0,11,539,229392,5313,0,1,22802,17846,1558,1713,206,17,233,0,9,102,102,105,244,100,1953787,201,4,130,5,338889,338844,122,16,4,4,7,526373,325161,6,10,223,30,19,0,4,0,100,679808,311,0,75,1,0,0,4,0,0,4,1,0,0,1
6671.16,1662566650183,5.023658682,1,20.6,30.2,0.0,47.9,0.0,0.0,1.3,112,2,65,0,2,488424,114652,344996,685168,12852,183433,350,350,35,0,0,0,0,0,0,1,0,0,0,0,0,7,504803,0,15,0,4,3414,198986,5360,0,0,23977,19117,10771,11673,2247,712,2257,441,4,123,123,120,4629,1650,1858857,241,20,130,9,354297,354267,139,9,16,26,40,503350,333854,18,30,262,42,37,5,18,1,109,590216,365,0,60,1,0,0,42,0,0,42,1,0,0,1
6676.18,1662566661407,5.018530244,1,5.6,29.0,0.0,65.0,0.0,0.0,0.3,112,2,64,0,2,487280,115804,344988,684016,5442,99347,56,56,35,0,0,5,7,5,2,0,1,0,0,0,0,2,561931,0,3,1,11,505,244556,5374,0,1,22661,17725,859,1012,51,9,78,0,9,103,103,103,3,5,2090643,201,0,131,5,354978,354935,126,15,0,0,3,559963,342049,6,6,212,21,10,0,0,0,100,736785,306,0,68,1,0,0,2,0,0,2,1,0,0,1
6681.2,1662566668233,5.016897973,1,9.0,33.1,0.0,56.4,0.0,0.0,1.5,111,1,65,0,1,487652,115412,345008,684400,5546,98565,84,84,35,0,0,7,10,7,3,1,2,0,0,0,0,8,499365,0,4,1,13,2002,203055,5333,2,1,23070,18057,5841,6004,1257,109,1268,0,10,103,103,104,2467,935,1838888,201,11,129,44,338213,338150,120,13,11,13,26,497272,321062,14,18,219,24,21,0,13,0,99,606552,334,0,82,1,1,0,28,0,2,30,1,1,1,2
6686.22,1662566675061,5.016122569,1,18.0,33.4,0.0,48.3,0.0,0.0,0.3,112,1,65,0,2,487828,115224,345020,684588,5894,100020,56,56,35,0,0,5,7,5,2,0,1,0,0,0,0,4,539678,0,4,0,11,1555,226236,5403,0,1,23139,18172,3319,3772,475,87,495,0,9,109,109,110,912,269,1968594,215,4,131,7,353236,353186,129,15,4,5,13,537525,338000,10,11,235,36,21,0,5,0,105,676986,318,0,72,1,0,0,11,0,1,12,1,0,0,1
6691.24,1662566681880,5.017108973,1,3.6,35.3,0.0,61.1,0.0,0.0,0.0,112,1,65,0,2,488072,114976,345024,684832,5798,99347,84,84,35,0,0,6,15,5,9,0,2,0,0,0,0,2,490580,0,4,0,29,2917,191157,5123,0,1,22580,17657,866,1342,50,9,77,63,23,103,103,106,3,8,1747813,201,0,130,5,337175,337130,128,17,0,0,3,488496,324194,6,6,213,23,10,0,0,0,99,622130,305,0,87,1,1,7,2,0,0,2,1,2,1,2
6696.26,1662566688702,5.016486276,1,5.3,36.2,0.0,58.2,0.0,0.0,0.3,112,1,65,0,2,487904,115152,345016,684668,5286,97105,84,84,35,0,0,5,7,5,2,0,1,0,0,0,0,4,537101,0,3,1,10,2851,236302,5273,0,1,22818,17867,5835,6317,1251,360,1274,126,9,99,99,100,2464,934,2012760,195,11,127,44,342811,342751,119,16,11,13,26,535034,325678,14,18,216,24,23,0,13,0,96,679542,333,0,78,1,0,0,27,1,4,31,1,0,0,1
6701.3,1662566695547,5.044290100,1,3.9,32.1,0.0,63.6,0.0,0.0,0.3,112,1,65,0,2,487944,115112,345016,684708,5872,103934,84,84,35,0,0,5,7,5,2,0,1,0,0,0,0,17,504201,0,3,1,11,2912,200416,5348,0,1,23141,18164,4546,4446,922,159,674,63,9,107,107,106,1679,649,1800521,211,7,131,18,344867,344807,127,16,7,7,18,501888,328343,11,12,235,38,30,0,8,0,102,630059,312,0,72,1,0,0,12,0,1,13,1,0,0,1
6706.32,1662566702590,5.016003117,1,3.4,32.2,0.0,64.1,0.0,0.0,0.3,113,1,65,0,2,488660,114392,345020,685428,7607,100790,84,84,35,0,0,5,8,5,3,4,2,0,0,0,0,18,544423,0,15,1,13,3954,237176,5651,2,1,24166,18634,10206,10718,2120,469,2171,441,123,118,118,115,4569,1622,2020287,231,17,131,7,353100,353034,202,16,17,22,34,542379,332382,18,30,376,28,133,5,24,1,104,667349,508,0,127,1,1,0,40,0,0,40,1,1,1,2
6711.34,1662566709481,5.016816553,1,5.9,40.9,0.0,52.9,0.0,0.0,0.3,113,1,65,0,2,488364,114692,345016,685124,5596,98432,161,161,35,0,0,7,9,7,2,0,1,0,0,0,0,6,478480,0,4,1,11,2565,188258,5118,0,1,22766,17808,4026,4108,871,220,899,126,9,104,104,105,1692,684,1749653,201,7,128,44,330965,330899,122,15,7,8,17,476563,314913,10,13,221,23,22,0,8,0,102,579797,322,0,80,1,0,0,22,0,2,24,1,0,0,1
6716.36,1662566716321,5.015504123,1,3.6,34.3,0.0,61.7,0.0,0.0,0.3,113,1,65,0,2,488156,114892,345024,684928,6020,97937,84,84,35,0,0,5,7,5,2,0,1,0,0,0,0,8,480422,0,4,0,11,1036,188918,5479,0,1,22816,17895,6213,6373,1283,360,1302,0,9,105,105,107,2474,937,1769337,203,11,127,46,334819,334766,123,15,11,13,26,478513,317401,14,18,230,40,30,0,13,0,101,571111,339,0,78,1,0,0,29,0,0,29,1,0,0,1
6721.38,1662566723144,5.016663963,1,5.6,34.9,0.0,58.9,0.0,0.0,0.6,112,2,63,0,2,487660,115388,345024,684432,5442,99347,56,56,35,0,0,6,15,5,9,0,2,0,0,0,0,1,493644,0,3,1,32,2886,191264,5048,0,1,22576,17647,867,1367,52,10,77,0,23,102,102,103,4,6,1740895,201,0,130,5,340861,340827,124,18,0,0,4,491654,328000,6,6,213,21,13,0,0,0,99,635469,308,0,90,1,1,7,2,0,0,2,1,1,0,2
6726.4,1662566729937,5.016202776,1,7.0,34.3,0.0,58.7,0.0,0.0,0.0,113,1,65,0,2,487424,115616,345032,684204,5602,97792,294,294,35,0,0,5,7,5,2,0,1,0,0,0,0,15,546952,0,4,0,11,2861,237945,5434,0,1,23116,18140,5273,5795,1038,228,1069,252,9,108,108,109,2298,804,2029030,203,9,129,44,351965,351912,127,16,9,11,20,544979,334246,11,15,222,23,24,0,11,0,105,688626,343,0,80,1,0,0,22,1,4,26,1,0,0,1
6731.42,1662566736745,5.015685859,1,4.7,33.0,0.0,62.0,0.0,0.0,0.4,113,1,65,0,2,487652,115384,345036,684436,11152,101641,8983,8983,35,0,0,5,7,5,2,0,1,0,0,0,0,14,498385,0,9,1,10,2219,198959,5474,0,1,22897,17968,6935,7399,1481,430,1508,378,8,148,149,145,2854,1107,1734570,239,12,127,48,342212,342155,140,14,12,14,28,496230,323976,15,19,270,42,54,11,15,2,137,587476,350,0,76,1,0,0,29,0,1,30,1,0,0,1
6736.44,1662566743578,5.016486796,1,5.1,31.7,0.0,62.8,0.0,0.0,0.3,113,1,65,0,2,488196,114832,345044,684984,5436,97311,56,56,35,0,0,7,9,7,2,0,1,0,0,0,0,0,485929,0,4,0,11,2917,187767,5037,0,1,22616,17698,1044,1559,64,9,92,0,9,103,103,104,4,5,1778006,203,0,130,5,336821,336775,123,15,0,0,3,483979,323685,6,6,218,28,13,0,0,0,100,597884,295,0,72,1,0,0,3,0,2,5,1,0,0,1
6741.47,1662566750420,5.025779479,1,2.4,31.2,0.0,65.2,0.0,0.0,1.2,112,2,63,0,2,487976,115052,345044,684764,5802,99878,294,294,35,0,0,5,7,5,2,0,1,0,0,0,0,6,485617,0,4,0,11,636,188161,5483,0,1,23533,18525,6103,6501,1013,297,1263,315,9,109,109,110,2447,699,1762811,205,10,130,33,340992,340923,128,15,10,14,24,483581,322610,14,19,218,24,15,0,13,0,104,579595,335,0,80,1,0,0,29,0,0,29,1,0,0,1
6746.49,1662566757235,5.021262446,1,4.2,34.2,0.0,61.6,0.0,0.0,0.0,113,1,66,0,2,487708,115324,345040,684492,11878,172134,112,112,35,0,0,0,0,0,0,0,0,0,0,0,0,13,519720,0,14,0,5,3392,201578,5464,0,0,23713,18840,10469,11051,2182,767,1993,504,5,116,116,112,4369,1566,1849500,229,17,130,7,363630,363591,136,12,17,26,37,518588,343465,18,27,245,28,29,5,18,1,103,623138,349,0,62,1,0,0,38,0,0,36,1,0,0,1
6751.51,1662566767758,5.015745730,1,2.8,36.7,0.0,60.1,0.0,0.0,0.4,113,1,65,0,2,488464,114552,345056,685264,5545,98382,84,84,35,0,0,5,7,5,2,6,1,0,0,0,0,4,518088,0,4,1,11,640,215273,5499,0,1,23564,18375,6676,6836,1429,564,1452,189,93,104,104,103,2713,1005,1926082,203,15,131,44,346403,346358,166,16,15,17,29,516240,328062,15,23,337,32,122,0,17,0,99,622026,444,0,111,1,0,0,29,1,4,33,1,0,0,1
6756.53,1662566774574,5.017993685,1,21.6,36.3,0.0,42.1,0.0,0.0,0.0,113,1,65,0,2,488384,114624,345064,685192,5980,100293,294,294,35,0,0,7,11,7,3,1,2,0,0,0,0,11,550104,0,4,1,14,2861,239956,5233,2,1,22949,17997,2277,2464,245,143,271,189,11,108,108,109,653,128,2044296,207,2,129,6,349646,349584,127,18,2,3,7,547553,335105,7,8,223,31,17,0,3,0,104,705280,323,0,77,1,1,0,6,0,2,8,1,1,1,2
6761.55,1662566781374,5.016264800,1,5.6,32.9,0.0,60.2,0.0,0.0,1.3,113,1,65,0,2,487912,115100,345060,684716,5592,99658,56,56,35,0,0,5,7,5,2,0,1,0,0,0,0,4,547289,0,4,1,11,2866,239238,5339,0,1,22769,17851,2925,3067,437,86,475,0,9,102,102,102,872,256,2038312,201,4,130,5,348066,348019,122,15,4,5,12,545262,333460,10,11,214,22,11,0,5,0,98,715056,317,0,76,1,0,0,8,0,1,9,1,0,0,1
6766.58,1662566788224,5.025891752,1,4.6,35.0,0.0,59.8,0.0,0.0,0.6,113,1,65,0,2,488652,114356,345064,685460,5798,97522,84,84,35,0,0,5,7,5,2,0,1,0,0,0,0,8,484402,0,4,0,11,2872,188683,5303,0,1,23015,18033,5958,6127,1253,234,1272,0,9,102,101,104,2479,926,1756190,197,11,128,44,339794,339724,124,15,11,13,25,482130,322578,14,18,217,26,21,0,13,0,98,578739,327,0,81,1,0,0,26,0,0,26,1,1,1,2
6771.6,1662566795079,5.015916013,1,6.1,36.1,0.0,56.9,0.0,0.0,0.9,113,1,65,0,2,487456,115560,345056,684256,5768,99762,56,56,35,0,0,5,7,5,2,0,1,0,0,0,0,0,491661,0,3,1,10,556,190628,5163,0,1,22823,17871,1250,1728,79,9,107,0,8,106,106,108,44,5,1801411,209,0,130,7,339389,339337,124,14,0,0,4,489629,325934,6,6,227,35,19,0,0,0,104,620083,291,0,66,1,0,0,6,0,0,6,1,0,0,1
6776.62,1662566802216,5.016739084,1,5.8,34.0,0.0,59.9,0.0,0.0,0.3,113,1,65,0,2,487352,115660,345060,684156,5674,99710,84,84,35,0,0,5,10,5,5,0,2,0,0,0,0,4,552032,0,6,0,20,499,241298,5169,0,1,22753,17804,1459,2426,164,76,298,126,14,102,102,103,212,58,2056904,199,1,130,4,348412,348350,125,16,1,4,8,549878,334984,8,9,211,18,9,0,1,0,97,727587,302,0,80,1,2,7,6,1,4,10,1,1,0,2
6781.64,1662566809068,5.016584873,1,9.0,32.2,0.0,57.8,0.0,0.0,1.0,113,1,65,0,2,487660,115340,345072,684468,7185,91456,56,56,35,0,0,7,10,7,3,3,2,0,0,0,0,16,499917,0,15,1,14,3633,195705,5473,3,1,22203,17242,15005,15516,3314,873,3354,756,11,108,108,104,7037,2536,1817695,211,28,118,46,349922,349844,131,16,28,35,56,498434,326663,24,40,236,30,40,5,35,1,94,589627,361,0,85,1,1,0,68,0,2,70,1,1,1,2
6786.66,1662566815876,5.017042114,1,3.0,32.0,0.0,65.0,0.0,0.0,0.0,113,1,65,0,2,488196,114796,345080,685020,5767,96711,84,84,35,0,0,5,7,5,2,0,1,0,0,0,0,9,529882,0,4,1,9,2820,228622,5143,0,1,22380,17509,4144,4134,900,157,918,63,8,105,105,105,1617,684,1964211,205,7,126,46,341065,341014,122,14,7,4,16,527870,325480,10,13,230,37,30,0,8,0,101,685021,311,0,69,1,0,0,22,0,1,23,1,0,0,1
6791.68,1662566822735,5.016220982,1,1.6,32.7,0.0,65.1,0.0,0.0,0.6,113,1,65,0,2,488132,114852,345088,684964,5798,99347,84,84,35,0,0,5,7,5,2,0,1,0,0,0,0,3,501563,0,3,1,10,2884,192135,5210,0,1,22658,17712,867,1389,52,10,75,0,9,103,103,106,6,5,1761569,203,0,130,5,347190,347064,123,15,0,0,3,499303,334023,6,6,215,23,13,0,0,0,100,636221,303,0,67,1,0,0,4,0,0,4,1,1,1,2
6796.7,1662566829500,5.016234426,1,2.6,31.5,0.0,65.6,0.0,0.0,0.3,113,1,65,0,2,488360,114632,345080,685184,5647,98460,161,161,35,0,0,5,7,5,2,8,1,0,0,0,0,10,489579,0,4,0,10,642,188885,5576,0,1,23466,18321,6620,7052,1420,313,1430,63,96,105,105,107,2792,1016,1782704,203,16,130,44,344170,344111,171,15,15,17,31,487694,325715,15,23,335,25,121,0,17,0,102,572764,464,0,117,1,0,0,27,0,0,27,1,0,0,1
6801.72,1662566836257,5.016333493,1,3.1,34.4,0.0,60.9,0.0,0.0,1.6,114,1,65,0,2,487556,115424,345092,684392,5890,100019,84,84,35,0,0,7,14,7,7,8,4,0,0,0,0,8,532959,0,7,1,24,2340,228082,5427,2,1,23028,18005,4569,5090,1025,293,1053,63,19,105,105,106,1845,777,1981963,205,11,133,46,345914,345862,130,17,11,12,20,531070,329639,10,17,233,36,29,0,13,0,99,661669,355,0,102,3,3,7,22,1,6,28,1,3,2,4
6806.74,1662566843035,5.016251781,1,2.4,27.0,0.0,70.6,0.0,0.0,0.0,114,1,65,0,2,487332,115648,345092,684168,5442,99347,56,56,35,0,0,7,13,7,6,4,3,0,0,0,0,4,494169,0,3,0,27,2889,194615,4985,2,1,22486,17583,873,1033,50,9,77,0,17,101,101,102,3,5,1743409,199,0,129,5,340361,340319,125,19,0,0,4,492215,327497,6,6,213,21,13,0,0,0,99,635673,295,0,90,3,3,6,2,1,6,8,1,3,2,3
6811.76,1662566849808,5.016493346,1,3.4,34.1,0.0,61.9,0.0,0.0,0.6,114,1,65,0,2,487068,115912,345092,683904,5885,99015,294,294,35,0,0,5,10,5,5,0,2,0,0,0,0,13,514027,0,6,0,18,2476,209959,5493,2,1,23499,18492,7375,7526,1422,431,1442,126,15,111,111,112,3161,1057,1889557,209,13,129,44,350111,350050,128,17,13,16,30,512159,330629,15,20,231,24,27,0,16,0,106,622489,354,0,90,3,3,6,29,1,4,33,1,3,2,3
6816.78,1662566856601,5.016929078,1,3.0,35.6,0.0,61.1,0.0,0.0,0.3,112,1,63,0,2,487352,115624,345096,684188,6628,96484,1116,1116,35,0,0,7,10,7,3,2,2,0,0,0,0,11,510806,0,16,0,15,2792,213238,5256,2,1,22311,17447,4226,4389,887,95,920,0,11,128,128,132,1606,691,1871117,215,7,126,46,337418,337367,135,17,7,8,17,508882,321844,11,14,243,41,35,22,8,4,114,636807,346,0,80,3,5,4,25,1,6,31,1,3,2,2
6821.79,1662566863372,5.013336464,1,6.9,34.0,0.0,59.1,0.0,0.0,0.0,114,1,65,0,2,487524,115444,345104,684368,13926,212970,140,140,35,0,0,0,0,0,0,1,0,0,0,0,0,15,520175,0,14,0,5,1096,207533,5769,0,0,23366,18613,12822,12809,2838,1047,2720,630,5,115,115,112,5726,2196,1911002,227,22,127,46,360140,360097,135,11,22,33,50,519711,338182,22,34,249,30,39,5,26,1,103,603888,369,0,71,1,0,0,54,0,0,54,1,0,0,1
6826.81,1662566875949,5.016485556,1,3.6,38.0,0.0,58.5,0.0,0.0,0.0,114,1,65,0,2,488280,114688,345104,685124,5560,94547,84,84,35,0,0,5,7,5,2,0,1,0,0,0,0,9,523191,0,4,0,11,2745,218658,5070,0,1,21851,17090,4138,4618,895,347,912,252,9,103,103,104,1600,679,1914180,201,8,124,46,344021,343976,122,16,7,8,16,521157,328611,9,12,225,37,29,0,8,0,100,655226,302,0,70,1,0,0,22,0,0,22,1,0,0,1
6831.83,1662566882770,5.016008483,1,3.1,28.0,0.0,68.9,0.0,0.0,0.0,114,1,65,0,2,488044,114932,345096,684880,5488,98304,84,84,35,0,0,5,7,5,2,0,1,0,0,0,0,1,491851,0,3,0,11,2924,190185,5206,0,1,22756,17842,2932,3079,439,86,456,0,9,101,101,104,872,257,1711856,199,4,130,5,341968,341918,121,16,4,5,12,489901,327343,10,11,215,22,14,0,5,0,100,618185,303,0,72,1,0,0,8,0,0,8,1,0,0,1
6836.85,1662566889576,5.016879158,1,3.6,35.2,0.0,60.5,0.0,0.0,0.7,114,1,65,0,2,487336,115632,345104,684184,5440,98382,161,161,35,0,0,5,9,5,4,0,2,0,0,0,0,7,480190,0,4,1,16,594,181467,5262,0,1,23316,18306,6167,6604,1254,108,1303,126,13,104,104,104,2555,940,1731258,201,11,129,44,341561,341506,126,16,11,13,27,478420,323381,14,18,221,24,23,0,13,0,100,573666,329,0,84,1,2,6,26,1,4,30,1,1,0,2
6841.87,1662566896377,5.015597873,1,2.4,37.7,0.0,59.6,0.0,0.0,0.3,114,1,65,0,2,488856,114112,345104,685704,6073,100151,84,84,35,0,0,7,10,7,3,7,2,0,0,0,0,9,499220,0,5,0,14,1538,202001,5364,2,1,23061,18030,4668,4836,1043,165,1062,63,11,108,108,109,1848,771,1810515,211,11,129,46,339114,339062,133,17,11,12,20,497222,322736,10,17,246,37,36,0,12,0,104,630394,341,0,86,1,1,0,23,0,2,25,1,2,2,2
6846.89,1662566903241,5.015595170,1,2.0,35.0,0.0,63.1,0.0,0.0,0.0,114,1,65,0,2,487772,115188,345112,684620,5598,99608,56,56,35,0,0,5,7,5,2,0,1,0,0,0,0,4,561639,0,3,1,10,512,248335,5224,0,1,22806,17882,2279,2762,275,77,352,126,8,101,101,102,387,106,2089313,195,1,129,4,351006,350953,117,13,1,4,9,558559,337066,8,9,208,18,12,0,1,0,97,729214,284,0,65,1,0,0,7,0,0,7,1,0,0,1
6851.91,1662566910076,5.016458866,1,3.5,25.8,0.0,70.7,0.0,0.0,0.0,114,1,65,0,2,487856,115092,345124,684720,5550,98835,294,294,35,0,0,5,7,5,2,0,1,0,0,0,0,5,473406,0,4,1,11,595,188262,5558,0,1,23523,18511,7357,7507,1423,430,1437,315,9,109,109,108,3210,1052,1750210,205,13,128,44,330516,330458,124,15,13,16,29,471340,310981,15,20,225,24,25,0,16,0,104,559437,346,0,86,1,0,0,26,0,0,26,1,0,0,1
6856.93,1662566916877,5.015656796,1,2.3,32.1,0.0,65.6,0.0,0.0,0.0,114,1,65,0,2,488516,114440,345116,685372,7909,98284,84,84,35,0,0,5,7,5,2,1,1,0,0,0,0,31,512462,0,14,0,11,1593,210093,5725,0,1,24031,18649,13317,13504,2975,480,3015,504,9,121,121,117,6197,2318,1879987,239,24,128,48,349912,349834,145,15,24,30,46,510347,326944,20,35,267,43,47,5,30,1,108,611979,372,0,79,1,0,0,60,0,0,60,1,0,0,1
6861.95,1662566923712,5.015135504,1,2.4,27.3,0.0,70.3,0.0,0.0,0.0,114,1,65,0,2,488220,114728,345124,685084,5695,99475,84,84,35,0,0,5,9,5,4,0,2,0,0,0,0,0,493737,0,4,0,17,523,191693,4829,0,1,22740,17796,1048,1530,65,9,91,0,13,105,105,105,8,6,1808401,207,1,130,5,340183,340140,127,18,0,0,4,491895,327074,6,6,220,28,14,0,0,0,101,618060,309,0,82,1,2,6,4,1,4,8,1,1,0,2
6866.97,1662566931042,5.015933159,1,5.3,38.0,0.0,56.7,0.0,0.0,0.0,114,1,65,0,2,488456,114500,345116,685312,5740,99878,266,266,35,0,0,5,7,5,2,0,1,0,0,0,0,10,521371,0,2,0,11,2902,214442,5329,0,1,23397,18437,4461,4608,609,31,619,0,9,109,109,108,1615,372,1894920,207,6,130,5,349357,349305,125,16,6,8,17,519288,332231,11,13,221,22,17,0,8,0,106,641889,339,0,77,1,0,0,12,0,0,12,1,1,1,2
6871.99,1662566937906,5.016737428,1,3.8,33.9,0.0,62.0,0.0,0.0,0.3,114,1,65,0,2,488376,114576,345120,685232,5664,97598,84,84,35,0,0,7,9,7,2,0,1,0,0,0,0,1,520109,0,4,1,11,592,216417,5310,0,1,23040,18020,4151,4617,892,222,926,63,9,106,106,106,1602,690,1934778,207,7,130,46,344186,344140,128,16,7,8,17,518246,328298,10,13,228,37,26,0,8,0,102,644062,335,0,82,1,0,0,22,0,2,24,1,0,0,1
6877.01,1662566944722,5.016691497,1,20.1,34.0,0.0,45.6,0.0,0.0,0.3,114,1,65,0,2,487352,115592,345128,684220,5494,99347,84,84,35,0,0,5,7,5,2,0,1,0,0,0,0,1,500260,0,4,0,10,529,191350,4967,0,1,22736,17791,1052,1206,65,10,91,0,8,103,103,103,3,5,1741473,203,0,131,5,346596,346556,121,14,0,0,3,498226,333408,6,6,217,28,13,0,0,0,100,645894,286,0,65,1,0,0,4,0,0,4,1,0,0,1
6882.03,1662566951532,5.015864218,1,2.6,31.5,0.0,65.9,0.0,0.0,0.0,114,1,65,0,2,487108,115840,345124,683968,5700,99928,266,266,35,0,0,5,7,5,2,0,1,0,0,0,0,2,501911,0,4,0,11,563,191973,5331,0,1,23482,18507,4443,4917,615,94,634,0,9,110,110,111,1617,380,1832192,209,6,130,5,351929,351876,126,16,6,8,17,500006,334874,11,13,222,22,15,0,8,0,107,609196,321,0,71,1,0,0,9,0,0,9,1,0,0,1
6887.05,1662566958313,5.016007451,1,3.8,31.6,0.0,64.2,0.0,0.0,0.3,114,2,65,0,2,487532,115408,345132,684400,5872,100023,84,84,35,0,0,5,9,5,4,4,2,0,0,0,0,7,497718,0,4,0,15,2946,191867,5247,0,1,22996,17971,4454,4738,1031,293,1056,126,12,105,105,107,1852,767,1801332,205,11,129,45,346832,346763,128,15,11,12,20,495520,330639,10,17,235,27,30,0,12,0,103,597182,329,0,87,1,2,6,21,1,4,25,1,1,0,2
6892.07,1662566965153,5.015184652,1,2.2,31.5,0.0,65.9,0.0,0.0,0.3,113,1,64,0,2,486596,116344,345132,683464,5798,98304,56,56,35,0,0,5,7,5,2,0,1,0,0,0,0,2,551334,0,3,0,11,1036,238547,5058,0,1,22678,17744,1041,1197,64,9,90,0,9,102,102,105,5,5,2048625,201,0,130,5,350400,350352,126,15,0,0,4,549326,337242,6,6,215,30,13,0,0,0,99,720955,300,0,67,1,0,0,4,0,0,4,1,1,1,2
6897.08,1662566972487,5.013096295,1,4.4,33.9,0.0,61.8,0.0,0.0,0.0,114,1,65,0,2,487124,115816,345132,683996,14238,210759,378,378,35,0,0,0,0,0,0,0,0,0,0,0,1,15,510900,0,15,0,4,3181,198874,5463,0,0,23859,18982,10626,10393,2402,840,2304,441,4,125,125,120,4658,1874,1863376,242,17,131,48,359652,359602,137,9,17,28,36,510244,339032,18,25,269,43,45,5,21,1,110,593816,356,0,64,1,0,0,41,0,0,41,1,0,0,1
6902.1,1662566984904,5.016106170,1,20.1,30.8,0.0,48.7,0.0,0.0,0.3,114,1,65,0,2,487684,115256,345132,684556,5546,100390,84,84,35,0,0,5,7,5,2,0,1,0,0,0,0,5,525198,0,3,0,11,2878,210786,5003,0,1,22755,17800,1037,1548,65,9,91,0,9,102,102,103,4,5,1898311,201,0,131,5,352685,352635,122,15,0,0,3,523222,339363,6,6,215,28,13,0,0,0,100,663565,299,0,64,1,0,0,3,0,0,3,1,0,0,1
6907.12,1662566991694,5.015550920,1,3.8,35.1,0.0,60.8,0.0,0.0,0.3,114,1,65,0,2,487448,115484,345140,684328,5757,99956,266,266,35,0,0,5,7,5,2,0,1,0,0,0,0,4,504393,0,3,0,9,2928,194166,5369,0,1,23542,18549,4443,4595,617,219,622,0,8,111,111,111,1631,374,1783562,209,6,131,5,352244,352197,128,13,6,8,17,502350,335062,11,13,221,22,16,0,8,0,107,609931,330,0,69,1,0,0,11,0,0,11,1,0,0,1
6912.14,1662566998487,5.016108055,1,3.0,33.1,0.0,63.0,0.0,0.0,1.0,114,1,65,0,2,486572,116364,345136,683448,5916,94695,84,84,35,0,0,8,11,7,3,2,2,0,0,0,0,7,495421,0,4,1,14,2806,190918,5299,2,1,22049,17231,3893,4394,883,220,897,189,11,102,102,105,1598,680,1791930,199,8,125,45,344200,344138,124,15,7,8,16,493313,328993,10,13,219,29,24,0,8,0,99,600775,315,0,82,1,1,0,21,1,6,27,1,2,2,2
6917.16,1662567005313,5.024219031,1,3.4,28.4,0.0,66.8,0.0,0.0,1.4,113,1,65,0,2,487400,115528,345144,684284,5766,99760,56,56,35,0,0,5,7,5,2,0,1,0,0,0,0,5,559909,0,6,0,11,2844,248499,5387,0,1,22742,17788,2297,2412,409,19,269,0,9,104,103,106,684,279,2102574,203,3,130,16,351350,351304,123,15,3,1,10,557967,336898,7,7,227,30,23,0,3,0,100,730980,290,0,71,1,0,0,6,0,0,6,1,0,0,1
6922.18,1662567012588,5.016315460,1,1.6,35.5,0.0,62.9,0.0,0.0,0.0,113,1,65,0,2,487644,115280,345148,684532,5706,99878,294,294,35,0,0,5,7,5,2,0,1,0,0,0,0,8,527322,0,4,1,11,2870,227235,5551,0,1,23387,18435,4432,4893,605,219,621,63,9,110,110,111,1601,379,1942332,205,6,130,5,342238,342189,128,16,6,8,16,525378,325223,11,13,218,22,15,0,8,0,107,660279,324,0,74,1,0,0,10,0,0,10,1,0,0,1
6927.2,1662567019415,5.016169426,1,2.5,35.0,0.0,62.5,0.0,0.0,0.0,114,1,65,0,2,487416,115516,345140,684296,5736,97902,56,56,35,0,0,5,7,5,2,6,1,0,0,0,0,15,483360,0,3,1,11,990,195106,5441,0,1,23396,18228,6623,7064,1424,250,1430,189,113,105,105,104,2715,1005,1779312,207,15,130,45,332024,331958,179,16,15,17,30,481456,313650,15,23,352,29,124,0,18,0,101,575669,474,0,119,1,0,0,28,0,0,28,1,0,0,1
6932.22,1662567026250,5.016781874,1,3.9,33.8,0.0,62.4,0.0,0.0,0.0,114,1,65,0,2,487668,115256,345148,684560,7485,97661,84,84,35,0,0,5,7,5,2,1,1,0,0,0,0,15,497804,0,15,1,9,3780,196326,5544,0,1,23615,18302,13106,13285,2953,1112,2977,1071,9,115,115,112,6189,2312,1788663,225,24,126,46,348624,348552,134,16,24,30,46,495836,326039,20,35,250,36,40,5,30,1,101,581837,372,0,75,1,0,0,59,0,0,59,1,0,0,1
6937.24,1662567033094,5.016857034,1,3.1,26.5,0.0,70.1,0.0,0.0,0.3,114,1,65,0,2,488424,114508,345140,685308,6366,100084,266,266,35,0,0,5,8,5,3,1,2,0,0,0,0,4,497659,0,4,0,13,2943,194912,5426,2,1,23527,18547,4477,4978,614,31,630,0,11,112,112,115,1605,380,1799645,213,6,131,5,345048,344996,134,17,6,8,17,495659,327881,11,13,230,24,21,0,8,0,109,604069,347,0,77,1,1,0,11,1,4,15,1,2,2,2
6942.26,1662567039933,5.018078331,1,21.8,36.1,0.0,41.8,0.0,0.0,0.3,114,1,65,0,2,488376,114544,345152,685272,10437,98773,5095,5095,35,0,0,7,9,7,2,0,1,0,0,0,0,14,495285,0,10,1,11,2890,190249,5455,0,1,23136,18136,6275,6352,1393,237,1286,252,9,123,123,122,2673,1046,1797939,219,11,130,46,348113,348057,135,16,11,14,25,492993,330379,14,18,240,26,30,4,14,0,114,590996,357,0,82,1,0,0,24,0,2,26,1,0,0,1
6947.28,1662567046783,5.016808556,1,2.2,37.3,0.0,59.9,0.0,0.0,0.6,114,1,65,0,2,487336,115584,345152,684232,5442,97261,84,84,35,0,0,5,7,5,2,0,1,0,0,0,0,9,531907,0,3,0,10,2590,230332,5391,0,1,22746,17771,3960,4126,883,283,908,126,8,101,101,102,1595,685,1975635,199,7,129,44,341653,341597,119,13,7,8,16,529875,326013,10,13,222,30,25,0,8,0,99,682195,312,0,72,1,0,0,23,0,0,23,1,0,0,1
6952.3,1662567053621,5.018075425,1,4.7,34.4,0.0,60.6,0.0,0.0,0.3,114,1,65,0,2,487384,115528,345160,684288,5789,98948,266,266,35,0,0,5,7,5,2,0,1,0,0,0,0,6,535071,0,3,1,11,2898,226665,5331,0,1,23521,18553,4710,4857,627,220,646,63,9,110,110,111,1620,376,1961950,209,6,130,6,350829,350776,126,15,6,8,17,533011,333464,11,13,225,32,20,0,8,0,107,667302,326,0,79,1,0,0,11,0,0,11,1,0,0,1
6957.32,1662567060418,5.024585373,1,2.0,32.8,0.0,64.5,0.0,0.0,0.7,114,1,65,0,2,487320,115588,345164,684228,5696,101744,84,84,35,0,0,5,7,5,2,0,1,0,0,0,0,4,484061,0,5,1,11,587,184891,5173,0,1,22758,17784,2530,2937,404,148,709,126,9,104,104,104,803,291,1764141,203,4,130,33,337907,337856,127,15,4,6,10,482019,323697,9,12,216,21,10,0,5,0,99,592640,293,0,73,1,0,0,20,0,0,20,1,0,0,1
6962.34,1662567067481,5.016436439,1,1.5,35.0,0.0,62.9,0.0,0.0,0.6,114,1,65,0,2,487552,115352,345168,684460,5798,97444,56,56,35,0,0,5,9,5,4,0,2,0,0,0,0,3,481658,0,3,1,16,2916,187851,5156,0,1,22865,17867,3961,4124,873,220,897,63,12,101,101,103,1598,680,1709050,199,7,129,44,337008,336957,121,16,7,8,17,479506,321330,10,13,218,32,23,0,8,0,98,584405,313,0,83,1,2,6,21,1,4,25,1,1,0,2
6967.36,1662567074227,5.015644420,1,16.0,27.1,0.0,56.7,0.0,0.0,0.3,114,3,65,0,1,488044,114864,345164,684948,5840,97983,294,294,35,0,0,7,9,7,2,0,1,0,0,0,0,7,498466,0,4,1,11,2905,193225,5185,0,1,23448,18495,4719,4868,630,94,641,0,9,112,112,113,1618,371,1820297,211,7,129,6,349459,349406,127,16,6,8,16,496461,332103,11,13,228,32,21,0,8,0,108,594605,339,0,78,1,0,0,11,0,2,13,1,0,0,1
6972.37,1662567081187,5.011331342,1,1.7,29.6,0.0,68.1,0.0,0.0,0.7,114,1,65,0,2,487896,115004,345172,684812,12789,194848,140,140,35,0,0,0,0,0,0,6,0,0,0,0,0,22,496622,0,15,0,5,2796,197202,5478,0,0,24124,19219,13499,13385,3014,551,2944,441,5,118,118,116,6045,2300,1781482,231,26,130,46,349956,349897,133,12,26,38,56,496177,326765,22,40,265,37,47,5,30,1,106,595193,365,0,68,1,0,0,56,0,0,56,1,0,0,1
6977.39,1662567092740,5.024711855,1,4.5,30.3,0.0,64.3,0.0,0.0,1.0,114,1,65,0,2,487880,115016,345176,684796,5706,99878,294,294,35,0,0,5,7,5,2,0,1,0,0,0,0,11,540852,0,4,1,10,2896,224116,5370,0,1,23361,18407,4450,4933,614,31,630,0,9,110,110,110,1613,382,1984808,207,6,130,5,359430,359380,125,16,6,8,16,538662,342382,11,13,223,22,18,0,8,0,106,667179,338,0,78,1,0,0,13,0,0,13,1,0,0,1
6982.41,1662567099560,5.015444911,1,6.5,29.0,0.0,64.5,0.0,0.0,0.0,114,1,65,0,2,487400,115492,345180,684320,5633,98528,56,56,35,0,0,5,9,5,4,0,2,0,0,0,0,8,485683,0,3,0,17,1860,189497,5210,0,1,22835,17828,3874,4366,877,284,903,126,13,104,104,104,1597,679,1774884,205,7,130,45,336519,336469,125,18,7,9,17,483639,320927,10,13,224,27,24,0,8,0,101,587911,324,0,84,1,2,6,22,1,4,26,1,1,0,2
6987.43,1662567106321,5.016140586,1,4.9,29.7,0.0,64.4,0.0,0.0,1.0,114,1,65,0,2,487244,115632,345196,684172,5947,97494,84,84,35,0,0,7,11,7,4,2,2,0,0,0,0,13,530215,0,5,2,16,936,226289,5511,3,1,23091,18099,6049,6204,1275,171,1296,63,13,101,101,106,2471,933,1959947,195,11,129,43,345490,345432,125,18,11,13,25,528101,328272,14,18,217,29,23,0,13,0,97,667364,339,0,84,1,1,0,28,0,2,30,1,2,2,2
6992.45,1662567113096,5.016804023,1,4.3,30.9,0.0,64.8,0.0,0.0,0.0,114,1,65,0,2,487548,115340,345184,684472,5654,99878,266,266,35,0,0,5,7,5,2,0,1,0,0,0,0,4,536585,0,3,0,10,562,231459,5521,0,1,23389,18434,4442,4592,603,31,628,0,9,109,109,110,1615,373,2006546,207,6,130,5,346776,346727,124,15,6,8,17,534533,329734,11,13,220,22,18,0,8,0,106,666052,330,0,81,1,0,0,11,0,0,11,1,0,0,1
6997.47,1662567119877,5.016580853,1,0.3,38.7,0.0,60.6,0.0,0.0,0.3,114,1,65,0,2,488092,114792,345188,685016,5633,98606,84,84,35,0,0,5,7,5,2,0,1,0,0,0,0,7,489340,0,4,1,10,2794,191572,5213,0,1,22677,17706,3777,3969,866,95,906,126,9,102,102,103,1592,694,1790267,199,7,128,44,338751,338699,121,15,7,8,17,487420,323307,10,13,219,23,21,0,8,0,99,579735,309,0,72,1,0,0,21,0,0,21,1,0,0,1
7002.49,1662567126709,5.016113310,1,3.0,32.7,0.0,64.0,0.0,0.0,0.3,114,1,65,0,2,487652,115224,345196,684588,5494,98304,84,84,35,0,0,5,7,5,2,0,1,0,0,0,0,13,485319,0,4,0,11,586,187475,5360,0,1,23156,18145,5111,5929,1031,223,1126,189,8,103,103,103,1888,772,1708967,201,8,130,44,339175,339114,123,14,8,13,21,483030,322306,12,16,222,31,24,0,9,0,99,592556,322,0,71,1,0,0,27,0,0,27,1,0,0,1
7007.51,1662567133488,5.017609396,1,3.8,33.9,0.0,61.3,0.0,0.0,1.0,113,1,65,0,2,487044,115836,345192,683976,7948,101695,266,266,35,0,0,5,14,5,9,1,2,0,0,0,0,14,520589,0,14,0,31,3845,216225,5951,0,1,24700,19324,13872,14353,2688,1053,2709,1008,23,124,124,122,6173,1987,1931570,235,23,130,8,354249,354178,145,18,23,30,47,518536,329869,21,35,255,38,37,5,30,1,111,595482,416,0,106,1,1,6,47,0,0,47,1,1,0,2
7012.53,1662567140316,5.016776387,1,4.4,29.5,0.0,66.1,0.0,0.0,0.0,113,1,65,0,2,487572,115304,345196,684508,5746,97522,84,84,35,0,0,7,10,7,3,1,2,0,0,0,0,7,485300,0,4,1,12,570,186542,5280,2,1,22616,17661,2534,2946,526,85,709,63,10,102,102,102,913,399,1765781,199,5,128,33,339282,339240,122,16,4,6,10,483762,325217,9,12,213,23,10,0,5,0,97,593704,300,0,78,1,1,0,18,1,6,24,1,2,2,2
7017.55,1662567147201,5.015639997,1,2.7,29.3,0.0,66.7,0.0,0.0,1.4,113,1,65,0,2,487888,114980,345204,684832,5493,98382,56,56,35,0,0,5,7,5,2,6,1,0,0,0,0,11,519576,0,3,0,11,2952,219109,5480,0,1,23182,18009,4575,4769,1029,173,1051,63,41,102,102,101,1838,773,1920209,201,11,130,44,343180,343127,140,16,11,13,21,517640,326362,11,18,319,31,121,0,13,0,97,633143,358,0,95,1,0,0,21,0,0,21,1,0,0,1
7022.57,1662567154031,5.016735252,1,7.7,29.2,0.0,62.5,0.0,0.0,0.6,114,2,66,0,1,487132,115744,345196,684068,5783,100041,294,294,35,0,0,5,7,5,2,0,1,0,0,0,0,8,545327,0,5,0,11,2900,237259,5398,0,1,23496,18539,4707,5232,615,94,648,0,9,112,112,113,1616,375,2023599,211,6,130,6,350585,350530,131,16,6,8,16,543194,333281,11,13,229,32,20,0,8,0,108,687346,333,0,81,1,0,0,13,0,0,13,1,0,0,1
7027.59,1662567161303,5.016806714,1,5.6,33.7,0.0,60.1,0.0,0.0,0.6,113,1,65,0,2,487888,114980,345204,684828,5867,99894,56,56,35,0,0,7,9,7,2,0,1,0,0,0,0,0,490475,0,3,0,10,2920,188795,5107,0,1,22559,17633,864,1334,50,9,78,0,9,105,105,105,4,5,1789487,207,0,130,5,340208,340164,125,16,0,1,4,488546,327362,6,6,212,17,10,0,0,0,99,604725,295,0,67,1,0,0,2,1,6,8,1,0,0,1
7032.61,1662567168111,5.017594213,1,3.2,40.9,0.0,55.9,0.0,0.0,0.0,113,1,65,0,2,488548,114320,345204,685488,5493,97261,84,84,35,0,0,5,7,5,2,0,1,0,0,0,0,5,518791,0,4,1,10,2902,218812,5223,0,1,22818,17827,3963,4438,890,31,912,0,9,102,102,103,1607,684,1899708,199,7,129,44,340604,340552,121,15,7,8,16,516788,324922,10,13,220,30,23,0,8,0,98,647417,327,0,76,1,0,0,22,0,0,22,1,0,0,1
7037.63,1662567174951,5.015464445,1,24.0,33.9,0.0,41.4,0.0,0.0,0.7,113,1,65,0,2,488384,114480,345208,685328,6124,99172,189,189,35,0,0,5,7,5,2,0,1,0,0,0,0,9,509847,0,3,1,11,2901,206226,5553,0,1,23182,18211,4217,4425,647,31,660,0,9,110,110,112,1523,369,1826922,213,6,130,7,347231,347168,131,15,6,8,15,507616,331566,10,12,230,38,22,0,8,0,107,638735,331,0,75,1,0,0,12,0,0,12,1,0,0,1
7042.64,1662567181786,5.014811175,1,3.2,33.0,0.0,63.1,0.0,0.0,0.6,112,1,64,0,2,487392,115452,345228,684348,5494,99347,56,56,35,0,0,5,7,5,2,0,1,0,0,0,0,5,492285,0,3,1,10,607,191014,5330,0,1,22613,17682,859,1021,53,73,77,0,9,102,102,103,3,5,1711114,201,0,130,5,339353,339311,122,16,0,0,4,490396,326408,6,6,212,21,10,0,0,0,100,632559,299,0,65,1,0,0,2,0,0,2,1,0,0,1
7047.65,1662567188558,5.014556498,1,9.2,33.8,0.0,56.4,0.0,0.0,0.6,114,2,66,0,1,487836,115020,345216,684788,14272,212414,378,378,35,0,0,0,3,0,3,1,1,0,0,0,0,16,557257,0,16,0,14,3379,239732,5778,0,0,24349,19530,11248,10758,2097,900,1807,567,11,127,127,125,4541,1546,2065524,241,16,131,8,366722,366691,140,13,16,26,33,557130,344891,17,23,262,38,37,5,17,1,114,672690,366,0,81,1,2,6,29,0,0,29,1,1,0,2
7052.67,1662567201240,5.018909017,1,3.0,31.9,0.0,64.8,0.0,0.0,0.3,113,1,65,0,2,487532,115320,345220,684488,5626,99397,56,56,35,0,0,5,7,5,2,0,1,0,0,0,0,1,510110,0,4,1,14,2874,198889,5056,0,1,22626,17693,863,1014,51,9,77,0,9,104,104,105,4,5,1786791,205,1,130,5,349823,349779,124,15,0,0,4,508154,336916,6,6,215,21,10,0,0,0,100,650265,295,0,72,1,0,0,2,0,2,4,1,0,0,1
7057.69,1662567208060,5.017145339,1,1.2,37.8,0.0,60.4,0.0,0.0,0.6,113,1,65,0,2,487612,115236,345224,684568,5694,97261,84,84,35,0,0,5,7,5,2,6,1,0,0,0,0,9,488252,0,4,0,10,3017,192086,5382,0,1,23231,18059,4591,4760,1037,171,1061,63,104,102,102,105,1836,772,1756762,199,11,131,44,339531,339473,174,16,11,12,21,486165,322886,11,18,332,33,110,0,12,0,99,573003,453,0,117,1,0,0,22,0,0,22,1,0,0,1
7062.71,1662567214880,5.016923836,1,20.9,35.4,0.0,43.4,0.0,0.0,0.3,113,1,65,0,2,488132,114704,345236,685100,5820,100215,189,189,35,0,0,5,7,5,2,0,1,0,0,0,0,4,496909,0,3,1,12,730,193072,5150,0,1,23110,18117,3520,4398,549,91,582,0,9,107,107,108,1279,311,1760636,207,5,130,6,343772,343688,125,16,4,8,12,494448,328459,11,13,223,32,18,0,5,0,105,612938,326,0,79,1,0,0,11,0,0,11,1,0,0,1
7067.73,1662567221687,5.016290149,1,2.2,36.8,0.0,60.7,0.0,0.0,0.3,113,1,65,0,2,487140,115688,345244,684116,5574,100598,56,56,35,0,0,5,7,5,2,0,1,0,0,0,0,8,494691,0,3,0,11,837,186793,5118,0,1,22630,17695,857,1346,51,10,77,63,9,104,104,104,6,5,1711242,205,0,130,5,345691,345646,124,16,0,0,4,493027,332753,6,6,216,21,11,0,0,0,100,637789,307,0,67,1,0,0,4,0,0,4,1,1,1,2
7072.75,1662567228497,5.020070120,1,5.4,33.7,0.0,60.6,0.0,0.0,0.3,113,1,65,0,2,486856,115976,345240,683824,5701,98643,84,84,35,0,0,7,11,7,3,1,2,0,0,0,0,9,531089,0,4,1,13,1710,218438,5335,2,1,22810,17809,3785,4301,863,220,903,63,11,104,104,105,1597,693,1924961,203,7,129,44,352674,352624,125,17,7,8,16,529086,337239,10,13,222,23,21,0,8,0,101,637725,316,0,81,1,5,4,20,1,6,26,1,2,1,2
7077.77,1662567235296,5.021651569,1,4.8,33.9,0.0,61.2,0.0,0.0,0.0,113,1,65,0,2,487440,115388,345244,684416,6392,110453,84,84,35,0,0,5,7,5,2,0,1,0,0,0,0,6,486032,0,3,0,11,575,191703,5332,0,1,23162,18201,4209,4269,680,156,547,63,9,107,107,108,1310,420,1793807,209,6,130,15,336148,336102,130,15,6,5,16,484011,320141,10,11,230,38,21,0,7,0,104,587642,320,0,79,1,0,0,10,0,0,10,1,0,0,1
7082.79,1662567242675,5.016550422,1,3.2,34.3,0.0,62.2,0.0,0.0,0.3,113,1,65,0,2,487740,115080,345252,684724,7555,100792,84,84,35,0,0,5,7,5,2,0,1,0,0,0,0,12,520786,0,15,1,11,3195,214516,5611,0,1,23800,18451,10017,10526,2120,587,2146,189,9,117,117,114,4584,1642,1901908,229,17,130,7,351926,351860,136,16,17,22,33,518861,331863,16,28,244,27,27,5,22,1,104,629401,343,0,78,1,0,0,38,0,0,38,1,0,0,1
7087.81,1662567249473,5.018089996,1,4.9,39.2,0.0,55.9,0.0,0.0,0.0,113,2,65,0,2,487408,115420,345244,684384,5747,99736,56,56,35,0,0,5,7,5,2,0,1,0,0,0,0,15,542500,0,4,1,10,565,233073,5226,0,1,22809,17816,3767,4297,870,220,895,63,8,103,103,104,1603,679,2018729,201,7,130,44,349396,349337,124,14,7,8,17,540430,333966,10,13,220,23,20,0,8,0,99,684824,315,0,78,1,0,0,20,0,0,20,1,0,0,1
7092.83,1662567256267,5.016188246,1,2.3,39.6,0.0,58.1,0.0,0.0,0.0,113,1,65,0,2,487604,115220,345248,684584,5588,95590,84,84,35,0,0,5,7,5,2,0,1,0,0,0,0,11,514274,0,4,0,11,2864,215705,5381,0,1,23097,18118,6207,6368,1292,171,1308,126,9,105,105,105,2466,934,1873762,205,12,129,46,342674,342619,128,16,11,13,25,512175,325043,14,18,233,38,30,0,13,0,100,626514,346,0,81,1,0,0,25,0,0,25,1,1,1,2
7097.85,1662567263112,5.017142461,1,5.5,30.9,0.0,62.7,0.0,0.0,0.9,114,1,65,0,2,487588,115236,345248,684572,5494,99347,56,56,35,0,0,7,11,7,4,2,2,0,0,0,0,5,499791,0,3,0,16,2322,199630,4937,3,1,22567,17647,879,1030,52,11,77,0,12,102,102,103,5,16,1772152,201,0,130,5,337619,337574,120,13,0,0,3,497644,324717,6,6,215,21,13,0,1,0,100,634840,312,0,79,1,1,0,5,1,6,11,1,1,1,2
7102.87,1662567269928,5.017410849,1,2.1,41.3,0.0,56.6,0.0,0.0,0.0,114,1,65,0,2,487260,115572,345240,684236,5705,98835,294,294,35,0,0,5,7,5,2,0,1,0,0,0,0,14,518832,0,4,0,11,2992,215829,5420,0,1,23337,18229,5414,5885,1042,297,1065,63,113,109,109,107,2303,795,1915104,205,9,131,44,346572,346516,178,15,9,9,21,516782,328424,12,16,331,24,108,0,11,0,103,629680,470,0,114,1,0,0,24,0,0,24,1,0,0,1
7107.89,1662567276759,5.016168209,1,3.0,36.9,0.0,59.5,0.0,0.0,0.6,114,1,65,0,2,487700,115124,345248,684684,5716,98719,84,84,35,0,0,5,7,5,2,0,1,0,0,0,0,8,506623,0,4,0,11,563,212982,5330,0,1,23311,18286,6229,6389,1287,171,1306,63,9,107,107,107,2468,941,1853868,207,11,129,46,336072,336016,129,15,11,13,25,504627,318429,14,18,234,38,30,0,13,0,103,619112,347,0,83,1,0,0,27,0,0,27,1,0,0,1
7112.91,1662567283605,5.022811019,1,4.2,33.7,0.0,61.5,0.0,0.0,0.6,114,1,65,0,2,487684,115128,345260,684676,5522,99555,56,56,35,0,0,5,7,5,2,0,1,0,0,0,0,5,538710,0,3,1,11,2880,228382,5211,0,1,22965,18017,3121,3269,450,86,473,0,9,104,104,104,871,258,1966171,205,4,130,5,350472,350425,124,16,4,5,13,536724,335538,10,11,220,29,15,0,5,0,101,692580,307,0,69,1,0,0,10,0,0,10,1,0,0,1
7117.94,1662567290449,5.026381262,1,3.5,25.0,0.0,71.5,0.0,0.0,0.0,113,1,64,0,2,487180,115628,345264,684176,5752,100189,294,294,35,0,0,5,7,5,2,0,1,0,0,0,0,10,475026,0,5,1,10,2916,182676,5414,0,1,23262,18258,4059,4466,637,220,878,252,9,109,109,109,1590,466,1727587,205,6,129,33,334196,334133,124,16,6,9,14,473188,317550,10,14,220,21,16,0,8,0,104,574504,324,0,76,1,0,0,23,0,0,23,1,1,1,2
7122.95,1662567297281,5.012643664,1,2.4,32.9,0.0,64.7,0.0,0.0,0.0,114,1,65,0,2,488324,114496,345252,685312,13946,210281,140,140,35,0,0,7,9,7,2,0,1,0,0,0,1,6,574900,0,14,0,11,3365,251918,5780,0,1,23374,18583,6161,5572,1175,236,1045,252,9,119,119,114,2140,942,2160807,235,6,131,7,365796,365778,139,15,6,18,18,574228,348906,12,15,253,27,32,5,7,1,105,731928,339,0,72,1,0,0,20,0,2,22,1,0,0,1
7127.97,1662567309813,5.017452020,1,4.7,35.3,0.0,60.0,0.0,0.0,0.0,114,1,65,0,2,487856,114964,345252,684844,5601,96374,161,161,35,0,0,5,7,5,2,0,1,0,0,0,0,6,493156,0,3,1,10,2829,190173,5078,0,1,22883,17922,4114,4518,867,346,909,63,8,104,104,106,1688,704,1794762,201,7,129,44,344720,344665,124,14,7,8,18,491055,328325,10,13,219,23,23,0,8,0,103,592862,322,0,75,1,0,0,20,0,0,20,1,0,0,1
7132.99,1662567316595,5.016696262,1,0.6,38.5,0.0,60.6,0.0,0.0,0.3,114,1,65,0,2,487496,115312,345264,684496,5968,98719,84,84,35,0,0,5,7,5,2,0,1,0,0,0,0,13,494288,0,4,0,10,2272,190169,5483,0,1,23257,18236,6219,6705,1281,234,1313,63,9,106,106,109,2473,936,1758283,207,11,129,46,346234,346166,129,16,11,13,25,491812,328463,14,18,232,40,30,0,13,0,102,594035,338,0,69,1,0,0,26,0,0,26,1,0,0,1
7138.01,1662567323350,5.017285855,1,4.5,30.6,0.0,64.9,0.0,0.0,0.0,113,1,65,0,2,487660,115156,345256,684652,5546,98565,56,56,35,0,0,5,7,5,2,0,1,0,0,0,0,1,525653,0,3,0,9,538,216226,5183,0,1,22626,17693,856,1014,51,10,76,0,8,102,102,104,6,5,1946827,201,0,131,5,346926,346858,119,14,0,0,4,523601,334023,6,6,209,17,11,0,0,0,98,669610,294,0,67,1,0,0,2,0,0,2,1,1,1,2
7143.03,1662567330175,5.016223279,1,6.0,34.9,0.0,57.7,0.0,0.0,1.3,114,1,65,0,2,488484,114332,345256,685476,5861,98913,294,294,35,0,0,5,9,5,4,0,2,0,0,0,0,9,485249,0,4,0,16,905,186133,5339,0,1,23338,18310,5279,5446,1028,102,1061,63,13,111,111,112,2306,805,1768008,209,9,129,44,341818,341761,128,18,9,11,20,483218,324041,11,15,228,23,25,0,11,0,107,579318,350,0,85,1,2,6,23,1,4,27,1,1,0,2
7148.05,1662567337009,5.015582936,1,1.6,31.5,0.0,66.9,0.0,0.0,0.0,114,1,65,0,2,488764,114040,345268,685764,5889,97828,84,84,35,0,0,5,7,5,2,11,1,0,0,0,0,6,484302,0,6,1,10,608,189954,5412,0,1,23411,18364,6948,7409,1476,247,1487,63,9,108,108,108,2819,1065,1785228,213,17,129,46,337731,337676,132,16,17,17,31,482334,319412,14,23,247,38,37,0,19,0,103,572548,348,0,88,1,0,0,27,0,0,27,1,0,0,1
7153.07,1662567343865,5.015950189,1,33.7,36.5,0.0,29.5,0.0,0.0,0.3,114,2,64,0,2,487780,115032,345260,684776,5574,99555,56,56,35,0,0,7,9,7,2,0,1,0,0,0,0,3,558741,0,3,0,10,555,244879,5195,0,1,22640,17729,1734,1646,233,21,212,63,9,104,104,104,459,126,2070905,205,1,130,5,351744,351693,124,16,1,0,8,556732,338285,8,8,219,28,14,0,5,0,100,731335,293,0,66,1,0,0,6,0,2,8,1,0,0,1
7158.09,1662567351009,5.022447696,1,3.3,37.7,0.0,59.0,0.0,0.0,0.0,114,1,65,0,2,488268,114540,345264,685268,8199,102469,294,294,35,0,0,5,7,5,2,1,1,0,0,0,0,24,527473,0,16,0,11,2355,228230,5893,0,1,24582,19141,13226,13641,2597,541,2946,630,9,124,124,122,6064,1989,1963733,237,23,129,35,348061,347978,140,15,23,32,44,525644,324482,20,36,250,29,31,5,29,1,110,635143,382,0,79,1,0,0,48,0,0,48,1,0,0,1
7163.11,1662567357904,5.018279782,1,4.7,28.5,0.0,66.4,0.0,0.0,0.3,114,1,65,0,2,487644,115168,345260,684636,5716,98719,84,84,35,0,0,5,7,5,2,0,1,0,0,0,0,14,478226,0,3,1,10,2872,185837,5359,0,1,23154,18163,6232,6378,1288,234,1310,63,9,104,104,106,2474,932,1677816,205,11,129,46,337034,336983,128,15,11,13,26,476589,319443,14,18,228,38,27,0,13,0,103,581709,336,0,81,1,0,0,26,0,0,26,1,1,1,2
7168.13,1662567364727,5.016379609,1,18.8,35.1,0.0,45.8,0.0,0.0,0.3,114,1,65,0,2,488236,114564,345272,685244,5570,99449,84,84,35,0,0,5,9,5,4,4,2,0,0,0,0,1,512061,0,6,0,13,2879,202766,5086,0,1,22843,17872,1533,1979,205,17,232,0,13,104,104,105,250,104,1842873,203,4,130,5,347736,347691,125,18,4,4,7,509963,333928,6,10,219,28,13,0,4,0,99,633417,311,0,76,1,2,6,6,1,4,10,1,1,0,2
7173.15,1662567371527,5.016235043,1,2.3,31.0,0.0,66.0,0.0,0.0,0.7,114,1,65,0,2,487976,114824,345272,684984,5856,100139,266,266,35,0,0,5,7,5,2,0,1,0,0,0,0,6,530758,0,4,0,11,530,233812,5452,0,1,23098,18152,2371,2522,215,79,243,63,9,109,109,110,740,130,1972082,207,3,130,5,338666,338621,125,16,2,3,8,528778,323390,7,8,219,21,14,0,3,0,106,676674,328,0,75,1,0,0,4,0,0,4,1,0,0,1
7178.17,1662567378338,5.015988706,1,5.5,29.1,0.0,65.4,0.0,0.0,0.0,114,1,65,0,2,487968,114828,345276,684976,5716,98719,84,84,35,0,0,7,9,7,2,0,1,0,0,0,0,7,483075,0,4,1,11,2887,189242,5219,0,1,23232,18212,6234,6382,1296,235,1309,252,9,106,106,107,2468,931,1744159,207,11,128,46,340310,340258,125,16,11,13,25,481501,322681,14,18,231,38,27,0,13,0,102,588634,317,0,78,1,0,0,28,0,2,30,1,0,0,1
7183.19,1662567385120,5.016078096,1,5.7,32.1,0.0,61.9,0.0,0.0,0.3,114,1,65,0,2,487928,114876,345268,684932,5844,99397,56,56,35,0,0,5,7,5,2,0,1,0,0,0,0,0,494116,0,4,0,10,2884,193393,4976,0,1,22739,17802,1044,1539,65,10,91,0,9,103,103,106,5,5,1815527,203,0,131,5,339836,339792,127,16,0,0,3,492274,326698,6,6,218,30,13,0,0,0,100,618932,296,0,68,1,0,0,4,0,0,4,1,0,0,1
7188.21,1662567392362,5.016332278,1,7.5,28.5,0.0,64.1,0.0,0.0,0.0,114,1,65,0,2,488432,114368,345272,685440,5862,101182,294,294,35,0,0,5,7,5,2,0,1,0,0,0,0,7,537943,0,4,0,10,1752,223793,5186,0,1,23131,18161,2329,2814,211,80,237,0,9,108,108,110,741,136,1950340,202,2,131,4,353939,353894,123,16,2,3,7,535932,338687,7,8,214,17,13,0,3,0,105,680394,309,0,74,1,0,0,4,0,0,4,1,0,0,1
7193.23,1662567399193,5.018994508,1,2.5,24.9,0.0,72.6,0.0,0.0,0.0,113,1,64,0,2,488456,114332,345284,685476,5477,97407,56,56,35,0,0,5,9,5,4,8,2,0,0,0,0,11,502937,0,3,1,16,657,205374,5509,0,1,23433,18292,6552,6707,1414,437,1438,252,33,102,102,103,2715,1031,1864369,201,15,130,45,340441,340379,135,15,15,17,29,500865,322190,14,22,289,29,87,0,17,0,100,614127,357,0,93,1,2,6,27,1,4,31,1,1,0,2
7198.24,1662567405947,5.013153551,1,3.0,34.2,0.0,62.2,0.0,0.0,0.6,114,1,65,0,2,488652,114144,345276,685664,14675,224087,378,378,35,0,0,0,2,0,2,5,1,0,0,0,0,11,513222,0,15,0,11,1084,197788,5597,3,0,24044,19214,9143,9142,1793,511,1664,378,9,126,126,123,3942,1371,1878703,239,12,132,7,361949,361904,143,13,12,23,32,512770,341744,15,24,254,27,31,5,16,1,113,613942,366,0,77,1,1,0,34,0,0,34,1,1,1,2
7203.25,1662567418981,5.014607303,1,1.3,35.3,0.0,63.4,0.0,0.0,0.0,114,1,65,0,2,488116,114680,345276,685128,5626,95605,84,84,35,0,0,5,7,5,2,10,1,0,0,0,0,11,498808,0,4,0,10,2592,194675,5246,0,1,22615,17734,7738,7889,1663,380,1681,126,8,104,104,105,3281,1191,1833632,205,19,125,45,346723,346661,122,14,19,22,36,496923,328505,15,26,231,30,29,0,22,0,100,593584,318,0,81,1,0,0,27,0,0,27,1,0,0,1
7208.28,1662567425767,5.033167299,1,6.4,34.6,0.0,59.0,0.0,0.0,0.0,114,1,65,0,2,487432,115356,345284,684452,5442,99191,56,56,35,0,0,5,7,5,2,0,1,0,0,0,0,5,510524,0,3,1,11,2883,204003,5082,0,1,22737,17767,2271,2179,545,81,268,0,9,94,94,96,819,428,1841373,185,4,130,16,345670,345623,114,16,3,2,10,508106,331092,7,7,206,30,23,0,3,0,93,636449,289,0,68,1,0,0,5,0,0,5,1,0,0,1
7213.3,1662567432638,5.017132415,1,5.0,30.4,0.0,63.9,0.0,0.0,0.6,114,1,65,0,2,487888,114896,345288,684912,5752,98835,294,294,35,0,0,5,7,5,2,0,1,0,0,0,0,2,499573,0,5,1,10,491,191750,5059,0,1,23195,18232,2373,2525,217,80,242,0,8,110,110,112,738,129,1744067,207,2,131,5,347551,347504,127,14,2,3,7,497541,332280,7,8,220,21,14,0,3,0,107,633080,325,0,76,1,0,0,4,0,0,4,1,1,1,2
7218.32,1662567439437,5.016170252,1,1.2,35.6,0.0,62.8,0.0,0.0,0.3,114,1,65,0,2,488116,114660,345296,685140,5684,94773,56,56,35,0,0,5,7,5,2,0,1,0,0,0,0,5,495290,0,3,1,11,614,190239,5301,0,1,22052,17289,5952,6439,1276,486,1297,252,9,101,101,102,2469,926,1808681,199,11,124,45,345605,345549,125,15,11,13,26,493305,328848,14,18,221,28,26,0,13,0,98,594050,319,0,79,1,0,0,27,1,4,31,1,0,0,1
7223.34,1662567446278,5.016081361,1,5.4,32.1,0.0,62.5,0.0,0.0,0.0,114,1,65,0,2,488140,114624,345308,685180,5683,99269,84,84,35,0,0,5,7,5,2,0,1,0,0,0,0,6,530075,0,4,1,10,2441,226926,5288,0,1,22895,17886,3951,4485,875,157,904,189,9,102,102,104,1598,680,1955749,198,7,130,44,344146,344097,121,15,7,8,17,528129,328461,10,13,221,30,24,0,8,0,100,669810,319,0,76,1,0,0,21,0,0,21,1,0,0,1
7228.36,1662567453111,5.016712101,1,3.4,33.6,0.0,63.0,0.0,0.0,0.0,114,1,65,0,2,488048,114724,345300,685084,6464,100822,1326,1326,35,0,0,7,10,7,3,1,2,0,0,0,0,10,542944,0,16,1,15,2875,238645,5351,2,1,23153,18196,2453,2602,222,207,248,189,11,135,135,137,740,122,2021573,221,2,130,5,345748,345703,134,18,2,3,8,540967,330408,8,9,238,23,23,22,3,4,120,692507,353,0,80,1,1,0,5,0,2,7,1,1,1,2
7233.38,1662567459936,5.016807792,1,2.7,31.7,0.0,65.5,0.0,0.0,0.0,114,1,65,0,2,487992,114784,345296,685024,7746,100051,84,84,35,0,0,5,7,5,2,7,1,0,0,0,0,12,496631,0,14,1,10,4027,203771,6149,0,1,24856,19212,15790,16275,3480,1264,3502,1197,133,119,119,116,7297,2656,1846466,235,32,132,47,346052,345870,209,16,32,39,60,494497,320279,26,46,394,35,145,5,40,1,106,565951,542,0,134,1,0,0,62,0,0,62,1,0,0,1
7238.4,1662567466747,5.016867599,1,5.2,28.9,0.0,65.9,0.0,0.0,0.0,114,1,65,0,2,487436,115332,345304,684480,5366,94340,84,84,35,0,0,5,7,5,2,0,1,0,0,0,0,5,519699,0,4,0,11,2615,220113,5097,0,1,21896,17114,3941,4471,886,157,910,126,9,100,100,101,1598,679,1919193,195,7,124,44,339181,339131,119,16,7,8,16,517668,323984,10,13,217,30,24,0,8,0,97,660847,303,0,74,1,0,0,21,0,0,21,1,1,1,2
7243.42,1662567473512,5.016795687,1,3.9,30.7,0.0,64.1,0.0,0.0,1.3,114,1,65,0,2,481924,114924,351224,678960,5893,100252,266,266,35,0,0,5,9,5,4,0,2,0,0,0,0,4,541066,0,3,0,17,561,235278,5351,0,1,23240,18285,2738,2787,1728,1340,274,0,9,110,110,111,788,1607,2000964,209,2,130,7,346811,346766,126,16,2,5,8,539139,331126,7,8,224,31,19,0,4,0,107,679952,332,0,76,0,0,0,11,1,4,15,0,0,0,0
7248.45,1662567480341,5.030073963,1,2.8,25.4,0.0,71.5,0.0,0.0,0.3,114,1,65,0,2,481468,115380,351224,678504,5338,98148,84,84,35,0,0,5,7,5,2,0,1,0,0,0,0,8,484572,0,4,0,9,2812,188502,5138,0,1,22963,17991,4687,5045,970,225,1097,126,8,101,101,101,1827,689,1776625,197,9,128,33,337995,337951,122,14,8,12,19,483288,322075,13,17,211,22,12,0,10,0,97,587789,331,0,74,1,0,0,24,0,0,24,1,0,0,1
7253.47,1662567487176,5.017058006,1,4.9,33.4,0.0,61.4,0.0,0.0,0.3,114,1,65,0,2,480736,116104,351232,677780,5488,98354,56,56,35,0,0,5,7,5,2,0,1,0,0,0,0,8,500030,0,4,0,11,553,191640,5113,0,1,23209,18195,6023,6523,1263,171,1294,126,9,102,102,103,2468,933,1772141,201,11,130,44,350292,350238,126,16,11,13,25,498094,332914,14,18,224,31,24,0,13,0,99,598942,329,0,76,1,0,0,27,0,0,27,1,0,0,1
7258.49,1662567493952,5.016657244,1,4.6,32.8,0.0,62.6,0.0,0.0,0.0,114,1,65,0,2,481776,115068,351228,678816,6087,98948,294,294,35,0,0,7,9,7,2,0,1,0,0,0,0,5,528662,0,4,1,10,545,216179,5647,0,1,23235,18280,2651,2802,240,79,260,0,8,110,110,114,749,127,1951298,209,2,130,6,353073,353030,124,14,2,3,8,526926,337463,7,8,225,33,19,0,3,0,108,659194,324,0,73,1,0,0,5,0,2,7,1,0,0,1
7263.51,1662567501241,5.016289660,1,2.1,38.1,0.0,59.5,0.0,0.0,0.3,114,1,65,0,2,481140,115704,351228,678180,5735,99425,56,56,35,0,0,5,7,5,2,0,1,0,0,0,0,2,520605,0,3,0,10,1728,214298,5097,0,1,22862,17934,2934,3078,437,149,465,0,8,103,103,104,877,263,1887890,203,4,130,5,345642,345592,125,13,4,5,12,518726,331006,10,11,215,22,12,0,5,0,101,656563,304,0,72,1,0,0,5,0,0,5,1,1,1,2
7268.53,1662567508061,5.016269622,1,3.7,28.6,0.0,67.4,0.0,0.0,0.3,113,1,64,0,2,481228,115600,351244,678276,5332,98304,84,84,35,0,0,5,9,5,4,0,2,0,0,0,0,5,487906,0,4,0,17,2916,189872,5243,0,1,23176,18168,6026,6514,1274,234,1303,63,13,103,103,103,2471,929,1745765,201,11,129,44,343404,343346,128,17,11,13,26,485927,325981,14,18,220,31,21,0,13,0,97,582984,332,0,94,1,2,6,25,1,4,29,1,1,0,2
7273.54,1662567514811,5.012457234,1,2.9,32.2,0.0,64.5,0.0,0.0,0.3,114,1,65,0,2,481588,115240,351244,678640,12027,171620,350,350,35,0,0,5,7,5,2,1,1,0,0,0,0,17,527807,0,15,1,10,2485,216620,5522,0,1,22812,18131,13645,13721,3030,733,2925,441,9,115,115,112,6348,2307,1956183,225,26,124,47,358191,358137,134,16,26,34,53,527270,335820,22,36,251,34,42,5,26,1,102,617848,370,0,79,1,0,0,53,0,0,53,1,0,0,1
7278.57,1662567525494,5.026317222,1,3.4,38.8,0.0,57.5,0.0,0.0,0.3,114,1,65,0,2,481572,115248,351252,678632,6004,95592,56,56,35,0,0,7,9,7,2,6,1,0,0,0,0,4,554640,0,3,0,11,525,244978,5203,0,1,22725,17772,2791,2746,629,26,417,0,9,101,101,105,996,428,2069079,197,7,130,16,348788,348731,120,16,7,6,13,552445,333940,7,11,226,32,31,0,7,0,99,711444,317,0,77,1,0,0,4,0,2,6,1,0,0,1
7283.59,1662567532650,5.016780400,1,4.5,32.9,0.0,62.3,0.0,0.0,0.3,114,2,65,0,2,480792,116028,351252,677852,5730,98937,294,294,35,0,0,5,7,5,2,0,1,0,0,0,0,3,527823,0,6,1,10,527,223992,5112,0,1,23062,18125,2387,2536,214,17,238,0,9,110,110,112,737,129,1926031,207,3,130,5,343502,343455,129,16,2,3,7,525821,328241,7,8,220,21,14,0,3,0,107,664773,331,0,75,1,0,0,5,0,0,5,1,0,0,1
7288.61,1662567539422,5.015024859,1,1.2,41.5,0.0,57.0,0.0,0.0,0.3,115,1,65,0,2,481928,114900,351244,678980,5685,98867,56,56,35,0,0,5,9,5,4,0,2,0,0,0,0,8,506668,0,3,0,14,569,211425,5291,0,1,22993,18016,5963,6122,1265,109,1305,63,13,103,103,105,2484,940,1870853,201,11,129,44,337195,337129,119,14,11,14,25,504768,320043,14,18,219,24,23,0,14,0,100,624777,337,0,85,1,2,6,29,1,4,33,1,1,0,2
7293.63,1662567546237,5.016934022,1,1.8,42.1,0.0,56.1,0.0,0.0,0.0,115,1,65,0,2,482508,114316,351248,679568,5424,97261,84,84,35,0,0,5,7,5,2,0,1,0,0,0,0,4,483971,0,4,0,10,2874,189548,5195,0,1,22827,17828,3943,4422,884,157,909,63,9,103,103,100,1601,693,1771135,201,7,129,44,338537,338511,122,15,7,8,17,482103,322940,10,13,221,29,23,0,8,0,97,586966,321,0,69,1,0,0,21,0,0,21,1,0,0,1
7298.65,1662567553093,5.016371750,1,6.6,34.8,0.0,57.9,0.0,0.0,0.7,115,1,65,0,2,481216,115596,351260,678280,5907,98963,294,294,35,0,0,5,7,5,2,0,1,0,0,0,0,4,520933,0,4,1,11,813,210986,5334,0,1,23133,18186,2385,2880,220,79,242,63,9,111,111,112,739,130,1861826,211,2,130,5,349957,349912,131,16,2,3,7,518971,334690,7,8,226,21,18,0,3,0,107,652760,317,0,75,1,0,0,4,0,0,4,1,0,0,1
7303.67,1662567559866,5.016104423,1,5.7,34.6,0.0,59.7,0.0,0.0,0.0,115,1,65,0,2,481564,115248,351260,678628,5581,98606,56,56,35,0,0,7,9,7,2,0,1,0,0,0,0,4,476924,0,3,0,11,2850,188081,5421,0,1,23007,18030,5960,6430,1261,298,1300,189,9,103,103,105,2477,943,1746282,203,11,129,45,335507,335452,127,16,11,13,26,474757,318147,14,18,225,28,25,0,13,0,102,557575,330,0,80,1,0,0,26,0,2,28,1,0,0,1
7308.69,1662567566643,5.019180399,1,4.5,35.8,0.0,59.4,0.0,0.0,0.3,114,1,65,0,2,481400,115416,351256,678468,7503,99748,84,84,35,0,0,5,7,5,2,1,1,0,0,0,0,12,532916,0,15,1,10,1489,224313,5492,0,1,24018,18612,13109,13655,2942,792,3001,441,8,116,116,113,6173,2309,1973155,226,24,128,46,355690,355615,133,14,24,31,46,530945,332949,20,35,252,36,40,5,30,1,103,615103,380,0,76,1,0,0,57,0,0,57,1,1,1,2
7313.71,1662567573470,5.023390374,1,4.1,34.7,0.0,60.9,0.0,0.0,0.3,114,1,65,0,2,481312,115504,351256,678372,5996,101373,266,266,35,0,0,5,9,5,4,0,2,0,0,0,0,2,560646,0,3,1,17,2875,249017,5501,0,1,23225,18269,2642,2698,240,143,265,0,13,111,111,112,744,135,2086268,211,2,130,6,352450,352398,128,17,2,3,7,558561,336828,7,8,222,31,20,0,3,0,108,716909,322,0,86,1,2,6,6,1,4,10,1,1,0,2
7318.73,1662567580351,5.016475713,1,3.1,27.9,0.0,67.7,0.0,0.0,1.4,114,1,65,0,2,481132,115684,351256,678196,5338,96218,84,84,35,0,0,5,7,5,2,0,1,0,0,0,0,15,474397,0,4,0,10,2846,187473,5103,0,1,22738,17808,4930,5846,1043,165,1236,63,8,101,101,102,2035,773,1744518,197,9,127,33,333128,333038,122,13,8,12,20,473184,317244,13,17,210,22,11,0,10,0,98,571938,326,0,80,1,0,0,25,0,0,25,1,0,0,1
7323.75,1662567587152,5.021747032,1,4.5,38.1,0.0,57.4,0.0,0.0,0.0,114,1,65,0,2,481620,115196,351256,678684,5516,98562,84,84,35,0,0,5,7,5,2,6,1,0,0,0,0,9,538112,0,4,0,10,1407,232835,5689,0,1,23237,18054,4618,5098,1041,361,1076,126,134,104,104,104,1839,781,2010444,205,12,131,44,346587,346532,197,15,11,12,20,536107,330007,11,18,364,31,125,0,12,0,100,673981,492,0,131,1,0,0,21,0,0,21,1,0,0,1
7328.77,1662567593988,5.023212502,1,3.8,37.9,0.0,56.8,0.0,0.0,1.6,113,1,65,0,1,481684,115124,351264,678756,5737,98948,294,294,35,0,0,7,10,7,3,2,2,0,0,0,0,3,553653,0,3,0,14,866,240229,5495,3,1,23205,18246,2662,2869,238,18,263,0,11,110,110,111,741,141,2043521,209,2,130,6,353555,353483,128,17,2,3,8,551625,337939,7,8,224,31,19,0,3,0,108,704222,332,0,78,1,1,0,7,0,2,9,1,1,1,2
7333.79,1662567601349,5.016648152,1,3.1,36.3,0.0,60.6,0.0,0.0,0.0,114,1,65,0,2,481880,114920,351272,678960,5580,99347,56,56,35,0,0,5,7,5,2,0,1,0,0,0,0,4,508092,0,3,0,11,558,212009,5290,0,1,22802,17889,2931,3397,440,150,463,126,9,102,102,103,877,259,1887730,201,4,130,5,336978,336937,125,16,4,5,12,506171,322368,10,11,211,22,11,0,5,0,99,640946,310,0,79,1,0,0,9,0,0,9,1,1,1,2
7338.81,1662567608275,5.016771342,1,2.9,32.1,0.0,64.1,0.0,0.0,1.0,114,1,65,0,2,480968,115828,351276,678052,5441,97183,84,84,35,0,0,5,9,5,4,0,2,0,0,0,0,10,483109,0,4,1,15,917,184860,5400,0,1,23061,18068,6022,6497,1280,361,1288,189,12,101,101,102,2465,925,1737998,197,11,129,44,339497,339436,120,16,11,13,26,481289,322089,14,18,217,31,22,0,13,0,98,587524,324,0,81,1,2,6,26,1,4,30,1,1,0,2
7343.83,1662567615077,5.019861536,1,19.2,26.2,0.0,54.6,0.0,0.0,0.0,113,1,64,0,2,480924,115880,351268,678000,5681,99913,189,189,35,0,0,5,7,5,2,0,1,0,0,0,0,4,557082,0,3,0,10,2881,248801,5474,0,1,22971,18012,2281,2854,241,17,271,0,9,107,107,108,655,134,2073614,207,2,130,6,347270,347209,125,16,2,3,6,554672,332728,7,8,222,31,17,0,3,0,104,716975,305,0,66,1,0,0,6,0,0,6,1,0,0,1
7348.85,1662567621870,5.020900354,1,3.3,38.6,0.0,57.9,0.0,0.0,0.3,114,1,65,0,2,481148,115656,351268,678228,13875,211924,140,140,35,0,0,0,0,0,0,1,0,0,0,0,0,11,530587,0,14,0,5,1055,218841,5519,0,0,23660,18810,10551,11004,2413,653,2340,315,5,117,117,114,4734,1908,1972401,231,18,130,46,358252,358216,133,12,17,28,36,529486,337338,18,25,255,36,40,5,21,1,104,643188,359,0,68,1,0,0,37,0,0,37,1,0,0,1
7353.88,1662567634390,5.028491703,1,16.4,28.5,0.0,54.8,0.0,0.0,0.3,115,2,66,0,1,482220,114584,351268,679300,6093,99991,294,294,35,0,0,8,11,7,3,4,2,0,0,0,0,7,502970,0,4,1,13,2934,193032,5303,2,1,23377,18391,2668,3174,241,207,262,189,10,112,112,115,742,124,1834581,211,3,131,6,351343,351296,131,15,2,3,8,500802,335678,7,8,225,33,19,0,3,0,108,609946,325,0,79,1,1,0,6,0,2,8,1,1,1,2
7358.9,1662567641329,5.015019552,1,1.7,27.9,0.0,70.4,0.0,0.0,0.0,113,1,65,0,2,482076,114724,351272,679160,5735,99425,56,56,35,0,0,5,9,5,4,0,2,0,0,0,0,6,485533,0,3,1,18,2590,179551,5307,0,1,22904,17951,2931,3453,436,24,457,0,13,103,103,105,872,261,1683992,203,4,130,5,346721,346680,125,18,4,6,12,483987,332091,10,11,215,22,12,0,5,0,101,606424,328,0,86,1,2,6,9,1,4,13,1,1,0,2
7363.92,1662567648139,5.016803300,1,25.4,38.5,0.0,34.6,0.0,0.0,1.5,114,2,64,0,2,481368,115432,351272,678452,5522,98512,84,84,35,0,0,5,7,5,2,6,1,0,0,0,0,6,518541,0,4,1,11,684,216933,5458,0,1,23155,17979,4847,5340,1089,238,1111,63,99,104,104,104,1998,806,1900802,203,12,130,44,343444,343388,171,16,12,12,22,516588,326591,12,19,346,31,123,0,14,0,99,622974,440,0,117,1,0,0,22,0,0,24,1,0,0,1
7368.94,1662567654950,5.021683736,1,20.1,32.9,0.0,46.4,0.0,0.0,0.6,114,1,65,0,2,481636,115160,351276,678724,6571,103839,4182,4182,35,0,0,5,7,5,2,0,1,0,0,0,0,13,551413,0,5,0,10,2883,249926,5412,0,1,23178,18220,2819,3093,303,83,467,63,9,133,134,133,819,179,2010373,225,3,129,6,345306,345240,135,16,3,4,9,548826,329702,7,8,246,33,32,7,4,2,126,675469,354,0,72,0,0,0,6,0,0,6,0,0,0,0
7373.96,1662567661803,5.016459112,1,1.9,37.7,0.0,60.4,0.0,0.0,0.0,114,1,65,0,2,481100,115684,351288,678196,5649,98382,56,56,35,0,0,5,7,5,2,0,1,0,0,0,0,4,535460,0,3,0,12,2878,226764,5203,0,1,22826,17905,2936,3399,444,86,465,63,9,103,103,103,870,258,1955659,203,4,130,5,348069,348036,127,16,4,5,13,533511,333475,10,11,214,22,13,0,5,0,100,677641,310,0,70,1,0,0,8,0,0,8,1,0,0,1
7378.98,1662567668650,5.019683575,1,3.6,39.9,0.0,56.5,0.0,0.0,0.0,113,1,65,0,1,481336,115448,351288,678432,5746,98304,84,84,35,0,0,5,7,5,2,0,1,0,0,0,0,5,485914,0,4,1,10,2930,187323,5347,0,1,22738,17754,3765,3928,866,347,892,126,8,102,102,105,1605,683,1770563,199,7,129,44,339826,339772,119,14,7,8,17,484003,324380,10,13,218,25,20,0,8,0,99,591564,308,0,75,1,0,0,20,0,0,20,1,0,0,1
7384,1662567675450,5.016869135,1,11.9,27.1,0.0,60.3,0.0,0.0,0.6,114,1,65,0,2,480400,116372,351300,677508,8088,101546,56,56,35,0,0,7,16,7,9,1,2,0,0,0,0,15,507945,0,14,1,32,2757,208191,5779,0,1,24496,19065,13734,14041,2938,735,2754,315,23,121,121,119,6218,2214,1856668,239,24,130,19,348227,348134,142,17,24,29,48,505840,324683,21,34,260,40,46,5,30,1,107,611760,368,0,104,1,1,6,46,0,2,48,1,1,0,2
7389.02,1662567682297,5.016165927,1,2.1,28.8,0.0,69.1,0.0,0.0,0.0,114,1,65,0,2,480848,115916,351308,677964,5494,98304,84,84,35,0,0,5,7,5,2,0,1,0,0,0,0,3,528690,0,4,1,11,2046,229409,5317,0,1,22834,17912,2946,3445,441,86,461,0,9,103,103,104,880,262,1979554,201,4,130,5,341606,341559,126,16,4,5,13,526577,326956,10,11,214,22,11,0,5,0,99,682891,312,0,77,1,0,0,10,1,4,14,1,0,0,1
7394.04,1662567689087,5.015970942,1,5.4,31.1,0.0,62.5,0.0,0.0,1.0,114,1,65,0,2,480760,116012,351300,677868,5442,98304,84,84,35,0,0,5,7,5,2,0,1,0,0,0,0,6,487676,0,3,0,11,588,187654,5178,0,1,22767,17780,3757,3931,869,158,902,126,9,101,101,103,1594,679,1757855,199,7,129,44,339976,339926,125,15,7,8,16,485651,324573,10,13,217,23,20,0,8,0,99,601790,306,0,75,1,0,0,19,0,0,19,1,0,0,1
7399.06,1662567695863,5.016214235,1,1.8,27.8,0.0,70.4,0.0,0.0,0.0,114,1,65,0,2,481432,115332,351308,678548,5560,96633,56,56,35,0,0,5,7,5,2,0,1,0,0,0,0,13,494487,0,3,0,10,1576,191456,5360,0,1,22942,18006,4549,4630,943,158,674,0,9,105,105,104,1687,679,1801443,207,7,129,18,344026,343974,125,15,7,7,19,492426,327686,11,12,233,38,30,0,8,0,101,605213,321,0,71,1,0,0,11,0,0,11,1,0,0,1
7404.08,1662567702708,5.015292486,1,2.8,32.9,0.0,64.0,0.0,0.0,0.3,114,1,65,0,2,482392,114372,351308,679508,5798,99347,84,84,35,0,0,7,11,7,3,1,2,0,0,0,0,9,502564,0,4,0,14,2876,194952,5228,2,1,22959,18007,2954,3297,440,86,461,126,11,104,104,107,875,252,1806042,203,5,130,5,347880,347810,125,18,4,5,12,500456,333075,10,11,216,24,11,0,5,0,100,635914,318,0,73,1,1,0,11,0,2,13,1,2,2,2
7409.1,1662567709486,5.024497101,1,4.9,35.2,0.0,59.6,0.0,0.0,0.3,114,1,65,0,2,481552,115216,351304,678660,5592,98615,56,56,35,0,0,5,7,5,2,0,1,0,0,0,0,6,496666,0,4,0,10,620,194693,5264,0,1,23192,17985,3929,4403,877,479,917,189,110,103,103,104,1594,691,1812549,203,7,131,44,343077,343028,180,16,7,8,16,494939,326979,12,15,351,24,134,0,9,0,99,611822,458,0,114,1,0,0,21,0,0,21,1,0,0,1
7414.12,1662567716309,5.016710000,1,2.9,33.5,0.0,62.9,0.0,0.0,0.7,114,1,65,0,2,481560,115196,351316,678680,5778,95798,84,84,35,0,0,5,14,5,9,0,2,0,0,0,0,9,535592,0,4,1,26,2468,232258,5401,0,1,22141,17368,6229,6388,1291,172,1307,63,23,101,101,103,2479,938,1991741,197,11,124,46,344700,344643,122,18,11,13,26,533499,327622,14,18,224,38,30,0,13,0,99,667605,337,0,90,1,1,6,29,0,0,29,1,1,0,2
7419.14,1662567723133,5.016461005,1,1.2,32.5,0.0,66.3,0.0,0.0,0.0,113,2,63,0,2,481652,115100,351320,678776,5494,98304,84,84,35,0,0,5,7,5,2,0,1,0,0,0,0,4,478138,0,3,0,11,1191,174920,5162,0,1,22838,17909,2928,3081,441,87,473,126,9,102,102,103,873,258,1722004,201,4,130,5,342702,342655,122,16,4,5,12,476544,328044,10,11,216,22,14,0,5,0,99,585048,304,0,76,1,0,0,8,1,4,12,1,0,0,1
7424.16,1662567729850,5.023848044,1,5.4,34.3,0.0,60.4,0.0,0.0,0.0,114,1,65,0,2,481732,115024,351316,678856,14471,219966,350,350,35,0,0,0,0,0,0,0,0,0,0,0,0,26,561771,0,14,0,5,2951,248593,5760,0,0,23831,19013,11591,11817,2579,396,2298,252,5,119,119,117,5077,1986,2115267,235,21,133,20,361658,361616,135,12,19,28,44,561220,340056,19,29,264,44,47,5,21,1,107,683327,375,0,69,1,0,0,40,0,0,40,1,0,0,1
7429.18,1662567742694,5.015978184,1,2.1,35.5,0.0,62.1,0.0,0.0,0.4,114,1,65,0,2,481180,115572,351320,678308,5494,99347,84,84,35,0,0,7,9,7,2,0,1,0,0,0,0,1,502931,0,4,1,10,2981,193607,5345,0,1,22979,18025,2950,3098,451,86,465,0,9,104,104,104,875,264,1777960,203,5,130,5,348962,348904,127,16,4,5,13,500863,334109,10,11,216,22,11,0,5,0,100,631659,307,0,73,1,0,0,9,0,2,11,1,0,0,1
7434.2,1662567749495,5.024860874,1,4.2,38.8,0.0,56.7,0.0,0.0,0.3,114,1,65,0,2,481368,115392,351312,678488,5597,98643,56,56,35,0,0,5,7,5,2,0,1,0,0,0,0,12,484243,0,3,1,11,2902,182390,5189,0,1,22722,17730,3769,4240,871,284,900,126,9,103,103,100,1594,687,1729196,201,7,128,44,345421,345374,122,15,7,8,16,482548,329938,10,13,220,23,22,0,8,0,97,582005,304,0,72,1,0,0,20,0,0,20,1,0,0,1
7439.22,1662567756299,5.016850286,1,1.5,31.9,0.0,66.5,0.0,0.0,0.0,114,1,65,0,2,481636,115108,351328,678772,5762,99684,84,84,35,0,0,5,14,5,9,0,2,0,0,0,0,5,502766,0,4,1,30,601,202791,5442,0,1,23337,18301,6229,6698,1273,108,1299,126,23,105,105,108,2473,929,1824289,205,11,129,46,342593,342539,126,17,11,13,26,500904,324946,14,18,233,38,30,0,13,0,103,608712,349,0,102,1,1,6,28,0,0,28,1,1,0,2
7444.24,1662567763100,5.016578166,1,4.4,32.7,0.0,62.9,0.0,0.0,0.0,114,1,65,0,2,481904,114840,351328,679040,5695,99475,84,84,35,0,0,5,7,5,2,0,1,0,0,0,0,3,495387,0,5,0,11,2876,194050,5100,0,1,22881,17941,2931,3445,436,86,468,0,9,104,104,105,878,255,1753422,205,4,130,5,343491,343463,125,16,4,5,12,493291,328780,10,11,218,22,12,0,5,0,101,633026,308,0,71,1,0,0,8,1,4,12,1,0,0,1
7449.26,1662567769891,5.016749844,1,4.3,35.0,0.0,60.2,0.0,0.0,0.6,114,1,65,0,2,482424,114332,351316,679552,5649,98382,56,56,35,0,0,5,7,5,2,0,1,0,0,0,0,5,543249,0,3,0,11,2855,239396,5379,0,1,22829,17829,3781,3947,856,283,884,0,9,103,103,103,1601,681,2042175,203,7,129,44,344428,344387,127,16,7,8,17,541442,329004,10,13,221,23,23,0,8,0,100,703856,323,0,77,1,0,0,22,0,0,22,1,0,0,1
7454.29,1662567776746,5.027151843,1,2.3,33.3,0.0,63.8,0.0,0.0,0.6,114,1,65,0,2,482148,114596,351328,679284,5864,97520,84,84,35,0,0,7,9,7,2,6,1,0,0,0,0,9,526129,0,4,0,10,695,225786,5631,0,1,23729,18471,6913,7361,1435,249,1454,63,124,105,105,108,2711,1018,1965961,205,15,131,46,343820,343753,190,14,15,17,29,524127,325009,15,23,369,41,134,0,18,0,101,647058,476,0,123,1,0,0,26,0,2,28,1,0,0,1
7459.31,1662567783585,5.016770078,1,2.8,33.1,0.0,63.4,0.0,0.0,0.6,114,1,65,0,2,481880,114848,351344,679028,7866,102174,56,56,35,0,0,5,7,5,2,1,1,0,0,0,0,15,521790,0,14,1,11,1534,215779,5734,0,1,24364,18958,12278,12412,2519,661,2518,630,9,118,118,114,5444,1877,1902386,231,21,130,7,353157,353076,137,15,21,27,42,519860,331039,20,33,249,35,32,5,27,1,105,631908,353,0,79,1,0,0,47,0,0,47,1,0,0,1
7464.33,1662567790439,5.016848477,1,3.9,29.9,0.0,65.8,0.0,0.0,0.3,114,3,63,0,2,481100,115636,351336,678240,6122,106397,294,294,35,0,0,5,7,5,2,0,1,0,0,0,0,16,530179,0,4,1,11,615,238326,5514,0,1,23325,18314,4041,4449,547,281,884,126,9,110,110,111,1508,382,1995271,206,6,129,33,335406,335341,129,15,6,10,14,527946,318759,10,14,219,21,14,0,8,0,106,675078,327,0,73,1,0,0,21,0,0,21,1,0,0,1
7469.35,1662567797678,5.016252245,1,3.0,35.3,0.0,61.0,0.0,0.0,0.6,114,1,65,0,2,481352,115364,351356,678504,5508,93504,56,56,35,0,0,5,9,5,4,0,2,0,0,0,0,5,488311,0,3,1,17,2749,189575,5038,0,1,21765,17021,4134,4631,892,157,919,63,12,100,100,101,1598,690,1747365,197,7,123,46,341269,341213,120,16,7,8,16,486268,325979,10,13,222,37,29,0,8,0,97,582215,301,0,84,1,2,6,22,1,4,26,1,1,0,2
7474.37,1662567804470,5.016435069,1,18.5,31.5,0.0,49.7,0.0,0.0,0.3,115,4,65,0,1,481296,115432,351344,678444,5442,97261,84,84,35,0,0,5,7,5,2,0,1,0,0,0,0,5,510359,0,4,0,11,747,198188,5185,0,1,23038,18078,3122,3607,452,23,484,0,9,103,103,104,884,258,1784783,201,4,130,5,351658,351607,122,16,4,5,13,508235,336708,10,11,217,29,14,0,5,0,99,647048,296,0,76,1,0,0,10,0,0,10,1,0,0,1
7479.39,1662567811338,5.017004191,1,5.6,34.0,0.0,60.5,0.0,0.0,0.0,114,1,65,0,2,481116,115584,351372,678280,6044,99878,266,266,35,0,0,7,11,7,4,1,2,0,0,0,0,6,496631,0,3,0,16,2912,191782,5105,2,1,23165,18211,2388,2543,227,80,248,63,13,108,108,110,735,129,1740498,205,3,131,5,344978,344929,130,18,2,3,7,494729,329746,7,8,216,22,14,0,3,0,106,640677,321,0,78,1,1,0,6,0,2,8,1,2,2,2
7484.41,1662567818126,5.015369011,1,1.9,34.0,0.0,63.5,0.0,0.0,0.6,114,1,65,0,2,481532,115132,351408,678712,5710,98691,84,84,35,0,0,5,7,5,2,0,1,0,0,0,0,9,518148,0,4,0,11,570,215476,5086,0,1,22965,17956,4140,4655,887,347,914,63,9,105,105,106,1596,683,1920002,207,7,129,46,342984,342933,125,16,7,8,17,516059,327095,10,13,230,37,26,0,8,0,102,647898,326,0,80,1,0,0,20,0,0,20,1,0,0,1
7489.43,1662567824914,5.015601366,1,19.5,33.1,0.0,47.1,0.0,0.0,0.3,114,1,65,0,2,481040,115620,351412,678220,5494,99347,84,84,35,0,0,5,7,5,2,0,1,0,0,0,0,2,493348,0,4,0,11,527,193194,5050,0,1,23012,18059,3112,3620,451,86,479,63,9,103,103,105,880,245,1811974,201,4,130,5,340965,340917,122,16,4,5,12,491409,326009,10,11,217,29,14,0,5,0,100,611988,303,0,76,1,0,0,10,0,0,10,1,0,0,1
7494.45,1662567831706,5.017242873,1,3.2,33.7,0.0,62.9,0.0,0.0,0.3,113,1,64,0,2,481588,115052,351432,678788,5838,100086,266,266,35,0,0,5,14,5,9,0,2,0,0,0,0,8,512265,0,3,1,33,577,203511,5333,0,1,23203,18230,2394,2859,220,80,245,63,23,111,111,112,737,132,1875273,211,2,130,5,348721,348679,129,17,2,3,7,510491,333399,7,8,222,21,15,0,3,0,109,638508,341,0,96,1,1,6,5,0,0,5,1,1,0,2
7499.46,1662567838471,5.013351266,1,16.4,34.0,0.0,49.7,0.0,0.0,0.0,114,4,65,0,1,482008,114700,351364,679172,14717,213489,168,168,35,0,0,0,0,0,0,1,0,0,0,0,0,12,576106,0,15,0,4,1819,252276,5726,0,0,23756,18960,9836,9929,2010,459,1924,252,4,120,120,119,4053,1517,2170974,235,14,131,7,369245,369212,137,9,14,27,38,575851,349550,18,28,254,37,33,5,18,1,107,711786,366,0,69,1,0,0,40,0,0,40,1,1,1,2
7504.48,1662567851330,5.015554175,1,5.0,30.6,0.0,64.1,0.0,0.0,0.3,113,1,65,0,2,481344,115360,351368,678512,5740,99878,266,266,35,0,0,7,11,7,3,1,2,0,0,0,0,2,489814,0,3,0,14,558,192584,5078,2,1,23194,18229,2377,2534,221,17,248,0,11,109,109,110,735,129,1737075,207,3,130,5,337802,337754,127,17,2,3,7,487741,322467,7,8,218,20,14,0,3,0,107,605107,320,0,78,1,1,0,5,0,2,7,1,1,1,2
7509.5,1662567858107,5.015576792,1,1.9,33.4,0.0,64.4,0.0,0.0,0.3,113,1,65,0,2,481504,115204,351364,678668,5974,96789,56,56,35,0,0,5,7,5,2,0,1,0,0,0,0,10,491752,0,3,1,11,575,190900,5111,0,1,23053,18024,4153,4313,901,32,932,63,9,107,107,107,1607,686,1764527,211,7,129,46,341397,341363,127,15,7,8,17,489548,325403,10,13,234,37,30,0,8,0,104,601651,315,0,76,1,0,0,21,0,0,21,1,0,0,1
7514.52,1662567864869,5.016015134,1,23.5,35.1,0.0,41.4,0.0,0.0,0.0,113,1,65,0,2,481320,115388,351364,678484,5570,99449,84,84,35,0,0,5,7,5,2,0,1,0,0,0,0,4,556381,0,6,0,11,530,246409,5442,0,1,22973,18027,3119,3589,454,86,475,63,9,104,104,105,874,252,2081912,203,4,130,5,349719,349667,123,16,4,5,12,554188,334754,10,11,220,29,14,0,5,0,99,723522,302,0,71,1,0,0,11,0,0,11,1,0,0,1
7519.54,1662567871700,5.015743378,1,5.3,30.7,0.0,63.8,0.0,0.0,0.3,112,1,64,0,2,481328,115372,351372,678500,5804,98885,266,266,35,0,0,5,7,5,2,0,1,0,0,0,0,1,482518,0,4,0,11,2877,190233,4974,0,1,23058,18121,2363,2824,221,143,247,0,9,110,110,110,738,133,1773258,208,2,129,5,336428,336378,130,16,2,3,7,480289,321205,7,8,220,21,14,0,3,0,106,597100,328,0,76,1,0,0,6,0,0,6,1,0,0,1
7524.56,1662567878491,5.015785786,1,7.0,37.1,0.0,55.9,0.0,0.0,0.0,113,2,65,0,2,481548,115164,351360,678712,6096,98934,84,84,35,0,0,5,7,5,2,0,1,0,0,0,0,7,507275,0,6,0,11,636,213036,5403,0,1,22957,17947,4147,4316,890,158,919,126,9,107,107,110,1601,679,1888580,209,7,129,46,335174,335121,126,16,7,8,17,504989,319250,10,13,229,37,24,0,8,0,100,638984,326,0,80,1,0,0,20,1,4,24,1,1,1,2
7529.58,1662567885301,5.016984433,1,12.6,37.7,0.0,49.4,0.0,0.0,0.3,113,2,64,0,2,480756,115944,351372,677928,5546,100390,84,84,35,0,0,5,7,5,2,0,1,0,0,0,0,4,538694,0,3,1,11,1707,232321,5281,0,1,22869,17947,3108,3412,453,150,487,126,9,102,102,103,871,265,2005509,201,4,130,5,346156,346103,122,16,4,5,12,536910,331339,10,11,214,29,14,0,5,0,99,696611,310,0,79,1,0,0,10,0,0,10,1,0,0,1
7534.6,1662567892194,5.016379608,1,5.1,37.3,0.0,57.6,0.0,0.0,0.0,113,1,65,0,2,481612,115108,351352,678772,7847,101530,294,294,35,0,0,7,9,7,2,1,1,0,0,0,0,18,527503,0,15,0,10,3856,228735,5598,0,1,24317,18954,11541,11715,2285,530,2327,504,8,126,126,121,5297,1765,1946349,239,19,129,7,348351,348277,142,13,19,25,38,525384,325935,17,30,252,27,32,5,25,1,111,650779,359,0,76,1,0,0,41,0,2,43,1,0,0,1
7539.62,1662567899061,5.017926064,1,3.5,43.8,0.0,52.7,0.0,0.0,0.0,113,1,65,0,2,481492,115228,351352,678652,5633,99649,84,84,35,0,0,5,7,5,2,0,1,0,0,0,0,2,530253,0,4,0,11,2078,224696,5493,0,1,23073,17919,4021,4185,891,352,910,63,93,105,105,106,1603,685,1968707,205,7,131,45,346310,346257,172,15,7,8,16,528145,330205,11,14,333,28,112,0,8,0,101,662604,425,0,107,1,0,0,22,0,0,22,1,0,0,1
7544.66,1662567905871,5.040199672,1,7.6,31.6,0.0,60.5,0.0,0.0,0.3,113,1,65,0,2,482328,114376,351368,679496,5494,99347,56,56,35,0,0,5,7,5,2,0,1,0,0,0,0,9,485158,0,3,0,11,568,187707,5195,0,1,22980,18020,4347,4254,939,158,657,0,9,102,102,102,1699,675,1703587,201,7,130,16,338607,338557,122,15,7,7,19,483082,322427,11,12,223,31,24,0,8,0,99,602257,302,0,79,1,0,0,9,0,0,9,1,0,0,1
7549.68,1662567912734,5.017386406,1,1.6,43.2,0.0,55.2,0.0,0.0,0.0,113,1,65,0,2,481440,115264,351368,678616,5706,99878,294,294,35,0,0,5,14,5,9,0,2,0,0,0,0,9,544020,0,4,0,29,512,234624,5185,0,1,23126,18173,2369,2532,220,17,249,0,23,110,110,111,740,126,2009236,207,2,131,5,349230,349192,127,18,2,3,8,541950,334115,7,8,217,21,14,0,3,0,107,689484,340,0,95,1,1,6,4,0,0,4,1,2,1,2
7554.7,1662567919600,5.016548770,1,3.4,35.7,0.0,60.6,0.0,0.0,0.3,113,1,65,0,2,482116,114584,351372,679292,5731,98917,56,56,35,0,0,5,7,5,2,0,1,0,0,0,0,9,476420,0,4,0,11,2915,188705,5231,0,1,22770,17785,3877,4411,874,157,902,126,9,105,105,106,1601,680,1740589,207,7,129,45,331116,331062,129,16,7,8,16,474322,315574,10,13,229,27,24,0,8,0,101,584093,331,0,81,1,0,0,19,1,4,23,1,0,0,1
7559.72,1662567926399,5.015370928,1,4.3,29.1,0.0,66.2,0.0,0.0,0.3,113,1,65,0,2,481880,114808,351384,679060,5476,98148,84,84,35,0,0,5,7,5,2,0,1,0,0,0,0,7,502208,0,4,0,11,560,208399,5333,0,1,23123,18118,6019,6496,1272,108,1308,126,9,101,100,102,2469,931,1824337,195,11,129,44,336073,336017,119,16,11,13,26,500325,318677,14,18,218,31,24,0,13,0,98,616606,345,0,80,1,0,0,25,0,0,25,1,0,0,1
7564.74,1662567933247,5.024020027,1,4.0,33.0,0.0,63.0,0.0,0.0,0.0,113,1,65,0,2,481676,115024,351372,678848,5861,99956,294,294,35,0,0,7,9,7,2,0,1,0,0,0,0,1,537445,0,3,0,11,538,229587,5090,0,1,23159,18200,2379,2534,219,17,245,0,9,111,111,111,737,133,1967668,211,2,131,5,347886,347839,126,16,2,3,7,535417,332573,7,8,224,21,19,0,3,0,108,682313,313,0,72,1,0,0,4,0,2,6,1,0,0,1
7569.76,1662567940093,5.017446506,1,3.2,29.2,0.0,67.5,0.0,0.0,0.0,112,1,64,0,2,482268,114440,351364,679436,5633,98606,56,56,35,0,0,5,7,5,2,0,1,0,0,0,0,9,484065,0,3,0,10,2159,187045,5159,0,1,22801,17815,3875,4355,874,220,908,0,8,104,104,105,1605,692,1769200,205,7,129,45,337437,337384,126,13,7,8,17,482176,321932,10,13,226,27,24,0,8,0,102,591935,321,0,77,1,0,0,21,0,0,21,1,0,0,1
7574.77,1662567946881,5.013622345,1,5.3,33.1,0.0,61.2,0.0,0.0,0.3,114,3,65,0,2,482376,114332,351364,679548,14424,212613,378,378,35,0,0,0,0,0,0,1,0,0,0,0,1,5,562825,0,15,0,4,3361,239467,5651,0,0,23902,19081,9639,9861,1892,577,1857,567,4,128,128,126,4289,1462,2084319,241,16,130,7,370359,370324,140,9,15,25,34,562568,349726,15,26,256,29,32,5,16,1,112,695318,368,0,66,0,0,0,38,0,0,38,0,0,0,0
7579.81,1662567959469,5.037583645,1,2.8,37.0,0.0,59.6,0.0,0.0,0.6,112,1,65,0,2,480960,115720,351392,678140,6265,99431,3944,3944,35,0,0,5,7,5,2,0,1,0,0,0,0,20,522908,0,3,1,11,988,225825,5454,0,1,22315,17442,4219,4438,940,34,1103,0,9,128,129,126,1787,728,1929738,221,8,126,45,337569,337515,137,15,8,9,19,521204,322073,11,14,244,29,39,7,9,2,120,662863,332,0,77,1,0,0,19,1,4,23,1,0,0,1
7584.83,1662567966306,5.018747999,1,2.4,32.7,0.0,64.6,0.0,0.0,0.3,112,1,65,0,2,481292,115372,351408,678492,5649,98382,84,84,35,0,0,7,11,7,4,6,2,0,0,0,0,9,531208,0,4,1,17,568,232670,5638,2,1,23171,18146,6557,6717,1419,179,1437,189,16,104,104,105,2715,1003,1986264,203,15,129,44,341297,341236,125,17,15,17,30,529201,323416,14,22,236,31,33,0,17,0,101,658500,351,0,90,1,1,0,28,0,2,30,1,1,1,2
7589.85,1662567973122,5.016824956,1,3.8,33.3,0.0,62.3,0.0,0.0,0.6,112,1,65,0,2,481792,114852,351428,679000,5798,99928,294,294,35,0,0,5,7,5,2,0,1,0,0,0,0,6,490455,0,6,1,11,2405,189830,5210,0,1,23084,18139,2366,2815,223,17,242,0,9,111,111,113,743,136,1774654,209,2,131,5,340611,340564,126,16,2,3,7,488282,325357,7,8,223,21,14,0,3,0,107,595317,328,0,73,1,0,0,5,0,0,5,1,0,0,1
7594.87,1662567979975,5.015281597,1,3.0,36.5,0.0,60.2,0.0,0.0,0.3,112,1,65,0,2,481904,114764,351404,679100,5736,99649,56,56,35,0,0,5,7,5,2,0,1,0,0,0,0,9,486835,0,3,1,11,643,189368,5476,0,1,23195,18175,5945,6415,1257,360,1289,189,9,104,104,105,2466,931,1788615,205,11,130,45,339708,339655,128,16,11,13,26,484987,322428,13,17,227,28,26,0,13,0,102,583924,339,0,76,1,0,0,26,0,0,26,1,0,0,1
7599.89,1662567986776,5.015828062,1,0.7,32.5,0.0,66.9,0.0,0.0,0.0,112,1,65,0,2,482424,114236,351412,679632,5953,99425,84,84,35,0,0,5,7,5,2,0,1,0,0,0,0,9,474293,0,4,0,11,587,178270,5424,0,1,23236,18201,6018,6517,1263,172,1281,189,9,104,104,107,2462,918,1702233,203,11,129,44,339087,339034,123,16,11,13,26,472741,321696,14,18,224,33,25,0,13,0,100,556880,330,0,69,1,0,0,28,0,0,28,1,1,1,2
7604.91,1662567993559,5.015728283,1,5.9,33.1,0.0,60.7,0.0,0.0,0.3,112,1,65,0,2,481904,114752,351416,679116,5893,100252,266,266,35,0,0,5,14,5,9,0,2,0,0,0,0,4,553964,0,3,1,31,543,238762,5405,0,1,23153,18191,2368,2835,218,16,251,0,23,109,109,110,744,135,2038197,207,3,130,5,355013,354972,127,17,2,3,7,552091,339861,7,8,215,17,15,0,3,0,105,701801,332,0,96,1,1,6,4,0,0,4,1,1,0,2
7609.93,1662568000306,5.015803242,1,3.5,34.0,0.0,62.5,0.0,0.0,0.0,112,1,65,0,2,481492,115184,351396,678688,7746,101095,84,84,35,0,0,8,12,7,4,5,2,0,0,0,0,18,489648,0,15,0,16,3447,191745,5857,3,1,24422,18986,15134,15644,3339,498,3349,567,12,120,120,117,7023,2537,1789986,235,28,129,47,347398,347319,143,15,28,35,56,487449,322792,24,40,261,34,42,5,35,1,106,549188,378,0,89,1,1,0,64,1,6,70,1,1,1,2
7614.96,1662568007153,5.026867786,1,2.5,35.7,0.0,61.2,0.0,0.0,0.6,112,1,65,0,2,481400,115280,351392,678600,5436,97261,84,84,35,0,0,5,7,5,2,0,1,0,0,0,0,11,491607,0,4,1,11,2910,188884,5449,0,1,23135,18133,6037,6542,1272,360,1299,63,9,103,103,103,2468,930,1792476,201,11,129,44,345823,345782,125,15,11,13,25,489555,328389,14,18,225,31,26,0,13,0,98,596243,329,0,78,1,0,0,28,0,0,28,1,0,0,1
7619.98,1662568013986,5.015719516,1,2.5,32.8,0.0,64.6,0.0,0.0,0.0,112,1,65,0,2,480676,116008,351388,677872,5731,98998,266,266,35,0,0,5,7,5,2,0,1,0,0,0,0,8,494474,0,4,0,10,2918,192134,4966,0,1,23176,18222,2636,3153,238,143,254,0,8,111,111,112,742,123,1724266,211,2,129,6,346031,345985,124,13,2,3,8,492511,330442,6,7,225,31,19,0,3,0,107,618807,315,0,68,1,0,0,7,0,0,7,1,0,0,1
7625,1662568021300,5.016644780,1,3.9,32.5,0.0,63.0,0.0,0.0,0.6,112,1,65,0,2,481188,115484,351400,678388,5953,99425,84,84,35,0,0,5,7,5,2,0,1,0,0,0,0,5,565431,0,3,1,10,540,250579,5504,0,1,22892,17952,2936,3079,441,86,459,63,8,103,103,106,874,260,2110357,203,4,130,5,353982,353933,125,14,4,5,12,563308,339335,10,11,216,24,13,0,4,0,101,719967,317,0,68,1,0,0,8,0,0,7,1,1,1,2
7630.02,1662568028155,5.016185578,1,2.9,37.0,0.0,59.2,0.0,0.0,0.9,113,1,65,0,2,481960,114708,351404,679164,5390,98226,56,56,35,0,0,5,7,5,2,6,1,0,0,0,0,5,502726,0,3,0,11,665,210152,5537,0,1,23363,18235,6651,6794,1432,186,1447,189,98,100,100,101,2717,1022,1870969,196,15,130,44,336210,336150,165,16,15,17,30,500576,317979,15,23,317,32,98,0,18,0,97,616580,441,0,113,0,0,0,29,0,0,29,0,0,0,0
7635.04,1662568034966,5.016636054,1,23.4,32.9,0.0,43.1,0.0,0.0,0.7,114,1,65,0,2,481544,115120,351408,678752,5789,99991,294,294,35,0,0,7,13,7,6,1,3,0,0,0,0,10,517922,0,4,2,20,2107,210030,5394,3,1,23320,18340,2668,3150,245,144,267,63,17,112,112,112,740,133,1877949,209,2,134,6,348179,348125,128,18,2,3,7,515835,332480,6,7,225,31,19,0,4,0,108,641057,335,0,83,1,3,6,7,1,6,13,1,2,1,2
7640.06,1662568041800,5.016337682,1,4.7,33.5,0.0,61.2,0.0,0.0,0.6,114,1,65,0,2,481288,115380,351404,678496,5442,99347,56,56,35,0,0,5,7,5,2,0,1,0,0,0,0,4,512518,0,3,0,11,1486,208519,5123,0,1,22535,17622,863,1022,50,9,78,0,9,102,102,102,4,5,1844032,201,0,130,5,341740,341694,122,15,0,0,3,510507,328801,6,6,212,21,10,0,0,0,99,652812,288,0,67,1,0,0,4,0,0,4,1,0,0,1
7645.08,1662568048625,5.018543663,1,3.8,25.3,0.0,70.3,0.0,0.0,0.6,113,1,64,0,2,481652,115008,351412,678868,5390,97366,84,84,35,0,0,5,7,5,2,0,1,0,0,0,0,5,485430,0,4,0,11,2912,189917,5241,0,1,22982,18002,5830,6056,1258,297,1290,126,9,100,100,101,2472,931,1782720,195,11,129,44,339275,339215,123,15,11,13,26,483474,322116,14,18,215,24,21,0,13,0,97,589689,327,0,78,1,0,0,27,0,0,27,1,0,0,1
7650.1,1662568055382,5.015166527,1,3.7,32.9,0.0,62.4,0.0,0.0,0.9,114,1,65,0,2,480848,115820,351404,678060,14877,206409,1305,1305,35,0,0,0,0,0,0,1,0,0,0,0,0,17,563233,0,15,0,5,3372,244464,5710,0,0,23911,19056,10367,10306,2099,713,2164,315,5,117,117,114,4201,1559,2104465,229,18,131,35,366410,366378,136,11,17,26,37,563153,345994,19,26,245,28,28,5,19,1,103,709888,341,0,63,1,0,0,42,0,0,42,1,0,0,1
7655.13,1662568067673,5.027035283,1,2.5,34.7,0.0,62.7,0.0,0.0,0.0,114,1,65,0,2,481304,115356,351412,678524,5598,99608,56,56,35,0,0,5,9,5,4,0,2,0,0,0,0,13,510131,0,3,0,16,2464,205907,5219,0,1,23261,18229,6031,6184,1275,109,1309,126,13,102,102,103,2476,925,1850873,201,11,129,44,346766,346705,124,17,11,13,25,507925,329300,14,18,221,31,24,0,13,0,99,633030,338,0,84,1,2,6,24,1,4,28,1,1,0,2
7660.15,1662568074506,5.016516173,1,17.4,32.2,0.0,49.2,0.0,0.0,1.3,115,3,66,0,1,481320,115340,351412,678540,5789,99991,294,294,35,0,0,7,9,7,2,0,1,0,0,0,0,3,511616,0,4,0,11,2871,205018,4878,0,1,23260,18293,2650,3126,237,17,274,63,9,111,111,112,739,135,1849933,209,2,130,6,347044,346994,126,15,2,3,8,509528,331298,7,8,225,31,19,0,3,0,108,637500,316,0,69,1,0,0,7,0,2,9,1,0,0,1
7665.17,1662568081369,5.015269685,1,3.4,31.0,0.0,65.7,0.0,0.0,0.0,114,1,65,0,2,481312,115344,351416,678536,5442,99347,84,84,35,0,0,5,10,5,5,0,2,0,0,0,0,3,541025,0,3,1,19,2842,231165,5197,2,1,22867,17934,2940,3395,437,86,457,0,15,102,102,102,877,253,2000293,201,4,130,5,349309,349256,124,18,4,5,12,538887,334557,10,11,213,22,11,0,5,0,99,694772,316,0,79,3,3,6,9,1,4,13,1,3,2,3
7670.19,1662568088189,5.015756723,1,3.7,35.2,0.0,60.7,0.0,0.0,0.3,114,1,65,0,2,481172,115484,351416,678396,5338,97261,56,56,35,0,0,7,10,7,3,1,2,0,0,0,0,20,494660,0,3,0,14,720,193952,5671,2,1,23306,18132,6203,6678,1288,305,1302,63,117,101,101,101,2477,932,1770329,199,11,131,44,343459,343397,185,18,11,14,26,493029,325572,17,21,351,32,137,0,15,0,97,599927,487,0,124,3,5,4,29,1,6,35,1,3,2,3
7675.21,1662568095006,5.016952349,1,18.8,34.6,0.0,46.3,0.0,0.0,0.3,114,1,65,0,2,481808,114844,351420,679032,5927,100041,294,294,35,0,0,5,10,5,5,0,2,0,0,0,0,4,491076,0,7,1,18,588,191244,5164,2,1,23276,18311,2655,2807,241,143,265,0,14,112,112,115,750,131,1802221,211,2,130,6,340288,340242,127,16,2,3,7,489067,324680,7,8,230,31,19,0,3,0,108,599899,314,0,75,3,3,6,5,1,4,9,1,3,2,3
7680.23,1662568101818,5.016149034,1,3.7,31.3,0.0,65.0,0.0,0.0,0.0,114,1,65,0,2,481796,114848,351428,679032,5442,99347,56,56,35,0,0,5,8,5,3,0,2,0,0,0,0,4,551758,0,3,1,13,2875,240543,5409,2,1,22805,17886,2951,3407,443,212,465,63,11,102,102,103,877,258,2051206,201,4,130,5,351193,351139,124,17,4,5,12,549509,336460,10,11,213,22,11,0,5,0,100,710655,303,0,77,3,5,4,8,1,4,12,1,3,2,3
7685.25,1662568108646,5.016556802,1,2.8,35.3,0.0,61.9,0.0,0.0,0.0,114,1,65,0,2,481652,114988,351432,678888,7659,100013,84,84,35,0,0,7,10,7,3,2,2,0,0,0,0,20,503713,0,15,0,13,2388,203663,5902,2,1,24268,18855,15016,15212,3289,682,3310,567,10,117,116,113,7032,2527,1822061,227,29,129,46,348991,348909,139,15,28,35,56,501619,324635,24,40,251,30,39,5,35,1,103,581861,380,0,83,3,5,4,65,1,6,71,1,3,2,3
7690.27,1662568115503,5.015914787,1,3.1,34.4,0.0,62.2,0.0,0.0,0.3,114,1,65,0,2,481000,115640,351432,678240,5887,97983,161,161,35,0,0,5,10,5,5,0,2,0,0,0,0,3,535668,0,3,1,19,2388,236259,5412,2,1,22749,17799,2376,2643,468,19,286,63,15,103,103,105,774,334,1985732,203,3,129,17,338573,338524,125,17,3,2,9,533552,324136,7,7,225,33,27,0,3,0,101,691107,311,0,85,3,3,6,5,1,4,9,1,3,2,3
7695.29,1662568122651,5.015730061,1,3.4,34.3,0.0,62.0,0.0,0.0,0.3,114,1,65,0,2,481320,115316,351436,678560,5592,97522,84,84,35,0,0,7,10,7,3,4,2,0,0,0,0,4,535099,0,5,0,13,1770,228405,5410,2,1,22558,17638,871,1391,50,9,84,0,11,104,104,106,5,17,1954920,201,0,130,5,346275,346231,124,17,0,0,4,533147,333368,6,6,214,21,10,0,0,0,100,687796,314,0,81,3,5,4,5,1,6,11,1,3,2,3
7700.31,1662568129482,5.016567930,1,8.0,33.6,0.0,58.0,0.0,0.0,0.3,114,1,65,0,2,481808,114836,351428,679040,5838,98304,56,56,35,0,0,5,10,5,5,0,2,0,0,0,0,14,477000,0,4,0,20,1234,185828,5415,1,1,23131,18119,5876,6031,1254,46,1271,63,15,102,102,107,2469,930,1740152,201,11,129,44,333537,333480,128,17,11,13,25,474987,316324,14,18,224,26,23,0,13,0,99,566213,361,0,91,3,3,6,27,1,4,31,1,3,2,3
7705.33,1662568136326,5.016229245,1,3.6,35.5,0.0,60.9,0.0,0.0,0.0,114,1,65,0,2,481256,115376,351440,678500,5842,100020,84,84,35,0,0,5,8,5,3,0,2,0,0,0,0,9,532181,0,5,1,14,2865,227208,5346,1,1,23074,18042,4177,4343,900,411,925,63,11,109,109,108,1608,680,1977414,213,7,130,46,345894,345837,130,18,7,8,17,530081,329836,10,13,240,37,30,0,8,0,103,669779,328,0,79,3,5,4,24,1,4,28,1,3,2,2
7710.35,1662568143147,5.016714200,1,1.2,35.8,0.0,62.0,0.0,0.0,0.9,114,1,65,0,2,481328,115276,351468,678584,5442,98304,84,84,35,0,0,5,7,5,2,0,1,0,0,0,0,1,494687,0,4,1,12,2903,190725,4972,0,1,22575,17646,860,1402,52,10,78,0,9,103,103,104,4,5,1738973,201,0,130,5,342614,342568,122,16,0,0,3,492871,329683,6,6,213,21,10,0,0,0,100,625707,288,0,70,1,0,0,3,0,0,3,1,0,0,1
7715.38,1662568149944,5.030634395,1,5.0,35.5,0.0,59.2,0.0,0.0,0.4,114,1,65,0,2,481552,115056,351464,678812,5338,96218,56,56,35,0,0,5,7,5,2,0,1,0,0,0,0,11,489765,0,3,1,11,2448,191896,5299,0,1,22777,17822,5892,6332,1267,235,1300,189,41,100,100,100,2461,923,1792807,197,11,128,44,340016,339959,134,16,11,13,25,487512,322969,15,19,235,24,35,0,13,0,98,589050,359,0,85,1,0,0,26,0,0,26,1,0,0,1
7720.4,1662568156793,5.015960947,1,5.0,30.4,0.0,64.7,0.0,0.0,0.0,113,1,64,0,2,481668,114952,351452,678920,5768,99762,84,84,35,0,0,5,7,5,2,4,1,0,0,0,0,12,495472,0,4,1,11,2819,191257,5371,0,1,23162,18116,4654,4816,1033,165,1064,126,9,107,107,107,1846,776,1788912,209,11,130,46,345602,345547,130,16,11,12,21,493499,329159,10,17,241,37,35,0,12,0,102,605807,334,0,84,1,0,0,22,0,0,22,1,0,0,1
7725.41,1662568163590,5.013193022,1,3.0,40.4,0.0,56.2,0.0,0.0,0.3,114,1,65,0,2,482124,114496,351452,679384,13041,191798,140,140,35,0,0,0,1,0,1,0,1,0,0,0,1,11,551336,0,14,0,8,1050,234156,5754,0,0,23852,19004,15293,14342,3325,1067,3069,630,7,116,116,113,6860,2522,2052300,229,28,129,46,365902,365859,134,14,28,34,54,550996,342647,22,37,254,37,41,5,29,1,104,670620,392,0,76,1,4,4,60,0,0,60,1,1,0,2
7730.43,1662568175084,5.016743938,1,21.9,33.5,0.0,43.5,0.0,0.0,1.0,114,1,65,0,2,481904,114720,351448,679160,5783,100041,294,294,35,0,0,7,11,7,4,2,2,0,0,0,0,7,561111,0,5,1,15,2850,249507,5221,2,1,23104,18181,2657,3121,241,79,267,126,12,111,111,112,746,132,2092879,209,3,130,6,352415,352373,130,16,2,3,7,559125,336939,7,8,226,31,19,0,3,0,107,726143,336,0,73,1,1,0,8,0,4,12,1,2,2,2
7735.45,1662568181900,5.016200256,1,3.4,29.7,0.0,66.6,0.0,0.0,0.3,114,1,65,0,2,481684,114936,351452,678944,5494,98304,56,56,35,0,0,5,7,5,2,0,1,0,0,0,0,2,548182,0,3,1,10,2887,240728,5370,0,1,22791,17880,2931,3073,446,86,464,0,9,102,102,102,867,268,2031889,201,4,130,5,347399,347351,126,15,4,5,12,546205,332829,10,11,211,22,11,0,5,0,99,700047,324,0,73,1,0,0,8,0,0,8,1,0,0,1
7740.47,1662568188720,5.016337661,1,2.5,36.1,0.0,61.1,0.0,0.0,0.3,114,1,65,0,2,480880,115728,351464,678148,5649,98643,84,84,35,0,0,5,7,5,2,0,1,0,0,0,0,5,492250,0,4,0,10,2894,196632,5473,0,1,23012,18021,5838,5998,1248,361,1266,63,8,103,103,104,2469,928,1811094,199,11,129,44,338208,338152,119,13,11,13,26,490125,321020,14,18,219,24,22,0,13,0,100,584472,329,0,76,1,0,0,28,0,0,28,1,0,0,1
7745.49,1662568195560,5.015422316,1,9.2,32.0,0.0,58.5,0.0,0.0,0.3,114,1,65,0,2,481108,115496,351468,678380,6036,96862,161,161,35,0,0,5,7,5,2,0,1,0,0,0,0,4,547965,0,3,1,11,2880,247161,5361,0,1,22722,17772,2377,2651,489,82,282,0,9,102,102,105,793,349,2054579,201,3,130,17,339957,339909,122,16,3,4,9,545851,325474,7,7,223,35,26,0,3,0,100,708354,299,0,71,1,0,0,5,0,0,5,1,0,0,1
7750.51,1662568202439,5.016490702,1,3.6,35.9,0.0,59.9,0.0,0.0,0.6,114,1,65,0,2,480612,116000,351460,677876,5804,99503,84,84,35,0,0,5,9,5,4,0,2,0,0,0,0,3,484518,0,4,0,15,2528,190255,5136,0,1,22870,17942,2943,3095,447,24,456,0,13,105,105,106,870,257,1715850,205,4,131,5,334739,334690,129,18,4,5,13,482730,320070,10,11,217,22,14,0,5,0,102,600333,319,0,82,1,2,6,9,1,4,13,1,1,0,2
7755.53,1662568209249,5.016664409,1,5.7,29.4,0.0,64.2,0.0,0.0,0.7,114,1,65,0,2,481180,115424,351468,678452,5442,98304,84,84,35,0,0,7,10,7,3,2,2,0,0,0,0,5,495065,0,4,0,13,2907,190305,5345,3,1,23096,18081,5854,6339,1262,297,1283,126,11,103,103,103,2479,927,1787321,201,11,129,44,347929,347876,123,18,11,13,25,493212,330729,14,18,219,24,21,0,13,0,99,594045,326,0,81,3,5,4,27,1,6,33,1,3,2,4
7760.54,1662568216042,5.014507824,1,3.1,35.2,0.0,61.1,0.0,0.0,0.6,114,1,65,0,2,481140,115456,351476,678420,7823,101181,56,56,35,0,0,5,10,5,5,5,2,0,0,0,0,21,497619,0,15,1,19,4005,200765,5886,1,1,24760,19078,13986,13932,3137,1191,3148,819,110,119,119,117,6431,2416,1806102,235,28,131,48,348603,348523,194,18,28,28,50,495610,324289,22,41,401,44,165,5,35,1,107,582841,497,0,128,3,3,6,60,1,4,64,1,3,2,3
7765.56,1662568222825,5.017575203,1,2.0,38.8,0.0,59.2,0.0,0.0,0.0,114,1,65,0,2,481392,115204,351476,678672,5494,98304,84,84,35,0,0,7,11,7,4,1,2,0,0,0,0,5,497857,0,4,1,15,1463,191512,5153,2,1,22846,17917,2963,3419,442,23,480,0,13,103,103,104,868,274,1741458,201,4,130,5,345541,345488,124,17,4,5,13,495854,330898,10,11,214,22,11,0,5,0,99,620877,321,0,76,3,5,4,11,1,6,17,1,3,2,3
7770.59,1662568229632,5.026900388,1,5.1,29.3,0.0,64.6,0.0,0.0,1.0,114,1,65,0,2,481448,115136,351488,678736,5494,98565,56,56,35,0,0,5,10,5,5,0,2,0,0,0,0,6,487472,0,3,0,19,2233,188494,5285,2,1,23113,18105,5881,6331,1246,45,1276,0,15,102,102,101,2466,930,1775616,201,11,129,44,340898,340838,128,17,11,14,25,485432,323741,14,18,220,24,21,0,13,0,97,582159,344,0,93,3,3,6,27,1,4,31,1,3,2,3
7775.61,1662568236455,5.015223944,1,4.1,36.5,0.0,59.4,0.0,0.0,0.0,114,1,65,0,2,482424,114156,351492,679716,5456,92461,84,84,35,0,0,7,11,7,4,1,2,0,0,0,0,10,495368,0,4,0,15,2461,188865,5059,2,1,21754,17011,4144,4630,896,220,930,63,12,102,102,104,1606,689,1752683,199,7,123,46,346132,346080,121,16,7,8,17,493618,330780,10,13,223,37,29,0,8,0,99,608520,307,0,78,3,5,4,25,1,6,31,1,3,2,3
7780.63,1662568243295,5.015202495,1,3.2,36.7,0.0,59.4,0.0,0.0,0.7,114,1,65,0,2,481328,115256,351488,678612,5494,99347,84,84,35,0,0,5,10,5,5,0,2,0,0,0,0,3,536621,0,4,0,20,2865,224085,5233,2,1,22666,17735,1397,2403,152,12,289,0,15,103,103,104,214,74,1988456,201,1,130,5,350665,350609,124,17,1,4,8,534301,337270,8,9,214,22,11,0,1,0,99,691459,299,0,85,3,3,6,6,1,4,10,1,3,2,3
7785.65,1662568250086,5.015612972,1,6.6,36.3,0.0,57.1,0.0,0.0,0.0,114,1,65,0,2,481392,115192,351488,678676,5390,99269,56,56,35,0,0,5,8,5,3,0,2,0,0,0,0,10,478942,0,3,0,13,2799,187926,5348,2,1,23054,18059,5871,6020,1265,172,1285,126,10,100,100,101,2464,925,1759005,197,11,129,44,333926,333870,124,15,11,13,26,476959,316732,14,18,218,24,23,0,14,0,97,583482,344,0,85,3,5,4,28,1,4,32,1,3,2,3
7790.67,1662568256898,5.016137665,1,4.6,35.2,0.0,59.9,0.0,0.0,0.3,114,1,65,0,2,481336,115248,351488,678620,5888,97934,84,84,35,0,0,7,10,7,3,4,2,0,0,0,0,8,531589,0,5,0,14,1764,229983,5534,2,1,22899,17904,4170,4656,894,284,920,252,11,109,109,110,1606,683,1979610,213,7,128,46,342022,341969,134,17,7,8,17,529454,326155,10,13,239,37,30,0,8,0,103,666449,338,0,81,3,5,4,24,1,6,30,1,3,2,3
7795.69,1662568263725,5.018242135,1,4.7,28.9,0.0,66.4,0.0,0.0,0.0,113,1,64,0,2,481952,114624,351496,679244,11110,103365,8955,8955,35,0,0,5,10,5,5,0,2,0,0,0,0,5,481707,0,3,0,19,2900,186030,5252,2,1,22755,17810,1346,1580,140,14,287,0,15,126,127,126,187,62,1745337,217,1,131,5,334165,334118,133,17,1,1,6,479995,320794,7,7,235,30,28,7,1,2,121,592214,336,0,81,3,3,6,3,1,4,7,1,3,2,3
7800.7,1662568270511,5.013415845,1,2.8,35.2,0.0,62.0,0.0,0.0,0.0,114,1,65,0,2,481484,115104,351484,678768,15848,230972,378,378,35,0,0,0,1,0,1,1,1,0,0,0,0,25,517228,0,15,0,8,2784,205567,5666,0,0,23561,18605,11537,11708,2583,791,2436,567,99,120,120,117,5055,2009,1878744,235,20,129,48,359498,359466,189,14,18,28,39,516619,337680,21,31,392,44,162,5,22,1,107,623151,477,0,111,3,4,4,47,0,0,47,1,2,1,2
7805.72,1662568284066,5.015204485,1,3.3,31.7,0.0,64.7,0.0,0.0,0.3,113,1,65,0,1,480808,115776,351488,678092,5494,98304,56,56,35,0,0,5,7,5,2,0,1,0,0,0,0,2,561049,0,3,1,10,794,245565,5378,0,1,22803,17876,2949,3090,438,87,461,0,9,102,102,103,874,263,2081677,201,4,130,5,354677,354633,122,16,4,5,12,558983,340021,10,11,216,22,14,0,5,0,99,724335,307,0,74,1,0,0,9,0,2,11,1,0,0,1
7810.74,1662568291466,5.017662234,1,1.3,33.7,0.0,65.0,0.0,0.0,0.0,114,1,65,0,2,480336,116232,351504,677636,5688,98835,294,294,35,0,0,5,7,5,2,0,1,0,0,0,0,10,501728,0,3,1,14,617,196744,5351,0,1,23333,18382,4461,4923,614,93,617,63,9,109,109,110,1608,365,1764470,207,6,130,5,346524,346467,125,16,6,8,16,499642,329484,11,13,220,21,16,0,8,0,106,630867,308,0,78,1,0,0,11,0,0,11,1,0,0,1
7815.76,1662568298292,5.018701089,1,5.2,42.0,0.0,52.9,0.0,0.0,0.0,115,1,65,0,2,481596,114976,351500,678892,5716,97676,56,56,35,0,0,5,7,5,2,0,1,0,0,0,0,5,492473,0,3,0,10,577,188939,5252,0,1,22929,17935,4146,4653,895,284,921,63,9,105,105,106,1593,683,1793489,207,7,129,46,344155,344102,129,15,7,8,17,490534,328285,10,13,232,37,29,0,9,0,103,602487,337,0,77,1,0,0,22,0,0,22,1,0,0,1
7820.78,1662568305117,5.017405121,1,21.5,36.3,0.0,41.5,0.0,0.0,0.6,115,1,65,0,2,480824,115732,351516,678128,5947,98432,84,84,35,0,0,5,7,5,2,0,1,0,0,0,0,7,547786,0,5,1,9,2864,247873,5458,0,1,22883,17957,3133,3633,456,24,465,0,8,104,104,107,874,250,2070063,203,4,129,5,344599,344551,121,14,4,5,12,545752,329710,10,11,220,31,15,0,5,0,100,706445,318,0,67,1,0,0,11,0,0,11,1,0,0,1
7825.8,1662568311937,5.017781118,1,5.6,33.4,0.0,60.9,0.0,0.0,0.0,115,1,65,0,2,481156,115400,351516,678468,5809,99956,266,266,35,0,0,5,7,5,2,0,1,0,0,0,0,13,514281,0,3,0,11,2925,209940,5514,0,1,23380,18427,4465,4952,610,32,633,0,9,110,110,111,1610,381,1853092,209,6,130,5,346060,345998,126,16,6,8,16,512008,328942,11,13,221,22,16,0,8,0,108,640183,336,0,74,1,4,4,13,1,4,17,1,2,1,2
7830.82,1662568318766,5.017189726,1,3.9,31.5,0.0,64.6,0.0,0.0,0.0,115,1,65,0,2,480824,115732,351516,678136,5768,97937,84,84,35,0,0,7,14,7,7,4,2,0,0,0,0,7,484427,0,4,0,26,561,186190,5132,3,1,22807,17834,4081,4247,898,159,919,63,19,104,104,106,1600,679,1737342,203,7,128,45,338510,338456,129,18,7,8,17,482310,322822,10,13,225,34,24,0,8,0,102,582079,341,0,96,3,2,6,22,1,6,28,1,3,2,3
7835.84,1662568325566,5.017118487,1,7.1,36.4,0.0,56.5,0.0,0.0,0.0,114,1,65,0,2,481636,114920,351516,678948,7503,98821,56,56,35,0,0,7,17,7,10,1,2,0,0,0,0,26,499310,0,14,0,34,3788,197568,5749,1,1,23623,18382,13533,13410,2920,608,2705,504,25,114,114,112,6193,2215,1795203,225,25,126,18,349504,349429,136,17,24,28,48,497397,326577,21,34,250,37,41,5,30,1,103,587950,370,0,104,3,2,6,44,1,6,50,1,3,2,2
7840.87,1662568332476,5.030867122,1,2.6,32.6,0.0,64.8,0.0,0.0,0.0,114,1,65,0,2,480808,115756,351508,678112,5706,100921,294,294,35,0,0,5,7,5,2,0,1,0,0,0,0,7,500236,0,4,0,12,2940,192139,5369,0,1,23469,18491,4464,4946,618,283,619,63,9,110,110,111,1603,366,1748340,207,6,130,5,350849,350793,125,16,6,8,17,498115,333758,11,13,220,22,15,0,8,0,106,614042,329,0,79,1,0,0,10,1,4,14,1,0,0,1
7845.89,1662568339342,5.016942415,1,5.8,32.8,0.0,61.3,0.0,0.0,0.0,114,1,65,0,2,481140,115424,351508,678444,5885,98606,84,84,35,0,0,5,7,5,2,0,1,0,0,0,0,15,488305,0,4,1,11,1829,191244,5414,0,1,23208,18030,4221,4390,888,102,913,126,132,105,105,108,1600,684,1778910,205,7,136,45,338132,338080,197,16,7,9,16,486315,321884,11,14,346,37,107,0,9,0,101,584670,495,0,127,1,0,0,25,0,0,25,1,0,0,1
7850.91,1662568346221,5.016521075,1,4.3,34.2,0.0,61.1,0.0,0.0,0.3,114,1,65,0,2,481052,115500,351520,678368,5442,99269,56,56,35,0,0,5,7,5,2,0,1,0,0,0,0,6,496356,0,3,0,14,809,192130,5179,0,1,22882,17884,3957,4126,866,157,908,0,9,102,102,104,1601,700,1738876,201,7,129,44,344562,344509,125,16,7,8,17,494429,328923,10,13,220,30,23,0,8,0,100,609660,317,0,75,1,0,0,22,0,0,22,1,0,0,1
7855.94,1662568352999,5.027740149,1,4.1,34.3,0.0,61.3,0.0,0.0,0.3,114,1,65,0,2,480964,115596,351512,678272,5752,98963,294,294,35,0,0,5,7,5,2,0,1,0,0,0,0,8,535653,0,5,1,10,1681,221253,5400,0,1,23432,18466,4453,4911,609,157,631,189,8,112,112,112,1609,377,1978788,211,6,130,5,355892,355839,125,13,6,8,17,533367,338843,11,13,225,22,15,0,8,0,106,657533,334,0,72,1,0,0,11,0,0,11,1,0,0,1
7860.96,1662568359797,5.018409410,1,3.2,34.7,0.0,61.8,0.0,0.0,0.3,114,1,65,0,2,481336,115220,351516,678648,5685,97824,56,56,35,0,0,5,7,5,2,0,1,0,0,0,0,9,489778,0,3,0,11,578,189240,5340,0,1,22761,17781,3874,4040,887,347,917,126,9,104,104,105,1605,691,1789518,205,7,129,45,340613,340559,124,15,7,8,16,487751,325085,10,13,226,27,24,0,8,0,102,581183,303,0,72,1,0,0,19,0,0,19,1,1,1,2
7865.98,1662568366575,5.022756777,1,1.7,32.5,0.0,65.1,0.0,0.0,0.7,114,1,65,0,2,481116,115428,351528,678440,5319,90038,84,84,35,0,0,7,9,7,2,0,1,0,0,0,0,10,543971,0,4,1,10,2358,235329,5252,0,1,21119,16503,3953,4117,867,157,892,0,8,96,96,98,1601,682,2013960,187,7,121,44,346423,346374,117,13,7,8,17,541969,331680,10,13,211,30,26,0,8,0,93,681182,322,0,74,1,0,0,22,1,6,28,1,0,0,1
7871,1662568373397,5.016090441,1,2.8,30.2,0.0,67.0,0.0,0.0,0.0,113,1,64,0,2,481320,115216,351536,678644,6010,99878,294,294,35,0,0,5,7,5,2,0,1,0,0,0,0,6,489568,0,4,0,11,2923,192595,5317,0,1,23377,18431,4454,4921,608,31,652,63,9,109,109,112,1608,381,1767579,205,6,130,5,342697,342647,128,15,6,8,16,487552,325670,11,13,217,24,15,0,8,0,107,586672,338,0,79,1,0,0,12,0,0,12,1,0,0,1
7876.01,1662568380132,5.013109177,1,4.1,35.1,0.0,60.5,0.0,0.0,0.3,114,1,65,0,2,481084,115448,351540,678412,8860,118253,84,84,35,0,0,5,7,5,2,1,1,0,0,0,0,11,553834,0,15,0,11,3386,238932,5713,0,1,23895,18917,12215,11490,2551,1104,2247,630,9,119,119,116,5387,1892,2049588,233,21,130,7,362384,362343,142,16,21,26,40,553440,341689,18,30,251,28,30,5,25,1,105,670305,362,0,73,1,0,0,43,0,0,43,1,0,0,1
7881.03,1662568388044,5.015003753,1,5.8,31.3,0.0,62.6,0.0,0.0,0.3,114,1,65,0,2,481032,115496,351544,678364,5414,99449,56,56,35,0,0,5,7,5,2,0,1,0,0,0,0,15,513936,0,5,1,11,2770,212099,5375,0,1,22812,17816,3948,4109,869,409,895,63,9,102,102,101,1602,682,1865208,201,7,129,44,343783,343733,122,16,7,8,16,511831,328072,10,13,223,30,23,0,8,0,96,645130,310,0,77,1,0,0,20,0,0,20,1,0,0,1
7886.05,1662568394877,5.015696465,1,20.5,31.0,0.0,47.5,0.0,0.0,1.0,114,1,65,0,2,480312,116220,351540,677640,5737,99991,294,294,35,0,0,5,7,5,2,0,1,0,0,0,0,5,497101,0,4,0,11,616,191364,5450,0,1,23477,18511,4711,5137,630,156,653,63,9,110,110,111,1620,377,1815320,207,7,130,6,347554,347499,125,16,6,8,17,494938,330231,11,13,224,32,20,0,8,0,107,615051,327,0,70,1,0,0,11,0,0,11,1,1,1,2
7891.07,1662568401651,5.016607091,1,4.8,36.3,0.0,58.6,0.0,0.0,0.3,114,1,65,0,2,481116,115408,351548,678456,5650,98717,56,56,35,0,0,7,9,7,2,0,1,0,0,0,0,1,494103,0,6,1,11,2871,192040,4874,0,1,22856,17918,2938,3439,442,86,465,0,9,104,104,104,875,261,1805939,205,4,130,5,345164,345115,124,15,4,5,12,492128,330497,10,11,213,18,9,0,5,0,97,613805,297,0,69,1,0,0,8,1,6,14,1,0,0,1
7896.09,1662568408417,5.015760025,1,2.9,32.7,0.0,64.4,0.0,0.0,0.0,114,1,65,0,2,480792,115740,351540,678124,5770,97363,84,84,35,0,0,5,7,5,2,12,1,0,0,0,0,7,521926,0,5,1,11,2896,219887,5325,0,1,22933,17933,4939,5117,1168,363,1193,63,9,102,102,105,2087,856,1941428,201,15,128,44,345496,345436,126,15,15,16,25,519908,328886,10,21,229,32,29,0,16,0,98,654456,328,0,87,1,0,0,21,0,0,21,1,0,0,1
7901.11,1662568415229,5.020059892,1,21.0,32.4,0.0,46.0,0.0,0.0,0.7,114,1,65,0,2,481556,114964,351552,678896,5789,99991,294,294,35,0,0,5,7,5,2,0,1,0,0,0,0,15,548976,0,4,1,11,1205,237039,5287,0,1,23515,18548,4711,5234,614,31,642,0,9,111,111,112,1621,373,2036169,209,6,130,6,354169,354129,125,16,6,8,15,547106,336857,11,13,224,32,18,0,8,0,104,705817,323,0,74,1,0,0,12,0,0,12,1,0,0,1
7906.13,1662568422085,5.016492902,1,5.4,32.1,0.0,62.1,0.0,0.0,0.4,114,1,65,0,2,481604,114904,351564,678956,5597,98382,56,56,35,0,0,5,7,5,2,0,1,0,0,0,0,3,487993,0,3,0,11,2939,187962,5292,0,1,22754,17845,2929,3456,443,24,464,0,9,103,103,104,874,262,1774066,203,4,129,5,340123,340074,123,16,4,6,12,485856,325530,10,11,215,22,12,0,5,0,100,596540,322,0,73,1,0,0,10,0,0,10,1,0,0,1
7911.15,1662568428947,5.016571869,1,1.9,28.7,0.0,69.0,0.0,0.0,0.4,114,1,65,0,2,482068,114440,351564,679420,7607,99748,84,84,35,0,0,7,10,7,3,2,2,0,0,0,0,19,507732,0,15,2,13,3819,208747,5730,3,1,24072,18663,13134,13313,2947,798,2975,693,10,117,117,114,6170,2295,1880685,229,24,129,46,346467,346390,139,16,24,30,47,505647,323645,20,35,249,36,37,5,30,1,103,597107,369,0,87,1,1,0,54,0,0,54,1,2,2,2
7916.17,1662568435784,5.016369693,1,1.3,41.8,0.0,56.9,0.0,0.0,0.0,114,1,65,0,2,480492,116012,351568,677844,5948,100125,56,56,35,0,0,5,9,5,4,0,2,0,0,0,0,5,541609,0,5,0,17,2847,236359,5403,0,1,22823,17915,4455,4352,906,96,653,0,13,103,103,104,1697,640,2018580,203,7,129,17,346431,346383,129,17,7,7,18,539494,330270,11,12,227,34,26,0,8,0,100,686220,326,0,81,1,2,6,12,1,4,16,1,1,0,2
7921.19,1662568442671,5.017626722,1,2.7,38.1,0.0,59.2,0.0,0.0,0.0,114,1,65,0,2,481848,114648,351576,679212,6034,99816,84,84,35,0,0,5,7,5,2,0,1,0,0,0,0,4,492291,0,4,1,11,578,188972,5203,0,1,22846,17911,2883,3431,434,23,450,0,9,104,104,106,875,248,1798368,203,4,129,5,342747,342696,123,15,4,5,13,490239,328062,10,11,216,24,12,0,5,0,99,603485,297,0,75,1,0,0,9,0,0,9,1,0,0,1
7926.21,1662568449485,5.016730802,1,4.8,41.3,0.0,53.2,0.0,0.0,0.6,114,1,65,0,2,480548,115952,351572,677908,5643,99397,84,84,35,0,0,5,7,5,2,0,1,0,0,0,0,7,497733,0,4,0,11,670,198581,5361,0,1,22840,17835,3943,4108,885,221,904,126,9,102,102,103,1595,679,1827863,201,7,130,44,340622,340572,122,16,7,8,16,495647,325003,10,13,220,30,21,0,8,0,99,608069,317,0,79,1,0,0,21,0,0,21,1,0,0,1
7931.23,1662568456288,5.017326015,1,3.7,34.5,0.0,61.5,0.0,0.0,0.3,114,1,65,0,2,481344,115144,351584,678716,5716,98641,56,56,35,0,0,5,7,5,2,0,1,0,0,0,0,4,474667,0,3,1,11,566,189124,5479,0,1,23207,18197,6225,6685,1276,297,1320,63,9,105,105,106,2483,947,1757755,207,11,128,46,329000,328943,128,16,11,13,26,472800,311375,14,18,231,38,30,0,13,0,103,562909,340,0,76,1,0,0,27,0,0,27,1,0,0,1
7936.25,1662568463075,5.016492959,1,5.2,33.2,0.0,61.6,0.0,0.0,0.0,115,1,65,0,2,481352,115132,351588,678728,5494,99347,84,84,35,0,0,7,12,7,5,4,2,0,0,0,0,6,528190,0,4,1,21,848,223963,5308,2,1,22888,17950,2965,3102,438,24,470,0,15,103,103,104,873,287,1919349,201,4,130,5,343517,343470,124,18,4,5,13,526078,328857,10,11,214,22,11,0,6,0,100,680551,328,0,87,1,1,0,12,0,2,14,1,2,2,2
7941.27,1662568469898,5.015026940,1,4.9,31.4,0.0,63.4,0.0,0.0,0.3,115,1,65,0,2,480760,115732,351580,678128,5182,93089,56,56,35,0,0,5,9,5,4,4,2,0,0,0,0,16,477036,0,3,0,17,2925,189684,5245,0,1,21940,17042,4432,4595,1022,425,1048,63,140,97,97,97,1848,774,1754816,191,12,126,44,330044,329998,188,18,11,12,20,474732,314171,11,18,346,24,132,0,13,0,94,566802,450,0,131,1,2,6,21,1,4,25,1,1,0,2
7946.29,1662568476712,5.016709017,1,2.1,29.0,0.0,68.6,0.0,0.0,0.3,114,1,64,0,2,480824,115652,351596,678204,5802,96894,84,84,35,0,0,7,11,7,4,4,2,0,0,0,0,13,501185,0,4,1,15,2854,197753,5367,2,1,22959,18006,6240,6739,1296,234,1321,189,12,105,105,105,2474,934,1841395,205,11,128,46,346327,346278,128,15,11,13,26,499278,328842,14,18,230,38,30,0,13,0,102,595471,332,0,83,3,5,4,28,1,6,34,1,3,2,3
7951.3,1662568483461,5.013714002,1,1.9,32.6,0.0,64.8,0.0,0.0,0.6,115,1,65,0,2,482012,114472,351588,679384,8127,110441,84,84,35,0,0,7,12,7,5,1,3,0,0,0,0,11,510904,0,14,0,18,3360,207746,5535,2,1,23899,18862,12230,11603,2512,659,2241,378,14,117,117,113,5420,1897,1852293,231,21,130,7,352663,352626,139,18,21,27,42,510599,331967,19,31,249,28,31,5,27,1,104,613007,364,0,86,3,3,6,42,1,6,48,1,3,2,3
7956.32,1662568491071,5.016286906,1,5.8,36.8,0.0,57.4,0.0,0.0,0.0,115,1,65,0,2,481636,114860,351576,679004,5654,99878,294,294,35,0,0,5,10,5,5,0,2,0,0,0,0,15,549444,0,4,1,19,2817,240312,5360,2,1,23250,18251,4072,4476,543,92,878,63,15,109,109,109,1485,381,2040554,205,6,129,33,350288,350232,126,18,6,9,15,547439,333695,10,14,219,21,16,0,8,0,105,697188,341,0,83,3,3,6,23,1,4,27,1,3,2,2
7961.34,1662568497870,5.017061908,1,2.6,31.5,0.0,65.9,0.0,0.0,0.0,115,1,65,0,2,480800,115688,351584,678176,5866,98917,56,56,35,0,0,5,7,5,2,0,1,0,0,0,0,11,497787,0,4,0,11,2833,198746,5128,0,1,23054,18030,4152,4671,898,346,919,189,9,107,107,108,1606,683,1790799,211,7,129,46,340774,340711,131,16,7,8,16,495697,324775,10,13,237,37,29,0,8,0,103,609628,334,0,80,1,0,0,22,0,0,22,1,0,0,1
7966.36,1662568504683,5.015246881,1,20.9,34.2,0.0,44.2,0.0,0.0,0.6,116,3,66,0,1,480880,115608,351584,678256,5672,98773,84,84,35,0,0,5,7,5,2,0,1,0,0,0,0,2,498051,0,4,0,11,530,190909,5243,0,1,22812,17893,2942,3408,438,24,460,0,9,105,105,106,878,259,1775530,203,4,130,4,346533,346476,122,15,4,5,13,496066,331987,10,11,216,18,13,0,5,0,99,609617,311,0,74,1,0,0,6,0,0,6,1,0,0,1
7971.38,1662568511474,5.016180996,1,3.0,31.9,0.0,64.8,0.0,0.0,0.3,115,1,65,0,2,481604,114884,351584,678980,5706,98835,294,294,35,0,0,5,7,5,2,0,1,0,0,0,0,8,506960,0,4,1,11,2838,198282,5086,0,1,23122,18172,2376,2529,221,16,250,0,9,109,109,110,736,140,1785784,207,2,130,5,348477,348421,125,15,2,3,7,504813,333047,7,8,218,21,14,0,3,0,107,629669,315,0,74,1,0,0,4,0,0,4,1,0,0,1
7976.4,1662568518256,5.016202724,1,1.5,35.6,0.0,62.8,0.0,0.0,0.0,115,1,65,0,2,480744,115740,351588,678124,5716,97676,56,56,35,0,0,5,7,5,2,0,1,0,0,0,0,10,497640,0,3,1,10,560,190958,5192,0,1,22926,17931,4144,4308,892,157,917,0,8,105,105,106,1609,679,1770144,207,8,128,46,348306,348248,127,14,7,8,17,495511,332439,10,13,232,37,29,0,8,0,103,604467,317,0,76,1,0,0,22,0,0,22,1,0,0,1
7981.42,1662568525053,5.016253722,1,21.3,27.7,0.0,49.4,0.0,0.0,1.6,115,1,65,0,2,481572,114908,351592,678956,5695,99425,84,84,35,0,0,5,7,5,2,0,1,0,0,0,0,5,500204,0,4,0,11,1027,198379,5285,0,1,22928,17999,3132,3634,448,86,458,0,9,104,104,106,879,249,1842892,203,4,129,5,342193,342147,127,16,4,5,13,498257,327288,10,11,220,29,15,0,5,0,101,619815,308,0,77,1,4,4,11,1,4,15,1,1,0,2
7986.44,1662568531847,5.016263003,1,3.7,35.9,0.0,60.4,0.0,0.0,0.0,115,1,65,0,2,481408,115072,351592,678792,8233,100696,266,266,35,0,0,7,9,7,2,7,1,0,0,0,0,19,512754,0,14,0,10,3978,208465,5871,0,1,24835,19233,12203,12716,2444,731,2499,693,130,125,125,122,5570,1847,1833722,239,23,132,7,353192,353121,205,14,23,29,41,511266,329757,18,35,389,28,135,5,29,1,113,610353,507,0,122,1,0,0,40,0,2,42,1,0,0,1
7991.46,1662568538679,5.017259617,1,3.6,35.7,0.0,60.7,0.0,0.0,0.0,115,1,65,0,2,481872,114596,351604,679264,5871,98910,84,84,35,0,0,5,7,5,2,0,1,0,0,0,0,10,489054,0,4,0,11,2907,189268,5246,0,1,22878,17889,4146,4668,896,284,921,63,9,107,107,108,1602,689,1791331,209,7,129,46,340383,340331,126,15,7,8,17,487146,324561,10,13,235,37,30,0,8,0,104,588702,321,0,77,1,0,0,23,0,0,23,1,0,0,1
7996.64,1662568545505,5.176388701,1,1.5,26.3,0.0,72.2,0.0,0.0,0.0,115,1,65,0,2,480500,115968,351604,677892,5800,103830,84,84,35,0,0,5,7,5,2,0,1,0,0,0,0,9,520887,0,4,0,10,2873,200266,5463,0,1,23804,18668,4364,4188,900,222,650,0,9,104,104,106,1649,635,1841752,205,7,134,16,362757,362704,128,15,7,6,18,518633,346060,11,12,228,31,24,0,8,0,101,628416,331,0,80,1,0,0,8,0,0,8,1,0,0,1
8001.65,1662568552592,5.014793772,1,4.7,36.6,0.0,58.3,0.0,0.0,0.3,115,1,65,0,2,480864,115596,351612,678264,6010,99878,294,294,35,0,0,5,7,5,2,0,1,0,0,0,0,1,503972,0,4,1,10,2897,196777,5285,0,1,23504,18525,4483,4956,612,158,630,0,8,110,110,113,1614,379,1783836,207,6,130,5,349446,349393,123,14,6,8,17,502020,332214,11,13,220,24,15,0,8,0,107,617707,330,0,69,1,0,0,12,0,0,12,1,0,0,1
8006.67,1662568559411,5.016489547,1,2.9,33.3,0.0,63.1,0.0,0.0,0.6,115,1,65,0,2,480492,115972,351608,677884,5529,97563,84,84,35,0,0,5,9,5,4,0,2,0,0,0,0,7,536804,0,4,0,15,2852,230490,5257,0,1,22932,17918,4069,4547,890,94,928,63,13,106,106,104,1601,679,1979609,207,7,129,45,347677,347624,127,18,7,8,16,534822,331892,10,13,228,34,25,0,8,0,100,685608,320,0,82,1,2,6,20,1,4,24,1,1,0,2
8011.69,1662568566214,5.016220964,1,6.9,32.5,0.0,60.6,0.0,0.0,0.0,115,1,65,0,2,480532,115932,351608,677924,11006,104147,8955,8955,35,0,0,7,9,7,2,0,1,0,0,0,0,10,504709,0,9,0,9,1211,200072,5538,0,1,23324,18300,6744,7227,1484,239,1501,63,8,146,147,145,2851,1114,1811735,235,12,129,46,346515,346455,142,14,12,14,27,502364,328220,15,19,262,35,49,11,14,2,136,620655,369,0,76,1,0,0,28,0,2,30,1,0,0,1
8016.71,1662568573004,5.017459504,1,5.0,34.8,0.0,59.9,0.0,0.0,0.3,115,1,65,0,2,480752,115712,351608,678144,5654,98835,294,294,35,0,0,5,7,5,2,0,1,0,0,0,0,6,554553,0,4,0,11,2867,245347,5256,0,1,22992,18075,2370,2843,222,79,238,126,9,109,109,111,737,126,2066395,205,2,130,5,349063,349013,128,15,2,3,8,552693,333902,7,8,217,21,14,0,3,0,107,719677,317,0,76,1,0,0,4,0,0,4,1,0,0,1
8021.73,1662568579871,5.015579999,1,3.0,30.9,0.0,65.8,0.0,0.0,0.3,114,1,64,0,2,481556,114916,351600,678944,5761,97813,56,56,35,0,0,5,7,5,2,0,1,0,0,0,0,6,486507,0,5,0,10,2871,187277,5147,0,1,22763,17775,3878,4384,864,283,893,0,9,106,106,106,1593,685,1772488,207,7,128,45,340262,340211,125,15,7,8,16,484623,324744,10,13,229,27,24,0,8,0,102,594276,322,0,74,1,0,0,21,0,0,21,1,0,0,1
8026.74,1662568586655,5.012488739,1,5.0,30.1,0.0,64.9,0.0,0.0,0.0,115,1,65,0,2,481556,114904,351612,678956,13073,185026,350,350,35,0,0,0,3,0,3,0,1,0,0,0,0,17,569654,0,19,0,15,3440,253791,5898,0,0,23923,19037,9790,10723,2005,703,1988,630,75,125,125,125,4515,1538,2124478,237,18,131,7,363745,363715,172,14,18,30,35,569251,342924,16,28,290,27,45,5,16,1,111,700358,474,0,101,1,2,6,39,0,0,39,1,1,0,2
8031.76,1662568597852,5.016820167,1,3.6,31.8,0.0,64.2,0.0,0.0,0.3,114,1,65,0,2,481100,115364,351608,678496,6256,92722,56,56,35,0,0,7,10,7,3,8,2,0,0,0,0,16,491388,0,5,0,14,2789,199047,5402,2,1,22197,17415,6746,7226,1441,305,1463,126,11,100,100,105,2711,1028,1798098,197,15,123,46,335416,335351,126,18,15,17,29,489152,317834,14,22,239,38,44,0,17,0,97,566738,354,0,92,1,1,0,28,0,4,32,1,2,2,2
8036.78,1662568604676,5.017064548,1,25.1,26.1,0.0,48.8,0.0,0.0,0.0,114,3,65,0,1,481296,115160,351616,678700,5839,99608,84,84,35,0,0,5,10,5,5,0,2,0,0,0,0,3,500842,0,10,0,17,2955,193227,5343,2,1,22925,17980,2952,3102,440,87,464,0,14,104,103,110,882,261,1746970,201,4,131,5,346975,346923,122,16,4,5,13,498703,332332,10,11,218,20,12,0,5,0,98,620928,319,0,79,3,3,6,8,1,4,12,1,3,2,3
8041.8,1662568611512,5.016227273,1,2.2,32.7,0.0,65.1,0.0,0.0,0.0,114,1,65,0,2,480824,115640,351608,678220,5947,99878,294,294,35,0,0,5,8,5,3,0,2,0,0,0,0,3,505929,0,10,0,13,2920,194624,5512,2,1,23200,18234,2385,2545,224,206,247,189,11,110,110,116,738,130,1799811,207,2,131,5,351528,351476,127,17,2,3,7,503719,336089,7,8,223,22,14,0,3,0,106,620638,326,0,76,3,5,4,5,1,4,9,1,3,2,2
8046.82,1662568618358,5.015245103,1,4.6,33.3,0.0,62.1,0.0,0.0,0.0,114,1,65,0,2,481060,115396,351616,678460,6089,98875,56,56,35,0,0,5,7,5,2,0,1,0,0,0,0,1,486862,0,4,1,11,2901,190653,5162,0,1,23361,18318,6236,6394,1290,486,1325,0,9,108,108,110,2471,952,1789528,213,11,130,46,339711,339652,132,15,11,13,26,484774,322044,14,18,239,39,32,0,13,0,105,586082,336,0,82,1,0,0,26,0,0,26,1,0,0,1
8051.84,1662568625188,5.017106292,1,21.8,35.1,0.0,41.2,0.0,0.0,1.8,114,1,65,0,2,480840,115604,351628,678256,5637,98512,84,84,35,0,0,5,7,5,2,0,1,0,0,0,0,4,502766,0,5,1,10,566,195723,5197,0,1,22873,17954,3122,3268,446,86,473,0,9,105,105,107,876,257,1843361,205,4,129,5,346259,346209,124,16,4,5,13,500543,331393,10,11,221,30,15,0,5,0,101,632777,305,0,69,1,0,0,9,0,0,9,1,0,0,1
8056.86,1662568632102,5.017592964,1,3.3,34.7,0.0,62.0,0.0,0.0,0.0,114,1,65,0,2,480348,116104,351620,677756,6016,98963,266,266,35,0,0,5,7,5,2,0,1,0,0,0,0,2,498948,0,5,0,13,530,191381,5149,0,1,23080,18139,2375,2878,217,79,243,63,9,111,111,114,739,136,1728827,211,3,130,5,347225,347177,127,16,2,3,7,496828,331946,7,8,224,22,15,0,3,0,107,608655,322,0,77,1,0,0,4,0,0,4,1,0,0,1
8061.88,1662568638903,5.017713440,1,2.3,34.2,0.0,62.5,0.0,0.0,1.0,114,2,65,0,2,481832,114616,351624,679240,8045,100051,84,84,35,0,0,5,7,5,2,1,1,0,0,0,0,26,492280,0,20,1,9,2396,192217,5839,0,1,24544,19097,15306,15538,3326,371,3346,378,8,119,119,120,7035,2530,1799317,233,28,132,47,349598,349517,140,14,28,35,56,490309,324900,24,40,263,41,42,5,35,1,106,566090,396,0,79,1,0,0,65,0,0,65,1,0,0,1
8066.9,1662568645698,5.016538772,1,3.5,39.7,0.0,56.5,0.0,0.0,0.3,113,1,65,0,2,481628,114816,351628,679044,5337,93167,84,84,35,0,0,5,7,5,2,0,1,0,0,0,0,5,553533,0,3,0,11,535,242649,5411,0,1,22930,17980,4352,4270,885,95,642,0,9,99,99,100,1641,608,2061867,195,7,129,16,351358,351329,123,16,7,8,18,551604,335364,11,12,215,31,25,0,8,0,97,700952,330,0,80,1,4,4,13,1,4,17,1,1,0,2
8071.92,1662568652564,5.017526688,1,1.6,39.2,0.0,59.2,0.0,0.0,0.0,113,1,65,0,2,482236,114204,351632,679656,6251,97529,1220,1220,35,0,0,7,9,7,2,0,1,0,0,0,0,7,518879,0,18,0,10,2859,210066,5219,0,1,23126,18182,2424,2563,219,80,244,0,8,127,127,130,736,129,1867761,217,2,130,5,348916,348863,128,13,2,3,9,516759,333411,8,9,235,22,19,16,3,1,116,646405,343,0,71,1,0,0,4,0,2,6,1,0,0,1
8076.94,1662568659407,5.017021441,1,3.5,34.9,0.0,61.5,0.0,0.0,0.0,114,2,64,0,2,481556,114888,351628,678968,6000,97563,84,84,35,0,0,5,7,5,2,6,1,0,0,0,0,13,524220,0,5,1,10,2896,226450,5369,0,1,23335,18291,6651,7148,1418,369,1434,63,9,106,106,107,2715,1025,1947678,207,15,129,45,341817,341784,125,15,15,17,29,522620,323745,14,22,236,36,31,0,17,0,102,651748,329,0,83,1,0,0,27,0,0,27,1,0,0,1
8081.96,1662568666229,5.017887223,1,3.4,36.2,0.0,59.4,0.0,0.0,0.9,114,1,65,0,2,480904,115528,351640,678332,5505,99269,56,56,35,0,0,5,7,5,2,0,1,0,0,0,0,6,542600,0,4,1,10,796,239155,5529,0,1,23018,18045,6019,6177,1264,45,1300,0,9,100,100,102,2482,944,2027732,197,11,129,44,345244,345184,124,15,11,13,25,540491,327926,14,18,219,32,24,0,13,0,98,678143,328,0,74,1,0,0,28,0,0,28,1,0,0,1
8086.98,1662568673065,5.015856885,1,4.7,33.7,0.0,61.3,0.0,0.0,0.3,114,1,65,0,2,480740,115696,351636,678164,5901,98885,294,294,35,0,0,5,7,5,2,0,1,0,0,0,0,15,488263,0,9,1,11,553,189006,5234,0,1,23018,18086,2392,2850,222,143,237,126,9,111,111,116,743,122,1742277,209,2,130,5,339203,339157,126,16,2,3,8,486249,323984,7,8,225,22,14,0,3,0,106,596450,325,0,77,1,0,0,6,0,0,6,1,0,0,1
8092,1662568679863,5.016486054,1,2.7,30.0,0.0,67.0,0.0,0.0,0.3,114,1,65,0,2,481280,115148,351644,678712,5644,95738,56,56,35,0,0,5,9,5,4,0,2,0,0,0,0,8,489970,0,4,1,17,2826,188341,5275,0,1,22436,17584,5956,6112,1257,297,1288,63,13,102,102,103,2469,936,1788036,201,11,125,45,343635,343578,124,18,11,13,25,487969,326672,14,18,223,29,25,0,13,0,99,584133,329,0,83,1,2,6,27,1,4,31,1,1,0,2
8097.02,1662568686694,5.016073670,1,4.2,34.5,0.0,61.3,0.0,0.0,0.0,113,2,63,0,2,481140,115280,351652,678580,5723,97469,84,84,35,0,0,7,9,7,2,0,1,0,0,0,0,12,521528,0,5,0,11,533,218824,5502,0,1,23051,18071,6028,6190,1268,424,1302,315,9,104,104,106,2465,928,1908233,203,12,129,44,345803,345741,127,16,11,13,26,519478,328399,14,18,226,32,25,0,13,0,100,619315,328,0,73,1,0,0,27,0,2,28,1,0,0,1
8102.03,1662568693439,5.012449969,1,5.2,28.7,0.0,66.1,0.0,0.0,0.0,114,1,65,0,2,480524,115904,351644,677956,14578,211779,378,378,35,0,0,0,0,0,0,0,0,0,0,0,0,16,511616,0,15,0,5,3401,201435,5690,0,0,24129,19184,13079,12982,2895,858,2805,378,5,121,121,118,5799,2223,1869260,237,23,130,47,359711,359669,136,12,23,34,52,510775,336926,22,36,263,41,42,5,26,1,107,581713,375,0,67,1,0,0,58,0,0,52,1,0,0,1
8107.23,1662568705867,5.203771111,1,2.8,35.6,0.0,61.6,0.0,0.0,0.0,114,1,65,0,2,481596,114820,351656,679040,6109,99764,56,56,35,0,0,5,7,5,2,0,1,0,0,0,0,9,505328,0,7,1,11,2964,198749,5392,0,1,23444,18392,5757,5782,1211,295,1072,63,9,105,105,110,2303,880,1864156,207,10,131,44,350852,350797,129,16,10,7,23,503861,333438,14,17,232,32,26,0,12,0,103,611318,340,0,72,1,0,0,26,0,0,26,1,0,0,1
8112.25,1662568712862,5.015837351,1,2.6,30.5,0.0,66.9,0.0,0.0,0.0,114,1,65,0,2,480872,115540,351660,678320,6097,100189,294,294,35,0,0,5,9,5,4,0,2,0,0,0,0,5,493698,0,11,0,18,2937,192113,5388,0,1,23114,18163,2383,2542,220,80,242,0,12,111,111,118,740,130,1720798,209,2,130,5,345258,345209,126,14,2,3,8,491675,330025,7,8,225,22,14,0,3,0,106,616270,327,0,83,1,2,6,4,1,4,8,1,1,0,2
8117.27,1662568719629,5.015600329,1,3.6,31.5,0.0,63.6,0.0,0.0,1.3,114,1,65,0,2,480856,115556,351660,678304,5736,98606,84,84,35,0,0,5,7,5,2,6,1,0,0,0,0,14,532402,0,6,1,11,1381,226872,5507,0,1,23611,18394,6798,6958,1430,248,1455,63,125,104,104,107,2716,1021,1979377,205,15,132,45,349033,348966,186,15,15,17,29,530201,330407,15,23,358,37,122,0,17,0,100,646159,490,0,124,1,0,0,27,0,0,27,1,1,1,2
8122.29,1662568726403,5.016125958,1,1.8,25.5,0.0,72.0,0.0,0.0,0.6,114,1,65,0,2,481124,115288,351660,678572,5745,94132,56,56,35,0,0,7,11,7,4,2,2,0,0,0,0,9,486725,0,5,0,16,2481,192154,5144,3,1,22171,17388,6053,6544,1276,234,1297,63,12,98,98,104,2471,933,1723153,193,11,124,44,337749,337694,122,15,11,13,25,484427,320820,14,18,218,34,26,0,13,0,96,587147,332,0,83,1,1,0,24,0,2,26,1,1,1,2
8127.31,1662568733220,5.016372683,1,2.3,27.8,0.0,69.6,0.0,0.0,0.4,114,1,65,0,2,480068,116348,351656,677512,5717,99878,294,294,35,0,0,5,7,5,2,0,1,0,0,0,0,5,563801,0,5,0,11,787,245486,5343,0,1,23070,18128,2377,2532,224,17,248,0,9,109,109,111,744,132,2092914,205,2,130,5,357814,357767,128,15,2,3,8,561737,342581,7,8,219,22,14,0,3,0,107,717920,325,0,73,1,0,0,6,0,0,6,1,0,0,1
8132.33,1662568740068,5.016697897,1,3.6,39.7,0.0,56.4,0.0,0.0,0.3,114,1,65,0,2,481312,115092,351668,678760,5696,98606,56,56,35,0,0,5,7,5,2,0,1,0,0,0,0,13,539686,0,4,1,11,2870,235455,5532,0,1,23092,18086,5958,6114,1264,236,1289,126,9,104,104,107,2475,933,2009775,205,11,129,45,346777,346713,124,15,11,13,25,537435,329389,14,18,226,29,26,0,13,0,102,677826,330,0,74,1,0,0,27,0,0,27,1,0,0,1
8137.35,1662568746907,5.016514260,1,3.3,32.3,0.0,64.0,0.0,0.0,0.3,114,1,65,0,2,481140,115244,351688,678608,8187,98209,84,84,35,0,0,5,7,5,2,1,1,0,0,0,0,34,525712,0,21,1,11,3787,222008,5999,0,1,24007,18660,15212,15716,3337,1002,3379,819,9,118,118,121,7063,2562,1937408,231,28,127,46,352839,352753,137,16,28,35,56,523580,328472,24,40,260,37,43,5,35,1,104,614294,396,0,74,1,0,0,63,0,0,63,1,0,0,1
8142.37,1662568753741,5.016945202,1,1.8,38.9,0.0,58.7,0.0,0.0,0.6,114,1,65,0,2,481360,115020,351692,678832,5887,99259,294,294,35,0,0,5,7,5,2,0,1,0,0,0,0,9,527165,0,4,0,11,2869,222671,5318,0,1,22958,18049,2368,2844,220,81,242,0,9,108,108,110,739,134,1943933,203,2,129,4,345859,345809,127,16,2,3,7,525049,330824,7,8,213,17,12,0,3,0,103,662089,323,0,74,1,0,0,4,1,4,8,1,1,1,2
8147.47,1662568760546,5.101607362,1,2.9,30.7,0.0,65.7,0.0,0.0,0.7,114,1,65,0,2,480840,115540,351692,678312,6103,97641,84,84,35,0,0,5,7,5,2,0,1,0,0,0,0,9,558234,0,5,1,10,495,241940,5094,0,1,23198,18178,4858,6068,927,164,1210,189,8,106,106,109,1868,645,2065706,207,9,130,34,356597,356528,123,14,9,12,20,555845,340211,13,17,223,29,16,0,10,0,102,685683,330,0,71,1,0,0,28,0,0,28,1,0,0,1
8152.49,1662568767509,5.017647087,1,2.7,31.8,0.0,65.6,0.0,0.0,0.0,113,1,65,0,2,480816,115564,351692,678284,5591,97261,84,84,35,0,0,7,9,7,2,0,1,0,0,0,0,19,501990,0,8,0,14,2569,200748,5205,0,1,22986,18014,6024,6485,1281,235,1294,189,9,102,102,107,2469,917,1796406,199,11,128,44,344216,344159,121,15,11,13,25,500026,326876,14,18,224,32,24,0,13,0,98,607272,333,0,81,1,0,0,28,0,2,30,1,0,0,1
8157.51,1662568774342,5.016068672,1,8.9,33.1,0.0,57.7,0.0,0.0,0.3,114,2,66,0,1,480980,115404,351688,678448,5852,99991,266,266,35,0,0,5,7,5,2,0,1,0,0,0,0,5,512324,0,4,1,11,553,207705,5307,0,1,23241,18267,2454,2957,227,143,251,0,9,110,110,112,743,131,1829709,209,2,131,6,345161,345114,130,16,2,3,7,510479,329730,7,8,224,25,19,0,3,0,108,645601,318,0,74,1,0,0,5,0,0,5,1,0,0,1
8162.53,1662568781461,5.015674205,1,2.8,36.4,0.0,60.8,0.0,0.0,0.0,113,1,65,0,2,481020,115364,351688,678492,5787,99347,84,84,35,0,0,5,7,5,2,0,1,0,0,0,0,6,489846,0,10,1,8,2638,184838,5516,0,1,22897,17792,1038,1812,64,17,91,0,157,103,103,110,3,6,1703875,201,0,133,5,343186,343140,205,13,0,3,3,488160,329644,7,7,357,23,103,0,0,0,99,609261,499,0,124,1,0,0,1,0,0,1,1,0,0,1
8167.55,1662568788277,5.016432122,1,3.4,36.0,0.0,60.4,0.0,0.0,0.3,113,1,65,0,2,480720,115664,351688,678192,5318,86959,56,56,35,0,0,5,14,5,9,0,2,0,0,0,0,11,517123,0,8,1,26,1648,211501,5286,0,1,20985,16459,6008,6536,1275,297,1303,126,23,93,93,98,2469,911,1914198,183,11,118,44,344904,344843,115,17,11,13,25,515102,328701,14,18,209,32,25,0,13,0,90,624104,350,0,96,1,1,6,31,0,0,31,1,2,1,2
8172.57,1662568795084,5.015934479,1,18.5,34.2,0.0,46.7,0.0,0.0,0.6,112,1,64,0,2,481084,115292,351696,678564,6036,98948,294,294,35,0,0,7,10,7,3,2,2,0,0,0,0,1,488067,0,8,0,14,2903,191698,5410,2,1,23232,18281,2660,2819,239,79,265,0,11,111,111,116,744,136,1709711,209,3,130,6,341028,340981,132,17,2,3,8,486097,325447,7,8,229,31,19,0,3,0,107,615275,343,0,77,1,1,0,7,1,6,13,1,1,1,2
8177.58,1662568801881,5.013824454,1,7.1,30.1,0.0,61.7,0.0,0.0,1.2,113,1,65,0,2,481768,114612,351692,679244,8230,109399,56,56,35,0,0,5,7,5,2,0,1,0,0,0,0,13,514416,0,17,0,10,3426,205980,5394,0,1,23747,18609,10099,9875,2112,393,2081,378,8,117,117,117,4526,1608,1829218,231,17,130,7,353867,353831,135,14,17,21,33,513377,334781,15,26,245,28,27,5,22,1,104,630105,345,0,70,1,0,0,36,0,0,36,1,0,0,1
8182.6,1662568809175,5.016469230,1,4.4,31.8,0.0,63.5,0.0,0.0,0.4,113,1,65,0,2,482140,114240,351692,679616,5585,98512,84,84,35,0,0,5,7,5,2,0,1,0,0,0,0,6,490999,0,5,1,12,581,190160,5262,0,1,23089,18085,6028,6179,1266,108,1288,126,9,104,104,105,2475,944,1777345,203,11,129,44,342970,342914,123,16,11,13,26,489010,325590,14,18,223,32,22,0,13,0,100,587570,320,0,78,1,0,0,25,0,0,25,1,0,0,1
8187.63,1662568815984,5.034431420,1,5.0,33.4,0.0,61.3,0.0,0.0,0.3,113,1,65,0,2,480272,116084,351716,677760,5692,100503,56,56,35,0,0,5,7,5,2,0,1,0,0,0,0,7,445642,0,4,1,11,2937,145857,5002,0,1,22913,17927,2371,2615,556,207,268,0,9,104,104,106,866,421,1539859,205,3,131,17,339688,339646,128,16,3,2,9,443931,325086,7,7,227,34,25,0,3,0,101,526498,312,0,72,1,0,0,4,0,0,4,1,0,0,1
8192.65,1662568822827,5.016020396,1,5.9,26.0,0.0,68.1,0.0,0.0,0.0,113,1,65,0,2,480768,115580,351724,678264,5661,99608,84,84,35,0,0,5,7,5,2,0,1,0,0,0,0,0,506403,0,5,1,11,2939,195036,5071,0,1,22638,17702,869,1371,51,9,77,0,9,103,103,105,4,5,1771066,201,0,130,5,349134,349095,122,15,0,0,4,504568,336197,6,6,213,22,10,0,0,0,100,644634,294,0,69,1,0,0,4,0,0,4,1,1,1,2
8197.67,1662568829647,5.015447076,1,4.5,33.8,0.0,61.1,0.0,0.0,0.6,113,1,65,0,2,481020,115324,351728,678528,5447,99241,84,84,35,0,0,8,14,7,5,4,3,0,0,0,0,7,541585,0,6,1,18,2516,236743,5556,3,1,23140,18132,6046,6503,1277,360,1304,63,15,101,100,102,2475,921,2036757,197,11,129,44,346900,346850,124,19,11,13,25,539727,329559,14,18,218,32,22,0,13,0,97,672149,355,0,94,1,3,6,30,1,6,36,1,2,1,2
8202.69,1662568836434,5.016149421,1,3.6,31.9,0.0,64.5,0.0,0.0,0.0,113,2,65,0,2,481320,115024,351728,678828,5675,97676,56,56,35,0,0,5,7,5,2,0,1,0,0,0,0,7,491467,0,4,0,11,2913,191750,5268,0,1,23051,18023,4141,4706,901,410,935,189,9,105,105,106,1644,702,1802275,207,7,130,46,341583,341536,129,16,7,8,16,489467,325662,10,13,232,38,29,0,8,0,102,588527,335,0,73,1,0,0,24,0,0,24,1,0,0,1
8207.72,1662568843234,5.029346445,1,1.0,29.7,0.0,69.3,0.0,0.0,0.0,113,1,65,0,2,481840,114512,351720,679340,5494,99347,84,84,35,0,0,5,7,5,2,0,1,0,0,0,0,2,515635,0,4,0,13,1055,203304,5567,0,1,22708,17747,922,1393,56,10,81,0,126,103,103,104,3,5,1820632,201,0,133,5,350464,350418,187,16,0,0,4,513656,337501,7,7,265,21,24,0,0,0,100,645460,450,0,115,1,0,0,2,0,0,2,1,0,0,1
8212.74,1662568850047,5.016312351,1,7.1,36.8,0.0,55.8,0.0,0.0,0.3,113,1,65,0,2,481240,115112,351720,678740,8033,99928,56,56,35,0,0,5,7,5,2,1,1,0,0,0,0,23,499916,0,19,1,10,1965,199328,5849,0,1,24431,18974,15036,15303,3306,1001,3334,819,8,117,117,119,7044,2560,1854121,231,28,129,46,350097,350016,135,13,28,40,55,497966,325700,24,40,259,31,41,5,36,1,104,570492,397,0,81,1,0,0,63,0,0,63,1,0,0,1
8217.76,1662568856835,5.015667990,1,1.2,38.3,0.0,59.9,0.0,0.0,0.6,113,1,65,0,2,481020,115336,351716,678516,6095,98980,84,84,35,0,0,5,7,5,2,0,1,0,0,0,0,7,535924,0,10,1,11,2859,233296,5352,0,1,22998,17979,4162,4326,896,474,918,63,9,107,107,112,1601,690,2003117,209,7,129,46,344182,344133,126,16,7,8,17,533961,328266,10,13,238,38,29,0,8,0,101,669255,325,0,73,1,0,0,22,0,0,22,1,1,1,2
8222.77,1662568863688,5.014844984,1,3.9,39.9,0.0,56.3,0.0,0.0,0.0,114,2,65,0,2,482476,113868,351728,679988,5695,99347,84,84,35,0,0,7,13,7,6,2,3,0,0,0,0,1,486346,0,7,1,17,2902,191025,5150,3,1,22544,17635,889,1039,53,11,77,0,16,102,102,107,5,15,1781220,201,0,130,5,337558,337525,125,15,0,0,3,484424,324695,6,6,213,22,10,0,1,0,99,598146,306,0,79,1,3,6,4,1,6,10,1,2,1,2
8227.79,1662568870502,5.022491069,1,2.7,37.5,0.0,58.8,0.0,0.0,0.9,114,1,65,0,2,482004,114340,351728,679516,11877,102345,9060,9060,35,0,0,5,7,5,2,0,1,0,0,0,0,11,483097,0,13,0,11,2926,189005,5529,0,1,23321,18302,5828,6364,1266,297,1438,252,9,152,153,154,2503,924,1745926,241,9,129,35,338757,338712,147,15,9,13,22,482047,321660,14,18,261,29,40,11,11,2,140,580842,377,0,80,1,0,0,27,0,0,27,1,0,0,1
8232.81,1662568877390,5.017649558,1,3.3,37.4,0.0,59.3,0.0,0.0,0.0,115,2,65,0,2,480876,115476,351720,678380,5830,97676,84,84,35,0,0,5,7,5,2,0,1,0,0,0,0,8,523042,0,5,0,11,752,219037,5432,0,1,22855,17869,4141,4660,892,96,917,63,9,106,106,108,1602,679,1925963,207,7,128,46,344377,344318,125,15,7,8,17,521065,328513,10,13,233,38,30,0,8,0,103,650075,324,0,80,1,0,0,20,0,0,20,1,0,0,1
8237.83,1662568884226,5.017024676,1,3.9,27.8,0.0,68.3,0.0,0.0,0.0,115,3,66,0,1,480536,115816,351720,678040,5597,99347,56,56,35,0,0,5,7,5,2,0,1,0,0,0,0,0,495007,0,5,0,11,521,189868,4940,0,1,22586,17661,869,1345,50,9,77,0,9,102,102,105,3,5,1805616,201,0,130,5,342554,342510,122,16,0,0,3,492991,329630,6,6,216,22,13,0,0,0,100,610373,302,0,66,1,0,0,3,0,0,3,1,0,0,1
8242.85,1662568891407,5.019713306,1,2.3,32.3,0.0,65.0,0.0,0.0,0.3,114,1,65,0,2,480760,115584,351728,678272,5654,98835,294,294,35,0,0,5,7,5,2,0,1,0,0,0,0,2,531809,0,4,0,13,578,223009,5293,0,1,23322,18381,4440,4593,603,157,638,63,9,110,110,111,1566,390,1930074,207,6,129,5,350392,350340,125,16,6,8,17,529829,333408,11,13,220,22,15,0,8,0,107,657761,338,0,79,1,0,0,10,0,0,10,1,1,1,2
8247.87,1662568898212,5.021101841,1,2.7,30.9,0.0,66.0,0.0,0.0,0.3,113,1,64,0,2,481124,115224,351724,678628,5831,98719,56,56,35,0,0,5,9,5,4,0,2,0,0,0,0,8,509216,0,4,1,16,554,209550,5313,0,1,22980,17965,4150,4315,894,33,918,63,13,106,105,107,1602,679,1874821,207,7,129,46,339976,339923,127,18,7,8,16,507184,324065,10,13,232,38,29,0,8,0,103,636964,318,0,82,1,2,6,21,1,4,25,1,1,0,2
8252.88,1662568904999,5.014991292,1,6.1,36.4,0.0,57.3,0.0,0.0,0.3,114,1,65,0,2,482352,113984,351736,679872,13139,191900,140,140,35,0,0,0,0,0,0,12,0,0,0,0,1,26,560989,0,16,0,5,1355,241069,5987,0,0,23157,18361,14783,14872,3346,1074,3237,882,149,112,112,109,6905,2529,2099052,221,35,127,46,367895,367832,210,11,35,42,61,559790,344085,23,45,383,31,138,5,34,1,98,664011,543,0,134,1,0,0,55,0,0,55,1,0,0,1
8257.89,1662568916707,5.014944401,1,3.8,31.3,0.0,64.9,0.0,0.0,0.0,114,1,65,0,2,480760,115568,351744,678288,5865,98719,84,84,35,0,0,5,7,5,2,0,1,0,0,0,0,5,493293,0,4,1,10,2841,191173,5166,0,1,22941,17934,4159,4323,903,32,931,63,8,105,105,106,1604,683,1735633,207,7,129,46,343611,343560,123,13,7,8,17,491387,327682,10,13,232,37,29,0,8,0,103,609078,315,0,67,1,0,0,20,0,0,20,1,0,0,1
8262.91,1662568923552,5.016863356,1,4.8,30.6,0.0,64.5,0.0,0.0,0.0,114,1,65,0,2,480964,115372,351736,678484,5839,99347,84,84,35,0,0,5,7,5,2,0,1,0,0,0,0,4,514115,0,10,1,11,2902,203779,5552,0,1,22941,17994,2945,3090,449,87,475,0,9,104,104,111,880,269,1816380,201,4,131,5,349905,349864,122,15,4,5,12,512073,335220,10,11,219,23,11,0,5,0,100,647834,323,0,74,0,0,0,8,0,0,8,0,0,0,0
8267.93,1662568930346,5.015738383,1,7.0,36.9,0.0,56.1,0.0,0.0,0.0,114,1,65,0,2,481068,115248,351756,678604,5481,97469,56,56,35,0,0,5,9,5,4,0,2,0,0,0,0,14,491852,0,4,1,16,2617,188961,5110,0,1,23059,18066,5848,6004,1255,297,1285,63,13,104,104,103,2471,935,1771763,205,11,129,44,345587,345543,129,18,11,13,25,490315,328466,14,18,222,25,22,0,13,0,99,587681,349,0,84,1,2,6,27,1,4,31,1,1,0,2
8272.95,1662568937149,5.016351466,1,2.3,35.2,0.0,62.1,0.0,0.0,0.3,114,1,65,0,2,480712,115592,351768,678248,6031,98719,84,84,35,0,0,7,11,7,4,1,2,0,0,0,0,5,492939,0,5,1,16,2890,191711,5275,2,1,22967,17958,4168,4334,896,95,919,0,13,106,106,111,1601,679,1742555,207,7,133,46,344516,344472,126,18,7,8,17,490902,328587,10,13,231,40,29,0,8,0,103,613082,330,0,83,1,1,0,23,0,2,25,1,1,1,2
8277.97,1662568943929,5.017593916,1,4.2,35.8,0.0,59.4,0.0,0.0,0.6,114,1,65,0,2,481172,115144,351756,678708,5603,96529,56,56,35,0,0,5,7,5,2,0,1,0,0,0,0,6,553913,0,5,0,11,2511,242887,5356,0,1,22804,17880,2944,3089,436,86,457,0,9,103,103,104,869,261,2057967,203,4,130,5,350327,350277,123,16,4,5,12,551824,335662,10,11,216,23,11,0,5,0,99,713794,307,0,67,1,0,0,9,0,0,9,1,0,0,1
8282.99,1662568951103,5.019127616,1,5.6,32.5,0.0,61.2,0.0,0.0,0.6,114,1,65,0,2,481864,114444,351764,679408,5983,99980,294,294,35,0,0,5,7,5,2,4,1,0,0,0,0,9,552584,0,8,0,11,2885,247932,5605,0,1,23685,18655,6595,7351,1084,115,1419,126,9,110,110,113,2586,713,2081826,207,14,129,33,348352,348290,129,15,14,18,28,550915,329612,14,23,223,22,15,0,16,0,107,678661,360,0,84,1,0,0,18,0,0,18,1,0,0,1
8288.01,1662568957953,5.023361238,1,2.3,35.6,0.0,62.1,0.0,0.0,0.0,112,1,64,0,2,482180,114128,351764,679720,8099,101546,56,56,35,0,0,5,7,5,2,0,1,0,0,0,0,22,498232,0,14,1,11,3848,198607,5752,0,1,24344,18880,13311,13841,2963,420,2980,441,9,122,122,116,6205,2297,1783613,239,24,129,48,347622,347547,141,16,24,31,46,496117,324446,19,34,267,43,47,5,30,1,107,575531,371,0,78,1,0,0,59,0,0,59,1,1,1,2
8293.03,1662568964804,5.017370789,1,21.1,32.9,0.0,45.7,0.0,0.0,0.3,113,2,64,0,2,481432,114864,351776,678984,5816,99686,84,84,35,0,0,5,9,5,4,0,2,0,0,0,0,2,537080,0,5,1,16,2885,228969,5068,0,1,22669,17734,1048,1133,67,10,92,0,13,104,104,106,8,14,1971420,203,1,130,5,346285,346237,125,18,0,0,4,534822,333052,6,6,218,29,14,0,0,0,100,701686,290,0,72,1,2,6,3,1,4,7,1,1,0,2
8298.05,1662568971641,5.016635394,1,4.4,37.4,0.0,57.9,0.0,0.0,0.3,114,1,65,0,2,481400,114892,351780,678956,5872,98913,294,294,35,0,0,7,10,7,3,10,2,0,0,0,0,2,533072,0,5,1,14,2961,225169,5477,3,1,23838,18688,5174,5303,773,174,791,0,162,111,111,112,1855,472,1947749,209,10,133,5,350688,350621,215,16,10,12,20,530851,332485,13,19,381,24,138,0,14,0,107,656791,545,0,148,1,1,0,11,0,2,13,1,1,1,2
8303.07,1662568978482,5.016627806,1,2.5,31.6,0.0,64.9,0.0,0.0,1.1,114,1,65,0,2,480796,115488,351788,678360,5825,98769,56,56,35,0,0,5,7,5,2,0,1,0,0,0,0,7,488302,0,5,1,11,602,188328,5400,0,1,22900,17915,4154,4315,894,158,920,0,9,106,106,107,1602,683,1747032,209,7,129,46,340404,340351,130,16,7,8,16,486146,324566,10,13,233,38,29,0,8,0,102,589921,326,0,79,1,0,0,22,0,0,22,1,0,0,1
8308.09,1662568985327,5.016345688,1,13.1,34.2,0.0,52.1,0.0,0.0,0.6,114,1,65,0,2,481100,115192,351780,678656,5557,99347,84,84,35,0,0,5,7,5,2,0,1,0,0,0,0,1,547953,0,5,0,10,493,235599,5331,0,1,22586,17673,1039,1198,65,10,92,0,8,103,103,105,4,5,2014566,201,0,130,5,349860,349815,120,13,0,1,4,545816,336735,6,6,216,29,13,0,0,0,99,712689,289,0,68,1,0,0,3,0,0,3,1,0,0,1
8313.11,1662568992365,5.016767523,1,1.3,31.5,0.0,66.2,0.0,0.0,1.0,114,1,65,0,2,481644,114648,351780,679200,5993,99043,266,266,35,0,0,5,7,5,2,0,1,0,0,0,0,5,498338,0,6,0,11,2661,191869,5382,0,1,23463,18486,4450,4600,614,94,632,0,9,111,111,115,1609,391,1751195,211,6,130,5,347797,347738,127,16,6,8,16,496093,330643,11,13,225,23,16,0,8,0,108,618717,336,0,75,1,0,0,10,0,0,10,1,1,1,2
8318.13,1662568999230,5.016640976,1,2.8,35.5,0.0,61.7,0.0,0.0,0.0,114,1,65,0,2,481156,115136,351780,678712,5863,98606,84,84,35,0,0,5,14,5,9,0,2,0,0,0,0,5,494680,0,8,1,26,2901,191409,5364,0,1,23025,18008,4078,4554,889,348,910,252,23,106,106,111,1603,680,1790357,207,7,129,45,344338,344271,130,18,7,8,17,492361,328477,10,13,231,34,24,0,8,0,102,588562,362,0,96,1,1,6,22,0,0,22,1,1,0,2
8323.16,1662569006084,5.034790506,1,3.5,35.9,0.0,60.0,0.0,0.0,0.6,113,1,64,0,2,481556,114724,351792,679124,5447,99347,56,56,35,0,0,8,11,7,3,1,2,0,0,0,0,11,486192,0,4,0,13,537,188531,5109,2,1,22810,17839,3720,3871,826,282,779,0,10,101,101,102,1584,691,1780434,199,7,129,44,338390,338329,121,16,7,2,16,484897,322673,10,12,221,31,23,0,8,0,97,596119,305,0,74,1,1,0,23,1,6,29,1,1,1,2
8328.17,1662569012895,5.014171398,1,9.6,38.9,0.0,51.6,0.0,0.0,0.0,115,3,66,0,1,481148,115140,351784,678708,9467,127042,294,294,35,0,0,5,7,5,2,0,1,0,0,0,0,27,554501,0,16,1,11,1060,242056,5770,0,1,24381,19360,13804,13404,2726,861,2669,567,9,125,125,124,6221,2024,2063783,239,23,131,8,361385,361344,141,16,23,29,46,554188,338243,20,34,259,32,37,5,30,1,112,671424,368,0,73,1,0,0,44,0,0,44,1,0,0,1
8333.19,1662569021435,5.016916752,1,2.5,34.7,0.0,61.9,0.0,0.0,0.9,114,1,65,0,2,480384,115892,351796,677960,5748,99649,84,84,35,0,0,5,7,5,2,0,1,0,0,0,0,8,528029,0,5,1,11,2891,221597,5274,0,1,22823,17900,2938,3078,447,149,467,63,9,103,103,104,871,264,1928627,201,4,130,5,345544,345495,122,16,4,5,13,525818,330856,10,11,214,23,11,0,5,0,99,667697,297,0,71,1,0,0,8,0,0,8,1,0,0,1
8338.21,1662569028232,5.016898485,1,4.3,37.1,0.0,58.6,0.0,0.0,0.0,114,2,65,0,2,480820,115452,351800,678400,5453,97261,56,56,35,0,0,5,7,5,2,0,1,0,0,0,0,9,521640,0,4,1,11,525,220479,5182,0,1,22785,17810,3949,4110,883,221,908,126,9,101,101,103,1597,684,1914854,199,7,129,44,341620,341568,125,16,7,8,16,519614,326013,10,13,220,31,23,0,8,0,99,644178,323,0,80,1,0,0,20,0,0,20,1,1,1,2
8343.23,1662569035119,5.016576993,1,23.7,33.1,0.0,41.9,0.0,0.0,1.2,114,1,65,0,2,480976,115304,351792,678548,5892,98948,294,294,35,0,0,5,7,5,2,6,1,0,0,0,0,7,531972,0,6,1,10,1003,229073,5688,0,1,23481,18343,3338,3813,400,97,421,63,154,110,110,113,985,224,1956120,207,6,132,6,344944,344896,199,13,6,7,12,529736,328274,9,14,373,32,137,0,8,0,107,661851,518,0,129,1,0,0,7,0,0,7,1,0,0,1
8348.25,1662569041896,5.016772370,1,4.9,33.9,0.0,61.2,0.0,0.0,0.0,114,1,65,0,2,480408,115864,351800,677984,5787,99686,84,84,35,0,0,7,12,7,5,4,3,0,0,0,0,3,549328,0,3,1,19,551,246098,5309,2,1,22779,17858,2949,3417,438,150,467,0,15,103,103,103,873,250,2055996,201,5,130,5,342796,342746,126,19,4,5,12,547374,328203,10,11,209,21,10,0,5,0,100,712263,312,0,86,1,3,6,9,1,6,15,1,2,1,2
8353.28,1662569048776,5.026427606,1,1.0,35.2,0.0,63.8,0.0,0.0,0.0,113,1,64,0,2,481060,115212,351800,678640,5838,98640,84,84,35,0,0,5,7,5,2,0,1,0,0,0,0,6,501786,0,6,1,10,2815,206420,5349,0,1,22846,17858,3963,4127,879,221,916,189,8,107,107,109,1596,684,1854434,207,7,129,44,336047,335988,127,14,7,9,17,499551,320401,10,13,230,31,25,0,8,0,102,618648,325,0,74,1,0,0,21,0,0,21,1,0,0,1
8358.32,1662569055617,5.041905807,1,3.9,39.1,0.0,57.0,0.0,0.0,0.0,114,1,65,0,2,480956,115300,351816,678552,5898,102077,294,294,35,0,0,5,7,5,2,0,1,0,0,0,0,12,486133,0,6,0,11,1703,189768,5300,0,1,23261,18279,3781,3726,656,26,457,0,9,106,106,109,1398,481,1722538,203,5,130,17,338005,337927,126,16,5,5,13,483977,321515,8,9,225,34,27,0,6,0,103,598913,314,0,68,1,0,0,6,0,0,6,1,0,0,1
8363.34,1662569062593,5.018501722,1,1.8,37.3,0.0,60.2,0.0,0.0,0.6,114,1,65,0,2,481076,115176,351820,678676,7722,101834,56,56,35,0,0,5,7,5,2,1,1,0,0,0,0,9,497790,0,15,1,12,3886,191337,5676,0,1,24260,18866,12098,12590,2513,723,2528,693,9,117,117,115,5448,1886,1761037,231,21,130,7,354284,354212,137,16,21,27,42,495684,332355,20,33,246,29,28,5,27,1,105,598070,341,0,80,1,0,0,44,0,0,44,1,1,1,2
8368.36,1662569069410,5.015631503,1,5.4,39.2,0.0,55.4,0.0,0.0,0.0,114,1,66,0,1,481304,114956,351812,678896,5838,98304,84,84,35,0,0,5,7,5,2,0,1,0,0,0,0,5,491210,0,10,0,11,2880,189973,5206,0,1,22812,17825,3949,4113,885,32,926,63,9,101,101,107,1605,683,1775288,197,7,129,44,342362,342302,124,15,7,8,17,489010,326708,10,13,221,31,20,0,8,0,97,592182,331,0,77,1,0,0,24,0,0,24,1,0,0,1
8373.38,1662569076223,5.015513185,1,2.5,35.6,0.0,61.3,0.0,0.0,0.6,114,1,65,0,2,481800,114452,351820,679400,5818,97374,56,56,35,0,0,7,13,7,5,1,3,0,0,0,0,9,481721,0,9,0,18,2875,186068,5397,2,1,22501,17590,4049,4558,885,283,912,0,15,102,102,109,1612,681,1750948,201,7,128,45,336413,336366,128,17,7,8,16,480140,320990,10,13,228,34,25,0,8,0,99,567575,341,0,83,1,3,6,20,1,6,26,1,2,1,2
8378.4,1662569082972,5.016611938,1,6.0,35.6,0.0,58.1,0.0,0.0,0.3,114,1,65,0,2,481488,114772,351812,679080,5655,99658,84,84,35,0,0,5,7,5,2,0,1,0,0,0,0,1,533689,0,6,0,10,557,224887,5164,0,1,22882,17931,2932,3463,438,87,461,63,8,104,104,106,873,266,1955307,203,4,129,5,348299,348248,121,14,4,5,13,531630,333575,9,10,217,22,11,0,5,0,100,672373,307,0,73,1,0,0,8,0,0,8,1,0,0,1
8383.42,1662569089768,5.016918200,1,3.0,41.1,0.0,55.0,0.0,0.0,0.9,114,1,65,0,2,481376,114876,351820,678976,5493,97339,84,84,35,0,0,5,7,5,2,0,1,0,0,0,0,12,492649,0,3,0,11,2834,189803,5174,0,1,22310,17426,3956,4121,878,220,903,63,9,100,100,101,1598,685,1789172,196,7,126,44,343087,343038,120,16,7,8,16,490351,327653,10,13,217,30,23,0,8,0,98,588975,317,0,72,1,0,0,20,0,0,20,1,0,0,1
8388.44,1662569096556,5.016746185,1,3.8,29.8,0.0,65.4,0.0,0.0,1.0,114,1,65,0,2,482068,114184,351820,679668,5727,97598,56,56,35,0,0,5,7,5,2,0,1,0,0,0,0,7,498841,0,4,0,10,2131,201412,5520,0,1,23261,18075,4323,4810,906,228,947,126,134,104,104,107,1620,704,1815762,205,7,132,46,339179,339123,192,14,7,8,16,496740,322556,11,14,368,39,144,0,8,0,103,608683,490,0,118,1,0,0,23,0,0,23,1,1,1,2
8393.46,1662569103364,5.016355682,1,3.7,33.4,0.0,62.9,0.0,0.0,0.0,114,1,65,0,2,481360,114900,351812,678952,5557,99347,84,84,35,0,0,5,7,5,2,0,1,0,0,0,0,1,493910,0,5,1,11,2889,193806,5122,0,1,22904,17960,2934,3436,441,87,462,0,9,103,103,105,876,256,1811664,201,4,130,5,342667,342619,126,15,4,5,13,491947,328054,10,11,212,23,11,0,5,0,100,601946,315,0,81,1,0,0,10,0,0,10,1,0,0,1
8398.48,1662569110171,5.015606745,1,8.2,32.6,0.0,58.6,0.0,0.0,0.6,113,1,64,0,2,480944,115312,351816,678540,5533,99555,56,56,35,0,0,5,8,5,3,1,2,0,0,0,0,8,494236,0,4,0,13,904,192364,5177,3,1,22799,17795,3778,4247,872,283,906,63,10,103,103,102,1592,691,1804529,203,7,129,44,342181,342132,123,15,7,8,16,492117,326700,10,13,221,24,21,0,8,0,98,590843,304,0,77,1,1,0,21,1,4,25,1,1,1,2
8403.49,1662569116967,5.014485157,1,1.6,36.3,0.0,62.1,0.0,0.0,0.0,114,1,65,0,2,482116,114140,351816,679712,9588,122641,84,84,35,0,0,7,9,7,2,1,1,0,0,0,0,16,513406,0,17,0,11,1100,213592,5773,0,1,24055,18971,13420,13044,2984,735,2949,441,9,121,121,120,6188,2307,1911009,241,24,130,48,348011,347972,146,16,24,29,44,512376,325600,18,32,271,44,46,5,29,1,108,607909,377,0,80,1,0,0,55,0,2,57,1,0,0,1
8408.51,1662569124857,5.015514745,1,20.5,32.4,0.0,46.2,0.0,0.0,0.9,114,1,65,0,2,481644,114612,351816,679240,5771,99449,84,84,35,0,0,5,7,5,2,0,1,0,0,0,0,5,477506,0,10,0,11,580,179439,5039,0,1,22947,17998,2957,3100,433,150,458,0,9,105,105,109,877,258,1726710,205,4,131,5,338587,338548,124,16,4,5,12,476138,323972,10,11,223,23,14,0,5,0,100,588526,313,0,77,1,0,0,9,0,0,9,1,0,0,1
8413.53,1662569131656,5.016593655,1,3.1,34.7,0.0,62.3,0.0,0.0,0.0,114,1,65,0,2,480840,115404,351828,678448,6062,98991,294,294,35,0,0,5,7,5,2,0,1,0,0,0,0,5,496892,0,4,0,11,986,194414,5371,0,1,23453,18482,4448,4945,607,94,630,63,9,112,112,114,1602,381,1746407,211,6,130,5,344881,344833,127,15,6,8,17,494990,327836,11,13,225,22,17,0,8,0,108,619365,324,0,70,1,0,0,12,0,0,12,1,1,1,2
8418.55,1662569138422,5.015428992,1,2.2,36.3,0.0,61.2,0.0,0.0,0.3,114,2,64,0,2,481024,115228,351820,678624,5657,93504,56,56,35,0,0,5,7,5,2,0,1,0,0,0,0,6,510629,0,7,0,11,2793,209576,5266,0,1,21884,17125,4137,4623,898,157,924,63,9,101,101,106,1602,684,1878122,199,7,124,46,341284,341235,125,15,7,8,16,508594,325971,10,13,227,38,29,0,8,0,98,633181,337,0,78,1,0,0,22,0,0,22,1,0,0,1
8423.57,1662569145202,5.016045824,1,23.7,32.3,0.0,44.0,0.0,0.0,0.0,114,1,65,0,2,481224,115024,351824,678828,5735,99347,84,84,35,0,0,5,9,5,4,0,2,0,0,0,0,5,552512,0,9,1,14,2878,239404,5297,0,1,22946,18011,3126,3275,452,87,470,126,13,103,103,109,878,265,2040702,201,4,130,5,352673,352619,124,18,4,5,13,550367,337802,10,11,221,30,14,0,5,0,100,702984,325,0,80,1,2,6,9,1,4,13,1,1,0,2
8428.59,1662569152068,5.016461927,1,3.2,32.8,0.0,63.4,0.0,0.0,0.6,114,1,65,0,2,481124,115116,351832,678736,6269,101232,266,266,35,0,0,7,9,7,2,0,1,0,0,0,0,9,490258,0,6,0,11,1949,190817,5462,0,1,23465,18486,4470,4634,619,32,647,0,9,110,110,115,1609,393,1752715,209,6,130,5,341241,341188,126,16,6,9,16,488182,324110,11,13,223,25,15,0,9,0,106,597161,330,0,69,1,0,0,12,0,2,14,1,0,0,1
8433.61,1662569158891,5.017552191,1,3.4,34.9,0.0,61.4,0.0,0.0,0.3,114,1,65,0,2,480696,115544,351832,678308,5675,99762,84,84,35,0,0,5,7,5,2,0,1,0,0,0,0,20,495016,0,5,0,10,913,196607,5473,0,1,23327,18103,4348,4508,907,293,934,0,158,106,106,106,1598,685,1796089,207,7,132,46,340133,340080,209,14,7,8,16,492998,323404,13,16,395,39,158,0,9,0,101,586277,503,0,133,1,0,0,22,0,0,22,1,0,0,1
8438.69,1662569165671,5.078687411,1,5.1,31.4,0.0,62.9,0.0,0.0,0.6,113,1,65,0,2,480888,115352,351832,678500,7722,101834,84,84,35,0,0,5,7,5,2,1,1,0,0,0,0,16,489407,0,16,0,11,1612,192921,5496,0,1,24573,19128,13523,13778,2945,542,2741,441,9,119,119,116,6215,2250,1804889,233,24,131,18,346488,346416,142,16,24,29,49,487498,323054,21,34,259,38,41,5,30,1,105,573951,370,0,78,1,0,0,43,0,0,43,1,1,1,2
8443.71,1662569172579,5.017235660,1,3.7,30.9,0.0,65.4,0.0,0.0,0.0,113,1,65,0,2,480668,115572,351832,678280,11464,104964,9165,9165,35,0,0,5,7,5,2,0,1,0,0,0,0,4,498998,0,10,0,13,829,192467,5572,0,1,23611,18632,5097,5587,815,351,833,63,8,153,154,151,1959,564,1752076,245,7,130,7,349129,349079,143,14,7,8,18,497023,331410,12,14,262,26,41,7,9,0,143,607569,351,0,77,1,0,0,9,0,0,9,1,0,0,1
8448.73,1662569179405,5.015564908,1,3.6,30.5,0.0,65.6,0.0,0.0,0.3,114,1,65,0,2,480896,115352,351824,678500,5529,97485,84,84,35,0,0,5,9,5,4,0,2,0,0,0,0,7,504841,0,4,0,16,2878,209822,5250,0,1,22911,17909,4056,4536,882,347,910,0,13,104,104,105,1602,687,1871798,203,7,129,45,338793,338743,125,17,7,8,17,502812,322981,10,13,225,34,24,0,8,0,101,624881,330,0,84,1,2,6,21,1,4,25,1,1,0,2
8453.75,1662569186176,5.018519269,1,1.4,37.1,0.0,61.6,0.0,0.0,0.0,114,1,65,0,2,481928,114304,351840,679548,5964,97339,56,56,35,0,0,7,9,7,2,0,1,0,0,0,0,8,520699,0,4,1,11,1801,217036,5345,0,1,23085,18107,6046,6402,1263,298,1285,126,9,102,102,107,2469,932,1930140,201,12,129,44,345603,345541,126,15,11,9,25,518866,328262,14,18,223,34,25,0,13,0,101,643424,353,0,81,1,0,0,26,1,6,32,1,0,0,1
8458.77,1662569192988,5.017819914,1,2.4,38.6,0.0,56.9,0.0,0.0,2.1,114,1,65,0,2,481392,114840,351840,679012,5873,100139,294,294,35,0,0,5,7,5,2,0,1,0,0,0,0,9,521179,0,5,0,11,1522,214221,5158,0,1,23384,18430,4447,4903,617,219,634,0,9,110,110,112,1613,390,1931441,207,6,130,5,348481,348426,124,16,6,8,16,519166,331481,11,13,219,23,16,0,8,0,106,643294,337,0,78,1,0,0,10,0,0,10,1,0,0,1
8463.79,1662569199805,5.016825197,1,1.2,39.6,0.0,59.2,0.0,0.0,0.0,114,1,65,0,2,481612,114628,351832,679224,5690,98656,84,84,35,0,0,5,7,5,2,0,1,0,0,0,0,9,537462,0,6,1,11,507,229210,5106,0,1,22956,17946,4066,4229,883,283,908,63,9,107,107,108,1605,679,1991010,209,7,129,45,348371,348317,125,16,7,8,17,535414,332517,10,13,229,35,24,0,8,0,101,677384,330,0,76,1,0,0,24,0,0,24,1,0,0,1
8468.81,1662569206652,5.016846878,1,3.1,35.2,0.0,61.3,0.0,0.0,0.3,114,1,65,0,2,481424,114800,351848,679052,5499,99269,56,56,35,0,0,5,7,5,2,0,1,0,0,0,0,7,528770,0,5,0,11,562,227108,5462,0,1,23133,18129,6035,6196,1260,46,1283,63,9,100,100,103,2460,929,1961802,197,11,129,44,343735,343677,120,16,11,13,25,526767,326300,14,18,222,32,26,0,13,0,98,658091,331,0,74,1,0,0,28,0,0,28,1,0,0,1
8473.83,1662569213536,5.016262157,1,4.4,36.1,0.0,59.5,0.0,0.0,0.0,113,1,64,0,2,481376,114848,351848,679000,5901,98835,294,294,35,0,0,8,12,7,4,7,2,0,0,0,0,10,510456,0,8,1,16,586,205269,5361,3,1,23458,18492,4484,4960,619,220,638,63,13,110,110,115,1615,381,1871949,207,6,131,5,346899,346849,131,18,6,8,17,508510,329945,11,13,221,23,15,0,8,0,107,616801,351,0,85,1,1,0,13,0,0,13,1,2,2,2
8478.85,1662569220324,5.016647074,1,3.3,33.7,0.0,63.1,0.0,0.0,0.0,114,2,65,0,2,481108,115080,351884,678756,14765,212100,140,140,35,0,0,0,0,0,0,4,0,0,0,0,0,18,505576,0,19,0,5,1980,196062,5671,0,0,24232,19257,12609,12231,2807,1117,2603,630,45,117,117,119,5516,2143,1859850,231,24,131,46,358676,358636,159,11,24,31,49,504546,335545,20,34,354,39,133,5,29,1,104,588572,425,0,91,1,0,0,42,0,0,42,1,0,0,1
8483.87,1662569232877,5.016252664,1,1.8,34.9,0.0,62.9,0.0,0.0,0.4,114,1,65,0,2,480672,115524,351876,678312,5849,100086,294,294,35,0,0,5,7,5,2,0,1,0,0,0,0,5,522069,0,5,0,10,2864,216248,5258,0,1,23140,18185,2376,2857,221,17,247,0,8,112,112,114,739,132,1931108,211,2,130,5,347896,347848,125,13,2,3,7,519987,332551,7,8,223,22,15,0,3,0,109,650042,315,0,72,1,0,0,4,0,0,4,1,0,0,1
8488.89,1662569239684,5.018034119,1,3.5,37.9,0.0,58.5,0.0,0.0,0.0,114,2,64,0,2,480808,115384,351880,678456,5581,98606,84,84,35,0,0,5,7,5,2,0,1,0,0,0,0,6,482365,0,4,0,11,2924,188165,5236,0,1,22854,17868,4057,4530,889,220,923,0,9,105,105,106,1596,686,1770343,205,7,132,45,335286,335232,124,15,7,8,17,480319,319528,10,13,227,34,24,0,8,0,102,577670,333,0,74,1,0,0,21,0,0,21,1,0,0,1
8493.91,1662569246489,5.015778737,1,4.7,32.5,0.0,62.0,0.0,0.0,0.7,114,1,65,0,2,480500,115700,351872,678140,5447,98354,56,56,35,0,0,5,9,5,4,1,2,0,0,0,0,9,539558,0,5,0,16,2889,233811,5651,3,1,23145,18136,6047,6557,1254,486,1284,315,13,102,102,102,2459,931,2004771,201,11,130,44,348291,348232,128,17,11,13,25,537501,330907,14,18,224,32,24,0,13,0,96,656500,351,0,89,1,1,0,27,0,0,27,1,2,2,2
8498.93,1662569253277,5.016822908,1,5.4,26.5,0.0,68.1,0.0,0.0,0.0,114,1,65,0,2,480964,115232,351876,678604,6585,101815,1326,1326,35,0,0,7,9,7,2,0,1,0,0,0,0,7,460830,0,17,1,10,2912,164246,5365,0,1,23297,18303,2629,2793,275,147,313,63,9,136,136,139,876,167,1608826,223,3,131,5,337132,337090,133,15,3,3,10,458935,321491,9,10,235,24,20,22,4,4,121,562685,362,0,72,1,4,4,5,1,6,11,1,1,0,2
8503.95,1662569260121,5.016491830,1,5.3,36.0,0.0,58.5,0.0,0.0,0.3,114,1,65,0,2,481548,114648,351876,679192,5852,98867,56,56,35,0,0,5,7,5,2,0,1,0,0,0,0,8,486585,0,4,0,11,2862,189741,5168,0,1,22877,17865,3877,4043,868,347,900,0,9,105,105,107,1603,683,1786366,207,7,129,45,337383,337332,125,16,7,8,16,484673,321821,10,13,228,28,24,0,8,0,102,600288,314,0,75,1,0,0,21,0,0,21,1,0,0,1
8508.97,1662569266942,5.015762006,1,3.6,31.5,0.0,64.6,0.0,0.0,0.3,114,1,65,0,2,481364,114828,351880,679012,5539,98304,84,84,35,0,0,5,7,5,2,0,1,0,0,0,0,8,523435,0,5,1,11,640,220197,5502,0,1,23026,18039,6022,6178,1271,46,1301,63,9,102,102,104,2465,941,1932110,199,11,129,44,345179,345123,121,16,11,13,25,521332,327836,14,18,222,32,24,0,13,0,99,645169,324,0,80,1,0,0,27,0,0,27,1,0,0,1
8513.99,1662569273766,5.016235348,1,2.1,31.7,0.0,65.4,0.0,0.0,0.9,113,1,65,0,2,482140,114068,351864,679784,7968,101322,294,294,35,0,0,5,7,5,2,0,1,0,0,0,0,13,543163,0,18,0,11,3849,234081,5873,0,1,24752,19345,13618,13792,2668,982,2702,819,9,124,124,124,6179,2000,1997932,235,23,130,7,358047,357963,143,16,23,31,47,540864,333870,21,35,254,29,32,5,30,1,111,637140,390,0,77,1,0,0,47,0,0,47,1,0,0,1
8519,1662569280551,5.014510013,1,4.3,32.7,0.0,63.0,0.0,0.0,0.0,113,1,65,0,2,480832,115372,351868,678480,5926,98606,56,56,35,0,0,5,7,5,2,0,1,0,0,0,0,6,546453,0,9,0,10,2811,237489,5251,0,1,22445,17546,2650,3001,496,149,724,0,8,103,103,110,884,366,2037503,201,4,127,34,347488,347430,120,13,4,6,10,544629,333360,9,12,221,26,15,0,5,0,100,691232,341,0,69,1,0,0,18,0,0,18,1,1,1,2
8524.02,1662569287417,5.016413706,1,1.9,33.1,0.0,64.6,0.0,0.0,0.3,113,1,65,0,2,481652,114552,351868,679300,5515,92124,84,84,35,0,0,7,16,7,9,6,2,0,0,0,0,6,489703,0,9,0,26,2817,187827,5358,0,1,22229,17306,6695,6857,1424,123,1464,126,156,97,97,103,2716,1020,1750362,189,15,126,44,344042,343984,191,17,15,17,30,487781,326295,15,23,364,32,135,0,17,0,93,576278,519,0,154,1,1,6,28,0,0,28,1,1,0,2
8529.04,1662569294252,5.017839278,1,7.6,35.6,0.0,55.8,0.0,0.0,0.9,113,2,65,0,1,481024,115176,351872,678676,6489,100327,266,266,35,0,0,5,7,5,2,0,1,0,0,0,0,5,550298,0,5,1,10,2834,239852,5515,0,1,23397,18445,4534,4679,615,94,639,0,8,114,114,118,1614,386,2056186,217,6,129,6,351931,351880,132,13,6,8,16,548281,334884,11,13,232,28,22,0,8,0,110,689652,350,0,75,1,0,0,12,1,4,16,1,0,0,1
8534.06,1662569301449,5.015508950,1,4.2,25.6,0.0,70.2,0.0,0.0,0.0,113,1,65,0,2,480628,115580,351864,678272,5903,98684,84,84,35,0,0,5,7,5,2,0,1,0,0,0,0,3,492631,0,5,0,12,564,193531,5041,0,1,22591,17668,972,1130,58,9,84,0,8,107,107,108,4,5,1741307,205,1,129,5,336938,336884,121,14,0,0,4,490817,324008,6,6,215,22,11,0,0,0,100,636595,300,0,66,1,0,0,2,0,0,2,1,0,0,1
8539.08,1662569308242,5.018754453,1,3.0,36.0,0.0,60.4,0.0,0.0,0.6,113,1,65,0,2,480492,115704,351876,678148,5608,97339,56,56,35,0,0,5,7,5,2,0,1,0,0,0,0,7,504527,0,4,1,11,588,207227,5376,0,1,23042,18056,6016,6173,1270,171,1289,63,9,102,102,104,2464,933,1863431,201,11,128,44,339434,339387,122,16,11,13,25,502593,322101,14,18,223,32,25,0,13,0,100,630655,326,0,80,1,0,0,25,0,0,25,1,0,0,1
8544.1,1662569315031,5.015768452,1,18.9,35.3,0.0,44.5,0.0,0.0,1.3,113,1,65,0,2,481380,114816,351876,679036,6094,100252,294,294,35,0,0,7,11,7,4,1,2,0,0,0,0,6,499107,0,8,0,15,2578,192945,5533,2,1,23583,18601,4720,4799,624,220,642,63,12,110,110,115,1621,369,1828715,207,6,130,6,349091,349043,129,16,6,8,16,497135,331810,11,13,227,33,20,0,8,0,107,604023,342,0,84,3,5,4,11,1,6,17,1,3,2,3
8549.12,1662569321856,5.016277366,1,2.3,31.0,0.0,66.8,0.0,0.0,0.0,112,1,64,0,2,480240,115964,351868,677888,5637,98304,84,84,35,0,0,5,7,5,2,0,1,0,0,0,0,0,494506,0,6,1,11,566,191544,5015,0,1,22582,17664,872,1023,51,9,77,0,9,103,103,106,4,5,1744016,201,0,130,5,340830,340782,126,15,0,0,4,492553,327911,6,6,214,22,10,0,0,0,100,629274,296,0,70,1,0,0,4,0,0,4,1,0,0,1
8554.13,1662569328602,5.014257090,1,2.7,39.4,0.0,57.2,0.0,0.0,0.7,113,1,65,0,2,481948,114252,351872,679600,10537,142784,322,322,35,0,0,5,7,5,2,1,1,0,0,0,0,22,562682,0,16,1,11,3322,246871,5699,0,1,23984,19060,9771,10504,1980,450,1973,630,9,125,125,123,4436,1508,2100666,237,17,131,7,363701,363645,139,16,16,30,34,561977,342623,15,27,252,28,33,5,16,1,111,695054,353,0,73,1,0,0,36,0,0,36,1,0,0,1
8559.15,1662569337892,5.016191043,1,5.7,31.9,0.0,62.1,0.0,0.0,0.3,113,1,65,0,2,481316,114876,351880,678972,5779,97676,84,84,35,0,0,5,7,5,2,0,1,0,0,0,0,9,512014,0,5,0,10,2893,218794,5418,0,1,23257,18241,6219,6377,1289,171,1307,126,8,105,105,107,2471,931,1905460,207,11,129,46,336066,336005,127,13,11,13,26,510090,318402,14,18,233,39,30,0,13,0,103,628797,341,0,84,1,0,0,28,0,0,28,1,0,0,1
8564.17,1662569344697,5.017069121,1,17.8,32.4,0.0,49.5,0.0,0.0,0.3,114,4,66,0,1,481148,115032,351892,678816,5649,99397,56,56,35,0,0,5,14,5,9,0,2,0,0,0,0,8,543301,0,6,0,26,769,237372,5505,0,1,22871,17939,2935,3085,441,87,474,0,23,103,103,106,866,268,2017240,203,4,130,5,345593,345551,129,17,4,5,12,541577,331020,10,11,220,23,14,0,5,0,100,696459,334,0,86,1,1,6,8,0,0,8,1,1,0,2
8569.19,1662569351588,5.016763199,1,5.2,31.2,0.0,62.3,0.0,0.0,1.3,113,1,65,0,2,480100,116080,351892,677768,5895,98835,294,294,35,0,0,7,11,7,4,5,2,0,0,0,0,13,536622,0,10,0,16,2914,230426,5571,2,1,23491,18330,3088,3328,381,33,403,63,146,110,110,117,975,224,1997463,207,6,133,5,347420,347370,200,17,6,7,12,534694,331094,9,14,377,23,136,0,8,0,107,662229,516,0,139,1,1,0,7,1,6,13,1,2,2,2
8574.21,1662569358425,5.018041793,1,2.9,33.4,0.0,63.4,0.0,0.0,0.3,113,1,65,0,2,480800,115384,351888,678464,5963,98719,56,56,35,0,0,5,7,5,2,0,1,0,0,0,0,6,479129,0,8,0,11,904,187012,5393,0,1,23177,18173,6220,6721,1291,235,1310,0,9,105,105,110,2499,929,1729055,207,11,129,46,334534,334477,125,16,11,13,25,477094,316934,14,18,237,39,30,0,13,0,102,575065,342,0,78,1,0,0,27,0,0,27,1,0,0,1
8579.23,1662569365152,5.016866140,1,20.0,35.0,0.0,44.4,0.0,0.0,0.6,113,1,65,0,2,480928,115244,351900,678604,5661,99608,84,84,35,0,0,5,7,5,2,0,1,0,0,0,0,5,504765,0,4,1,10,2327,201275,4931,0,1,22997,18051,3110,3263,453,150,475,0,9,103,103,104,873,260,1793166,201,4,130,5,342970,342921,126,16,4,6,13,502525,328020,10,11,215,29,14,0,5,0,100,636716,311,0,68,1,0,0,10,0,0,10,1,0,0,1
8584.25,1662569372009,5.016076784,1,5.0,32.7,0.0,62.3,0.0,0.0,0.0,113,1,65,0,2,480724,115444,351904,678404,5983,100241,294,294,35,0,0,5,7,5,2,0,1,0,0,0,0,4,493130,0,5,1,11,2890,193362,5051,0,1,23154,18198,2454,2547,251,18,252,0,9,111,111,112,782,151,1726619,211,3,130,4,340898,340853,125,16,3,3,9,491320,325569,7,8,216,17,13,0,4,0,105,629608,309,0,72,1,0,0,4,0,0,4,1,0,0,1
8589.27,1662569378807,5.016303357,1,3.1,36.9,0.0,59.9,0.0,0.0,0.0,113,1,65,0,2,481968,114180,351924,679652,7840,100084,56,56,35,0,0,5,7,5,2,0,1,0,0,0,0,17,494947,0,15,0,11,2172,196139,5752,0,1,24598,19133,15374,15889,3359,873,3369,756,9,119,119,117,7056,2534,1821728,235,28,129,48,348386,348298,139,16,28,35,55,492653,323494,24,40,264,45,47,5,35,1,106,570968,389,0,78,1,0,0,65,0,0,65,1,0,0,1
8594.29,1662569385633,5.015609053,1,11.9,33.4,0.0,54.0,0.0,0.0,0.6,113,1,65,0,2,481356,114796,351920,679044,5453,96218,84,84,35,0,0,5,9,5,4,0,2,0,0,0,0,6,542962,0,5,0,15,2230,234294,5490,0,1,22885,17956,4349,4570,835,95,668,126,12,101,101,104,1596,580,2005604,197,7,130,16,349276,349225,124,15,7,7,19,540830,333257,11,12,218,32,24,0,8,0,98,675281,329,0,80,1,2,6,12,1,4,16,1,1,0,2
8599.31,1662569392460,5.016474995,1,2.8,37.6,0.0,59.0,0.0,0.0,0.7,113,1,65,0,2,481384,114764,351924,679072,6125,100084,266,266,35,0,0,7,9,7,2,0,1,0,0,0,0,3,494876,0,5,0,11,2902,190188,5338,0,1,23129,18181,2374,2890,224,143,249,63,9,112,112,114,742,139,1805066,213,2,130,5,345621,345569,131,15,2,3,7,492908,330359,7,8,223,22,16,0,3,0,109,603582,318,0,77,1,0,0,4,0,2,6,1,0,0,1
8604.33,1662569399307,5.019548469,1,3.1,34.3,0.0,61.9,0.0,0.0,0.6,113,1,65,0,2,480928,115224,351920,678612,6051,97641,84,84,35,0,0,5,7,5,2,0,1,0,0,0,0,9,527745,0,5,0,10,551,226948,5520,0,1,23085,18099,6132,6634,1283,298,1300,126,8,105,105,107,2471,941,1970344,205,11,128,45,343080,343027,122,13,11,13,26,525773,325582,14,18,228,38,25,0,13,0,100,658237,338,0,77,1,0,0,22,0,0,22,1,0,0,1
8609.36,1662569406148,5.026174565,1,2.4,39.3,0.0,57.7,0.0,0.0,0.6,113,1,65,0,2,481148,115008,351916,678836,5816,99686,56,56,35,0,0,5,7,5,2,0,1,0,0,0,0,12,494833,0,4,1,11,2868,198794,5372,0,1,23213,18217,5310,5459,1108,232,1016,63,9,103,103,106,2097,827,1794253,203,10,130,44,337931,337873,123,16,10,7,20,492536,320884,12,13,225,32,25,0,12,0,101,594910,316,0,69,1,0,0,19,0,0,19,1,0,0,1
8614.38,1662569413006,5.016875810,1,5.8,30.4,0.0,63.6,0.0,0.0,0.3,113,1,65,0,2,481196,114968,351908,678876,5849,99156,294,294,35,0,0,5,7,5,2,6,1,0,0,0,0,13,522092,0,5,0,11,2978,217180,5529,0,1,23524,18376,3050,3319,376,94,392,0,147,112,112,113,985,217,1937105,211,6,133,5,346576,346528,205,16,6,7,11,520026,330204,8,13,365,22,121,0,7,0,107,641133,492,0,130,1,0,0,5,0,0,5,1,0,0,1
8619.4,1662569419812,5.017608992,1,4.3,32.0,0.0,63.4,0.0,0.0,0.3,113,1,65,0,2,480612,115556,351904,678288,5863,98606,84,84,35,0,0,5,9,5,4,0,2,0,0,0,0,16,480066,0,9,0,16,915,190147,5521,0,1,23018,17995,4073,4435,887,221,913,0,13,106,106,111,1594,686,1765988,205,7,129,45,332416,332366,126,18,7,10,17,478248,316633,10,13,232,34,24,0,8,0,102,570741,330,0,81,1,2,6,21,1,4,25,1,1,0,2
8624.41,1662569426663,5.014721740,1,2.5,29.7,0.0,67.8,0.0,0.0,0.0,112,1,64,0,2,480960,115200,351912,678644,5499,98304,56,56,35,0,0,7,9,7,2,0,1,0,0,0,0,7,495208,0,4,0,11,596,194848,5445,0,1,23144,18138,6018,6181,1271,234,1297,0,9,102,102,104,2470,937,1761462,201,11,129,44,342790,342734,122,16,11,13,25,493157,325404,14,18,221,32,24,0,13,0,99,603494,326,0,74,1,0,0,26,0,2,28,1,0,0,1
8629.43,1662569433407,5.024620888,1,2.7,31.5,0.0,65.8,0.0,0.0,0.0,113,1,65,0,2,480324,115836,351912,678008,14457,210497,378,378,35,0,0,0,0,0,0,0,0,0,0,0,0,21,510200,0,18,0,5,3380,204352,5802,0,0,24106,19226,13008,12997,2861,985,2714,567,5,121,121,119,5711,2186,1881611,237,23,130,48,356029,355990,136,12,22,33,47,509725,333299,22,32,268,45,47,5,26,1,107,603548,374,0,67,1,0,0,51,0,0,51,1,0,0,1
8634.44,1662569445735,5.014729065,1,2.6,37.4,0.0,58.3,0.0,0.0,1.7,113,1,65,0,2,480060,116088,351924,677756,5713,102398,84,84,35,0,0,5,7,5,2,0,1,0,0,0,0,9,507980,0,5,0,11,2860,194791,5461,0,1,22989,18030,4342,4576,871,221,659,0,9,101,101,103,1632,631,1792768,197,7,130,16,354320,354265,119,15,7,7,19,505898,338045,11,12,218,32,24,0,8,0,98,628690,308,0,63,1,0,0,10,0,0,10,1,0,0,1
8639.46,1662569452745,5.015154907,1,3.0,29.7,0.0,66.7,0.0,0.0,0.7,113,1,65,0,2,480944,115208,351920,678640,5872,99956,266,266,35,0,0,5,9,5,4,0,2,0,0,0,0,10,556955,0,4,0,16,523,247548,5518,0,1,23150,18197,2368,2528,224,17,260,0,13,110,110,112,748,153,2082530,209,2,130,5,349447,349398,132,17,2,3,7,555003,334231,7,8,220,22,15,0,3,0,108,707554,340,0,84,1,2,6,5,1,4,9,1,2,1,2
8644.48,1662569459620,5.015973036,1,3.9,34.5,0.0,61.2,0.0,0.0,0.3,113,1,65,0,2,480344,115804,351924,678044,5592,98606,84,84,35,0,0,5,7,5,2,0,1,0,0,0,0,8,482441,0,5,1,10,2866,196357,5415,0,1,23183,18170,6142,6630,1283,235,1306,63,8,105,105,105,2459,938,1777903,205,11,129,45,333283,333219,122,14,11,13,26,480182,315620,14,18,229,36,26,0,13,0,99,561309,335,0,72,1,0,0,27,0,0,27,1,0,0,1
8649.5,1662569466423,5.016122900,1,3.9,31.0,0.0,65.0,0.0,0.0,0.0,113,1,65,0,2,480328,115820,351924,678028,5937,99371,56,56,35,0,0,8,11,7,3,12,2,0,0,0,0,8,508205,0,6,0,14,2947,211690,5660,2,1,23342,18297,6517,7015,1415,243,1441,0,11,103,103,108,2710,1023,1854966,203,15,130,44,339234,339157,124,17,15,17,29,505901,321251,14,22,224,34,24,0,17,0,100,623560,341,0,85,1,1,0,28,0,2,30,1,1,1,2
8654.52,1662569473245,5.015583885,1,6.5,32.6,0.0,60.9,0.0,0.0,0.0,113,1,65,0,2,479816,116336,351920,677512,6121,100527,294,294,35,0,0,5,7,5,2,6,1,0,0,0,0,7,506289,0,6,1,9,2663,196254,5411,0,1,23359,18348,2917,3385,372,88,395,0,112,115,115,115,989,222,1792621,217,6,132,5,350834,350782,186,15,6,7,12,504584,334895,8,13,274,21,30,0,7,0,109,618181,448,0,111,1,0,0,6,0,0,6,1,0,0,1
8659.54,1662569480080,5.017077878,1,6.2,33.6,0.0,59.6,0.0,0.0,0.6,113,1,65,0,2,479572,116580,351920,677268,11150,99495,8983,8983,35,0,0,5,7,5,2,0,1,0,0,0,0,14,523428,0,11,1,11,759,225258,5509,0,1,22417,17585,6654,7301,1474,302,1507,126,9,144,145,145,2852,1105,1902127,231,12,124,47,340244,340179,138,16,12,18,28,521630,322592,15,19,259,33,48,11,14,2,135,637905,355,0,76,1,0,0,25,0,0,25,1,0,0,1
8664.56,1662569486918,5.016771477,1,3.3,40.4,0.0,56.3,0.0,0.0,0.0,112,1,65,0,2,481092,115048,351932,678800,7732,99799,56,56,35,0,0,5,7,5,2,0,1,0,0,0,0,19,485694,0,19,0,11,3871,190071,5637,0,1,24108,18686,13110,13617,2968,674,3000,693,9,116,116,115,6179,2321,1749563,229,24,129,46,344198,344112,136,16,24,31,46,483375,321286,20,35,257,37,40,5,30,1,101,568828,370,0,77,0,0,0,55,0,0,55,0,0,0,0
8669.58,1662569493707,5.017268923,1,2.9,31.5,0.0,65.2,0.0,0.0,0.4,112,1,65,0,2,481012,115128,351932,678720,5815,99878,294,294,35,0,0,5,7,5,2,0,1,0,0,0,0,10,492766,0,6,0,10,2636,191133,5321,0,1,23010,18082,2358,2858,224,17,247,0,9,110,110,113,751,134,1725391,207,2,130,5,341633,341585,125,16,2,3,8,490744,326387,7,8,220,22,14,0,3,0,106,614664,312,0,76,1,0,0,6,1,4,10,1,0,0,1
8674.6,1662569500500,5.015715555,1,3.8,35.2,0.0,60.1,0.0,0.0,0.9,112,1,65,0,2,481028,115120,351924,678728,6040,98762,56,56,35,0,0,5,7,5,2,0,1,0,0,0,0,4,484990,0,7,1,11,2933,188772,5501,0,1,23213,18192,5969,6125,1265,361,1286,189,9,107,107,110,2477,929,1784024,211,11,130,45,338673,338620,131,16,11,13,25,483109,321339,14,18,236,29,27,0,13,0,102,576369,344,0,75,1,0,0,30,0,0,30,1,0,0,1
8679.63,1662569507296,5.025212921,1,2.7,32.7,0.0,64.7,0.0,0.0,0.0,112,1,65,0,2,481036,115108,351928,678740,5291,92046,84,84,35,0,0,7,9,7,2,0,1,0,0,0,0,7,523051,0,5,0,10,2044,215092,5077,0,1,21610,16889,3935,4435,883,220,916,63,8,97,97,99,1605,683,1918325,189,7,123,44,346225,346170,114,13,7,8,17,520828,331217,10,13,210,31,23,0,8,0,93,661048,306,0,74,1,0,0,23,0,2,25,1,0,0,1
8684.65,1662569514083,5.017285808,1,3.6,31.5,0.0,64.6,0.0,0.0,0.3,112,1,65,0,2,481020,115120,351932,678728,5852,99209,294,294,35,0,0,5,7,5,2,0,1,0,0,0,0,5,525039,0,4,1,11,1733,216213,5239,0,1,23079,18126,2331,2490,220,79,252,0,9,108,108,108,747,140,1911294,205,2,130,6,348494,348451,125,15,2,3,8,522814,333212,7,8,218,23,15,0,3,0,107,674293,313,0,73,1,0,0,6,0,0,6,1,0,0,1
8689.67,1662569521220,5.017561486,1,6.1,38.2,0.0,55.4,0.0,0.0,0.3,112,1,65,0,2,480540,115596,351936,678252,5892,99988,84,84,35,0,0,5,7,5,2,0,1,0,0,0,0,3,559365,0,4,0,11,2867,250397,5329,0,1,22929,17980,3038,3351,449,24,478,0,9,107,107,107,868,252,2099877,209,4,130,6,349497,349443,130,16,4,9,13,557629,334696,10,11,225,26,16,0,5,0,103,711384,329,0,73,1,0,0,9,0,0,9,1,0,0,1
8694.69,1662569528074,5.019644178,1,3.0,33.5,0.0,62.2,0.0,0.0,1.2,112,1,65,0,2,480556,115572,351944,678276,5603,98615,84,84,35,0,0,5,14,5,9,0,2,0,0,0,0,5,485895,0,5,0,31,2919,188117,5222,0,1,23019,18034,6014,6452,1262,171,1285,63,22,100,100,103,2477,936,1736455,195,11,129,43,340315,340251,119,16,11,13,26,483702,323125,14,18,216,28,22,0,13,0,96,585912,323,0,97,1,1,6,27,0,0,27,1,1,0,2
8699.71,1662569534924,5.015868955,1,19.8,26.9,0.0,53.3,0.0,0.0,0.0,111,1,64,0,2,479712,116420,351940,677428,5800,98948,266,266,35,0,0,5,7,5,2,0,1,0,0,0,0,2,497470,0,4,1,10,2838,193075,5235,0,1,23158,18200,2444,2921,234,80,256,63,9,110,110,112,738,135,1752590,209,2,130,6,344724,344662,126,16,2,3,7,495485,329201,7,8,224,25,19,0,3,0,108,610891,302,0,71,1,0,0,4,1,4,8,1,0,0,1
8704.72,1662569541665,5.013061068,1,6.2,32.8,0.0,60.7,0.0,0.0,0.3,113,1,65,0,2,481044,115080,351948,678764,13905,200729,140,140,35,0,0,0,2,0,1,1,1,0,0,0,1,9,547753,0,15,0,8,1036,231081,5530,2,0,23637,18792,10452,10449,2352,713,2130,315,7,118,118,115,4615,1872,2032431,233,17,130,46,362682,362659,136,14,17,26,33,547113,342357,16,23,255,37,41,5,18,1,105,666220,367,0,75,1,1,0,41,0,0,41,1,1,1,2
8709.74,1662569553542,5.016475260,1,2.7,35.8,0.0,60.6,0.0,0.0,0.9,113,1,65,0,2,480172,115952,351948,677896,5717,99878,294,294,35,0,0,5,7,5,2,0,1,0,0,0,0,6,526085,0,5,0,11,1772,214441,5263,0,1,23112,18160,2364,2830,227,206,250,0,9,110,110,112,742,133,1939081,207,2,131,5,351559,351510,125,16,2,4,8,524108,336278,7,8,219,22,14,0,3,0,107,658150,325,0,75,1,0,0,4,0,0,4,1,0,0,1
8714.76,1662569560378,5.023491918,1,2.6,33.0,0.0,64.0,0.0,0.0,0.3,113,1,65,0,2,481012,115104,351956,678744,5886,98606,56,56,35,0,0,5,7,5,2,0,1,0,0,0,0,8,523773,0,7,1,10,2850,221688,5436,0,1,23111,18113,5967,6119,1267,109,1302,63,8,104,104,109,2475,942,1953704,205,11,129,45,344816,344755,126,13,11,13,25,521740,327523,14,18,230,29,25,0,13,0,102,647063,343,0,77,1,0,0,29,0,0,29,1,1,1,2
8719.78,1662569567196,5.015766210,1,1.7,31.2,0.0,66.8,0.0,0.0,0.3,113,1,65,0,2,480936,115188,351948,678660,6040,97650,84,84,35,0,0,5,7,5,2,0,1,0,0,0,0,7,508164,0,11,0,11,1301,202657,5082,0,1,22866,17874,3977,4552,885,221,918,0,9,104,104,111,1600,687,1864087,203,7,129,44,346217,346166,127,15,7,8,16,506288,330544,10,13,233,31,26,0,8,0,100,619373,329,0,75,1,0,0,21,0,0,21,1,0,0,1
8724.8,1662569574002,5.017476197,1,2.8,35.8,0.0,61.1,0.0,0.0,0.3,113,1,65,0,2,480996,115128,351948,678720,6073,99878,294,294,35,0,0,5,7,5,2,0,1,0,0,0,0,2,541546,0,4,0,10,2757,230053,5399,0,1,23107,18158,2366,2832,221,17,249,0,8,109,109,113,742,132,1979145,207,3,130,5,351367,351315,123,13,2,3,8,539219,336051,7,8,218,24,14,0,3,0,107,690849,311,0,71,1,0,0,5,1,4,9,1,0,0,1
8729.82,1662569581336,5.015952672,1,2.1,38.5,0.0,58.9,0.0,0.0,0.6,113,1,65,0,2,480028,116084,351960,677764,5915,99649,84,84,35,0,0,5,7,5,2,0,1,0,0,0,0,3,496984,0,9,1,10,2912,192498,5241,0,1,22960,18023,3056,3501,450,87,472,0,9,106,106,112,878,258,1774867,207,4,130,6,344298,344246,129,16,4,5,13,494956,329402,10,11,228,26,15,0,5,0,102,606091,333,0,78,1,0,0,11,0,0,11,1,0,0,1
8734.84,1662569588127,5.015555075,1,1.8,37.3,0.0,60.9,0.0,0.0,0.0,113,1,65,0,2,480748,115356,351968,678492,5799,99608,84,84,35,0,0,7,9,7,2,0,1,0,0,0,0,10,536481,0,7,1,10,932,229372,5489,0,1,23202,18186,6031,6373,1261,234,1283,126,9,101,101,106,2468,918,1989556,199,11,129,44,349028,348966,125,16,11,10,26,534471,331640,14,18,224,32,24,0,13,0,99,653028,332,0,76,1,0,0,27,0,2,29,1,0,0,1
8739.86,1662569594945,5.016443560,1,20.7,32.8,0.0,45.5,0.0,0.0,1.0,113,1,65,0,2,480736,115376,351960,678472,8017,102476,266,266,35,0,0,5,7,5,2,1,1,0,0,0,0,12,488503,0,15,0,10,2477,191566,5738,0,1,24471,19070,11609,12097,2303,407,2327,252,9,125,124,122,5326,1760,1742637,237,19,130,8,346029,345965,140,16,19,25,37,486584,323453,17,30,255,31,36,5,25,1,112,596904,356,0,76,1,0,0,39,0,0,39,1,1,1,2
8744.88,1662569601781,5.016586790,1,3.1,34.6,0.0,61.9,0.0,0.0,0.3,113,1,65,0,2,481596,114512,351964,679336,5880,98814,84,84,35,0,0,5,7,5,2,4,1,0,0,0,0,10,526051,0,5,1,10,3025,221123,5380,0,1,23285,18138,3620,3757,592,164,618,63,132,105,105,107,1119,349,1957489,205,8,133,5,345728,345671,193,16,8,9,17,523965,329764,12,17,365,24,128,0,10,0,101,654564,475,0,126,1,0,0,7,0,0,7,1,0,0,1
8749.9,1662569608604,5.015545188,1,2.8,36.4,0.0,60.7,0.0,0.0,0.0,113,1,65,0,2,481360,114740,351972,679108,5595,93139,56,56,35,0,0,5,9,5,4,0,2,0,0,0,0,14,523473,0,5,0,17,560,218004,5423,0,1,22030,17279,6017,6179,1272,423,1292,252,13,98,98,102,2477,913,1939304,193,11,123,44,345909,345852,124,18,11,13,25,521546,329180,14,18,214,34,24,0,13,0,94,626856,342,0,86,1,2,6,26,1,4,30,1,1,0,2
8754.92,1662569615357,5.016434663,1,18.0,34.3,0.0,47.7,0.0,0.0,0.0,113,1,65,0,2,481252,114848,351972,678996,5852,99991,294,294,35,0,0,8,11,7,3,2,2,0,0,0,0,7,494896,0,5,0,14,801,194659,5275,2,1,23262,18294,2645,2804,240,80,268,0,11,111,111,113,746,134,1733089,209,2,130,6,340791,340742,128,17,2,4,8,492898,325203,7,8,225,32,19,0,3,0,107,617984,316,0,79,1,1,0,8,0,2,10,1,1,1,2
8759.94,1662569622152,5.016018575,1,3.3,34.9,0.0,61.9,0.0,0.0,0.0,113,1,65,0,2,480992,115100,351980,678740,5816,99686,84,84,35,0,0,5,7,5,2,0,1,0,0,0,0,2,544156,0,4,1,10,1386,232332,5490,0,1,22901,17958,2943,3416,444,87,464,63,9,103,103,105,871,264,2001019,203,4,130,5,351066,351018,123,15,4,5,13,542008,336342,10,11,215,23,12,0,5,0,101,692984,298,0,70,1,0,0,9,0,0,9,1,0,0,1
8764.96,1662569629006,5.017078047,1,1.6,36.0,0.0,62.5,0.0,0.0,0.0,113,1,65,0,2,481272,114816,351984,679032,5608,98382,84,84,35,0,0,5,7,5,2,0,1,0,0,0,0,8,527976,0,4,1,10,2850,223597,5242,0,1,23076,18090,6021,6322,1281,360,1307,126,8,102,102,102,2473,935,1961702,201,12,128,44,347077,347022,124,13,11,13,25,526039,329738,14,18,223,32,25,0,13,0,98,645967,335,0,78,1,0,0,27,0,0,27,1,1,1,2
8769.99,1662569635849,5.026251198,1,3.3,34.3,0.0,62.4,0.0,0.0,0.0,113,1,65,0,2,479964,116128,351980,677720,5886,100069,294,294,35,0,0,5,7,5,2,0,1,0,0,0,0,10,530135,0,5,1,11,534,225329,5404,0,1,23253,18286,3878,4058,695,151,451,63,9,112,112,112,1521,505,1931937,211,5,130,17,346826,346786,131,15,5,5,13,528065,330066,8,9,235,33,28,0,6,0,104,661732,324,0,72,1,0,0,6,0,0,6,1,0,0,1
8775.01,1662569642697,5.016090459,1,4.0,28.6,0.0,67.3,0.0,0.0,0.0,112,1,64,0,2,480752,115328,351992,678520,5999,99347,56,56,35,0,0,5,9,5,4,0,2,0,0,0,0,5,556103,0,7,1,17,2873,247117,5462,0,1,22845,17921,2945,3095,435,87,461,63,13,102,102,109,876,272,2079609,201,4,131,5,349124,349075,124,17,4,5,12,554043,334440,10,11,217,25,12,0,5,0,99,697920,332,0,81,1,2,6,8,1,4,12,1,1,0,2
8780.02,1662569649441,5.014136104,1,6.7,37.1,0.0,55.8,0.0,0.0,0.4,113,1,65,0,2,480800,115280,351992,678568,8103,104151,84,84,35,0,0,5,8,5,3,9,2,0,0,0,0,13,490616,0,19,0,13,1486,190711,5984,2,1,23994,18946,15807,15433,3505,1006,3464,882,10,118,118,117,7251,2636,1799212,233,32,128,46,349040,348988,142,16,32,38,58,489460,325296,22,41,258,38,39,5,38,1,104,555396,378,0,81,1,1,0,62,0,0,62,1,1,1,2
8785.04,1662569656599,5.016076871,1,4.7,32.6,0.0,62.1,0.0,0.0,0.6,113,1,65,0,2,481604,114476,351992,679372,5600,99304,56,56,35,0,0,7,9,7,2,0,1,0,0,0,0,1,483436,0,4,0,11,557,195991,5296,0,1,22945,17936,4028,4195,892,284,915,126,9,102,102,104,1616,683,1792857,201,7,129,45,329281,329233,126,16,7,8,16,481501,313531,10,13,221,34,25,0,8,0,100,587863,339,0,75,1,0,0,22,0,2,24,1,0,0,1
8790.06,1662569663451,5.015920209,1,6.5,33.0,0.0,60.4,0.0,0.0,0.0,113,1,65,0,2,481276,114808,351988,679040,5453,97261,84,84,35,0,0,5,7,5,2,0,1,0,0,0,0,2,560392,0,5,1,9,3059,248234,5555,0,1,23061,17960,3101,3574,446,92,476,0,154,102,102,104,872,259,2094602,199,4,132,5,353096,353048,201,14,4,5,13,558468,337845,11,12,359,24,115,0,5,0,99,716935,487,0,128,1,0,0,10,0,0,10,1,1,1,2
8795.08,1662569670247,5.018453991,1,8.0,36.5,0.0,55.5,0.0,0.0,0.0,113,1,65,0,2,480620,115452,352000,678388,5401,94393,56,56,35,0,0,5,7,5,2,0,1,0,0,0,0,6,485674,0,4,1,10,739,187836,5238,0,1,22173,17362,5826,5980,1252,234,1269,189,9,98,98,100,2474,924,1775438,192,11,125,44,338547,338490,118,16,11,13,26,483654,321815,14,18,212,25,21,0,13,0,96,579110,311,0,78,1,0,0,26,0,0,26,1,0,0,1
8800.1,1662569677080,5.017047652,1,6.2,32.4,0.0,61.0,0.0,0.0,0.3,113,1,65,0,2,480004,116064,352004,677780,6020,98797,84,84,35,0,0,5,9,5,4,0,2,0,0,0,0,8,489797,0,4,1,17,557,190153,5301,0,1,23066,18041,4152,4649,897,222,919,63,13,108,108,108,1617,684,1731080,211,7,130,46,340419,340365,133,18,7,8,16,487903,324549,10,13,235,37,30,0,8,0,104,600148,341,0,87,1,2,6,22,1,4,26,1,1,0,2
8805.12,1662569683871,5.017518797,1,3.7,31.0,0.0,65.0,0.0,0.0,0.3,113,1,65,0,2,480696,115372,352004,678472,5597,99425,84,84,35,0,0,5,9,5,3,2,2,0,0,0,0,6,557427,0,4,1,14,2852,247912,5208,2,1,22698,17788,2226,2924,259,12,339,0,11,103,103,104,370,108,2098077,201,1,129,5,347747,347675,124,17,1,4,9,554880,333636,8,9,214,22,12,0,1,0,100,720970,313,0,74,1,1,0,11,0,0,11,1,1,1,2
8810.22,1662569690674,5.098168129,1,5.3,36.0,0.0,58.3,0.0,0.0,0.4,113,1,65,0,2,480692,115372,352008,678472,5499,99397,56,56,35,0,0,7,9,7,2,0,1,0,0,0,0,6,552912,0,5,0,11,2900,245407,5480,0,1,23210,18174,4731,5702,908,226,1169,189,9,105,105,104,1820,615,2065694,208,10,131,33,349669,349614,125,15,9,11,19,551148,333497,13,17,222,23,13,0,10,0,99,696817,336,0,79,1,0,0,27,0,2,29,1,0,0,1
8815.24,1662569697623,5.016555999,1,5.8,31.6,0.0,62.0,0.0,0.0,0.6,113,1,65,0,2,481540,114520,352012,679328,8122,101206,84,84,35,0,0,5,7,5,2,0,1,0,0,0,0,24,504188,0,21,0,9,2616,209922,5884,0,1,24295,18851,13318,13503,2946,354,2965,378,8,120,120,124,6192,2288,1851168,235,24,129,48,342276,342203,141,14,24,30,47,502234,319161,20,35,269,44,46,5,30,1,108,594608,376,0,75,1,0,0,59,0,0,59,1,1,1,2
8820.26,1662569704458,5.016322775,1,7.7,33.8,0.0,58.2,0.0,0.0,0.3,114,3,66,0,1,480508,115560,352004,678288,5649,98304,56,56,35,0,0,5,7,5,2,0,1,0,0,0,0,4,539397,0,6,1,10,2864,236539,5099,0,1,22536,17628,864,1016,53,10,78,0,9,102,102,106,6,6,2003429,201,0,130,5,341226,341182,125,16,0,0,3,537526,328359,6,6,215,22,13,0,0,0,100,701711,297,0,72,1,0,0,3,0,0,3,1,0,0,1
8825.28,1662569711528,5.016556942,1,2.4,40.9,0.0,56.7,0.0,0.0,0.0,113,1,65,0,2,480792,115272,352008,678576,5999,99878,294,294,35,0,0,5,9,5,4,0,2,0,0,0,0,4,488477,0,10,0,17,1562,188519,5454,0,1,23331,18390,4451,4608,607,30,635,126,13,110,110,116,1587,385,1792931,207,6,130,5,341682,341629,127,18,6,8,17,486451,324767,11,13,225,23,15,0,8,0,106,585405,336,0,80,1,2,6,12,1,4,16,1,1,0,2
8830.3,1662569718357,5.018176618,1,4.8,41.3,0.0,53.7,0.0,0.0,0.3,113,1,65,0,2,480272,115792,352008,678056,6209,100048,56,56,35,0,0,5,7,5,2,0,1,0,0,0,0,7,487503,0,6,1,10,629,186660,5185,0,1,23068,18044,4159,4321,897,95,924,126,9,108,108,111,1592,692,1743280,213,7,130,46,341384,341333,132,15,7,8,17,485791,325421,10,13,240,38,32,0,8,0,105,595563,334,0,76,1,0,0,22,0,0,22,1,0,0,1
8835.33,1662569725211,5.029477717,1,21.0,30.6,0.0,46.8,0.0,0.0,1.6,113,1,65,0,2,480540,115520,352012,678328,5609,99608,84,84,35,0,0,7,9,7,2,0,1,0,0,0,0,3,512065,0,4,0,12,637,203698,5334,0,1,22776,17809,1095,1247,69,10,95,0,87,103,103,104,4,5,1817345,201,0,132,5,346394,346345,166,15,0,0,3,509903,333185,7,7,253,28,27,0,0,0,100,653032,395,0,98,1,0,0,3,0,2,5,1,0,0,1
8840.35,1662569732020,5.016306953,1,6.3,32.2,0.0,61.5,0.0,0.0,0.0,113,1,65,0,2,480296,115756,352020,678092,5901,99928,294,294,35,0,0,5,7,5,2,0,1,0,0,0,0,8,513798,0,5,0,10,2511,203911,5294,0,1,23424,18457,4437,4633,616,157,644,0,8,111,111,112,1602,386,1835713,209,6,131,5,351614,351554,124,13,6,8,17,511532,334428,11,13,221,22,16,0,8,0,106,629593,325,0,73,1,0,0,12,0,0,12,1,1,1,2
8845.37,1662569738859,5.016160811,1,3.7,35.2,0.0,61.1,0.0,0.0,0.0,113,1,65,0,2,481328,114716,352028,679132,5916,96633,56,56,35,0,0,5,7,5,2,0,1,0,0,0,0,7,499589,0,6,1,11,528,200733,5228,0,1,22968,17956,4149,4665,896,221,929,63,9,105,105,110,1608,690,1834627,207,7,129,46,339540,339489,125,16,7,8,16,497506,323626,10,13,234,38,30,0,8,0,103,597592,313,0,79,1,0,0,22,0,0,22,1,0,0,1
8850.49,1662569745682,5.118676927,1,6.0,29.2,0.0,64.8,0.0,0.0,0.0,112,1,64,0,2,480508,115536,352028,678312,5713,101433,84,84,35,0,0,5,9,5,4,0,2,0,0,0,0,2,496861,0,5,0,16,2947,194146,5076,0,1,23077,18049,2281,2535,504,81,275,0,13,101,101,104,780,389,1750483,198,3,132,16,346044,345997,126,18,3,2,10,494791,331455,7,7,219,31,23,0,3,0,99,630287,317,0,84,1,2,6,4,1,4,8,1,1,0,2
8855.5,1662569752546,5.013970058,1,3.7,38.2,0.0,57.8,0.0,0.0,0.3,113,1,65,0,2,480660,115388,352024,678460,14531,211700,350,350,35,0,0,1,2,0,1,5,1,0,0,0,0,10,524664,0,15,0,8,3402,215822,5674,2,0,23810,18941,11017,10802,2454,654,2347,504,7,120,120,119,4777,1919,1944567,236,18,130,48,356374,356334,142,14,17,29,41,524445,335609,18,29,264,44,46,5,22,1,107,623292,378,0,75,1,1,0,52,0,0,45,1,1,1,2
8860.52,1662569764967,5.015048541,1,20.4,33.7,0.0,44.0,0.0,0.0,1.9,113,1,65,0,2,480760,115288,352024,678560,5660,98382,56,56,35,0,0,5,7,5,2,0,1,0,0,0,0,0,509171,0,4,1,10,638,194879,5190,0,1,22632,17696,865,1019,52,9,78,0,9,104,104,106,5,6,1772688,205,0,130,5,351832,351789,123,16,0,0,3,507230,338929,6,6,217,22,14,0,0,0,101,642188,302,0,67,1,0,0,2,0,0,2,1,1,1,2
8865.54,1662569771725,5.015997025,1,5.0,32.1,0.0,62.9,0.0,0.0,0.0,113,1,65,0,2,480848,115184,352040,678664,5763,97842,294,294,35,0,0,5,7,5,2,0,1,0,0,0,0,9,506498,0,6,1,12,2907,202623,5381,0,1,23399,18433,4449,4594,603,94,617,126,9,111,111,113,1592,371,1789793,209,6,129,5,348126,348077,126,16,6,8,17,504589,331084,11,13,223,23,15,0,8,0,107,614103,325,0,76,1,0,0,13,0,0,13,1,0,0,1
8870.56,1662569778526,5.015612656,1,5.9,28.9,0.0,64.5,0.0,0.0,0.7,113,1,65,0,2,480832,115208,352032,678640,5893,98849,56,56,35,0,0,5,7,5,2,0,1,0,0,0,0,4,516460,0,7,0,10,2864,215111,5254,0,1,22845,17859,4149,4317,898,284,930,126,9,106,105,109,1602,685,1913204,207,7,128,46,344029,343981,125,15,7,8,16,514275,328158,10,13,235,38,30,0,8,0,102,638176,330,0,76,1,0,0,22,0,0,22,1,0,0,1
8875.58,1662569785362,5.018620497,1,17.7,35.9,0.0,46.1,0.0,0.0,0.3,113,1,65,0,2,480912,115116,352044,678732,6574,102102,3972,3972,35,0,0,5,7,5,2,0,1,0,0,0,0,1,492339,0,6,1,11,2890,192595,5285,0,1,22854,17898,1352,1949,129,14,287,0,9,128,129,131,174,48,1750895,219,1,130,5,338049,337998,135,15,1,1,6,490218,324476,7,7,238,32,28,7,1,2,121,607036,344,0,69,1,0,0,4,1,4,8,1,0,0,1
8880.6,1662569792200,5.015639380,1,2.2,35.7,0.0,62.1,0.0,0.0,0.0,113,1,65,0,2,480564,115472,352036,678376,5821,98053,294,294,35,0,0,5,7,5,2,4,1,0,0,0,0,2,553186,0,4,0,10,3038,243801,5553,0,1,23699,18557,5103,5628,763,234,784,189,132,109,109,110,1835,462,2049857,207,10,132,5,352107,352041,193,16,10,12,21,550963,333933,12,18,363,24,129,0,12,0,106,678603,495,0,122,1,0,0,11,0,0,11,1,0,0,1
8885.62,1662569799034,5.015203918,1,3.6,31.0,0.0,65.4,0.0,0.0,0.0,113,1,65,0,2,480772,115264,352036,678584,5882,97754,56,56,35,0,0,7,11,7,4,2,2,0,0,0,0,7,481871,0,4,0,16,2869,185874,5454,2,1,22871,17884,4163,4329,895,95,936,63,13,106,106,107,1599,693,1731997,209,7,129,46,337572,337522,128,18,7,8,16,480174,321721,10,13,234,38,30,0,8,0,103,576425,326,0,82,1,1,0,23,0,2,25,1,1,1,2
8891,1662569805857,5.378741554,1,3.8,33.2,0.0,63.0,0.0,0.0,0.0,113,1,65,0,2,480832,115196,352044,678652,8086,106269,84,84,35,0,0,5,7,5,2,1,1,0,0,0,0,14,519274,0,16,0,11,4010,203532,5989,0,1,26021,20267,15021,15056,3295,1066,3252,756,9,126,126,123,6876,2510,1916481,244,27,137,47,371366,371292,148,16,27,29,54,517877,346040,24,39,273,42,43,5,34,1,112,602822,387,0,80,1,0,0,61,0,0,61,1,0,0,1
8896.03,1662569813032,5.028591513,1,3.2,32.3,0.0,64.5,0.0,0.0,0.0,113,1,65,0,2,480912,115124,352036,678724,5815,99928,266,266,35,0,0,5,7,5,2,0,1,0,0,0,0,7,513863,0,5,0,10,2908,203084,5251,0,1,23429,18463,4461,4901,609,157,634,0,8,110,110,112,1609,385,1815554,209,6,130,5,352882,352831,124,13,6,8,16,511796,335860,11,13,222,23,15,0,8,0,107,626298,326,0,74,1,0,0,10,0,0,10,1,0,0,1
8901.05,1662569819897,5.018389263,1,1.0,30.8,0.0,68.2,0.0,0.0,0.0,113,1,65,0,2,481116,114904,352052,678944,6258,98684,84,84,35,0,0,5,7,5,2,0,1,0,0,0,0,9,491768,0,5,1,10,2085,194763,5296,0,1,22935,17929,4080,4246,886,347,908,126,9,106,106,110,1592,680,1812999,207,7,129,45,337515,337463,125,15,7,8,17,489804,321653,10,13,230,37,27,0,8,0,103,592830,314,0,71,1,0,0,19,1,4,23,1,0,0,1
8906.07,1662569826668,5.016070433,1,3.0,31.6,0.0,65.4,0.0,0.0,0.0,113,1,65,0,2,481164,114856,352052,678992,5453,97261,56,56,35,0,0,7,11,7,4,4,2,0,0,0,0,8,532651,0,4,0,16,532,230943,5341,2,1,23069,18086,6029,6185,1272,298,1292,63,12,101,101,102,2468,930,1994778,199,11,129,44,343600,343548,125,15,11,13,25,530522,326254,13,17,219,32,24,0,12,0,98,670923,329,0,84,3,5,4,25,1,6,31,1,3,2,2
8911.09,1662569833450,5.017132301,1,3.2,34.0,0.0,62.8,0.0,0.0,0.0,113,1,65,0,2,480944,115084,352044,678764,5706,99878,294,294,35,0,0,5,7,5,2,0,1,0,0,0,0,5,526667,0,4,0,10,1276,219924,5171,0,1,23367,18420,4439,4901,608,157,640,0,9,110,110,111,1604,380,1950638,207,6,130,5,348202,348150,129,15,6,8,16,524736,331274,11,13,218,22,15,0,8,0,106,632178,350,0,78,1,0,0,12,0,0,12,1,0,0,1
8916.11,1662569840286,5.016957670,1,4.2,30.7,0.0,63.8,0.0,0.0,1.3,112,1,65,0,2,481204,114824,352044,679024,5632,94745,84,84,35,0,0,5,7,5,2,0,1,0,0,0,0,4,530557,0,6,1,11,2760,234604,5216,0,1,21786,17012,3871,4054,879,94,910,189,9,100,100,104,1596,681,1980291,197,7,124,45,339704,339654,120,15,7,9,17,528574,324696,10,13,220,28,24,0,8,0,98,675022,324,0,75,1,0,0,18,0,0,18,1,0,0,1
8921.13,1662569847109,5.016834237,1,1.5,41.1,0.0,57.2,0.0,0.0,0.3,112,1,65,0,2,480636,115376,352060,678468,5123,88917,84,84,35,0,0,5,7,5,2,0,1,0,0,0,0,12,505456,0,4,0,11,2613,198906,4993,0,1,20662,16144,3917,4395,882,219,901,63,9,92,92,94,1602,680,1818385,181,7,119,44,344944,344892,112,15,7,8,16,503635,330345,10,13,202,31,23,0,8,0,90,622495,294,0,70,1,0,0,26,0,0,26,1,0,0,1
8926.15,1662569853970,5.017045643,1,2.8,30.5,0.0,65.7,0.0,0.0,0.9,111,1,64,0,2,480328,115692,352052,678152,6573,99729,1322,1322,35,0,0,7,13,7,6,10,3,0,0,0,0,6,532633,0,19,0,23,761,224207,5789,3,1,23976,18732,5212,5359,765,236,785,63,134,134,134,140,1855,469,1983646,219,10,133,5,351589,351529,204,20,10,13,22,530585,333078,15,21,404,26,172,22,14,4,121,631249,551,0,145,3,3,6,11,1,6,17,1,3,2,3
8931.17,1662569860740,5.022663670,1,2.6,30.4,0.0,66.7,0.0,0.0,0.3,112,1,65,0,2,481304,114716,352052,679128,11690,164720,112,112,35,0,0,0,1,0,1,1,1,0,0,0,0,19,540803,0,15,0,8,3323,223969,5445,0,0,23862,18947,10675,11398,2263,713,2197,441,7,118,118,116,4845,1689,1975955,233,21,131,7,362808,362769,140,14,21,26,39,539995,341984,18,29,246,29,28,5,18,1,105,669063,347,0,76,3,1,1,39,0,0,39,1,2,1,3
8936.19,1662569871515,5.016818205,1,2.6,37.7,0.0,59.7,0.0,0.0,0.0,113,1,65,0,2,480140,115872,352060,677972,5815,99928,294,294,35,0,0,5,8,5,3,0,2,0,0,0,0,6,542952,0,6,0,12,548,233871,5325,2,1,23114,18166,2388,2536,220,17,247,0,11,111,111,113,725,135,2012902,209,2,130,5,349390,349346,126,16,2,4,8,540925,334109,7,8,220,22,14,0,4,0,106,689263,313,0,72,3,3,2,4,1,4,8,1,3,2,3
8941.23,1662569878376,5.038936135,1,2.2,34.3,0.0,63.2,0.0,0.0,0.3,113,1,65,0,2,480864,115156,352052,678688,5779,98641,56,56,35,0,0,7,11,7,4,4,2,0,0,0,0,8,503927,0,4,0,16,2580,206715,5368,2,1,23051,18023,4211,4345,894,220,914,0,13,105,105,106,1605,679,1864019,207,7,130,46,338634,338578,125,15,7,8,17,501737,322694,10,13,230,38,29,0,8,0,102,610138,333,0,85,3,5,4,21,1,6,27,1,3,2,2
8946.25,1662569885246,5.017054666,1,18.8,37.0,0.0,42.6,0.0,0.0,1.6,113,1,65,0,2,480580,115436,352056,678408,5764,97600,84,84,35,0,0,5,7,5,2,0,1,0,0,0,0,8,535061,0,5,1,10,2897,221568,5366,0,1,22935,18004,3113,3190,462,23,473,0,9,104,104,106,873,257,1964939,203,5,130,5,352512,352458,127,15,4,5,12,532795,337581,10,11,219,30,15,0,5,0,100,675022,321,0,75,1,0,0,9,0,0,9,1,0,0,1
8951.27,1662569892091,5.016278478,1,6.5,34.7,0.0,58.5,0.0,0.0,0.3,113,1,65,0,2,480580,115420,352072,678420,6159,99878,294,294,35,0,0,5,7,5,2,0,1,0,0,0,0,4,484190,0,5,0,10,571,188702,5079,0,1,23091,18140,2377,2532,215,80,241,0,8,110,110,114,723,127,1721339,207,2,131,5,335657,335603,123,14,2,3,8,482064,320376,7,8,217,24,14,0,3,0,106,606892,305,0,69,1,0,0,5,0,0,5,1,0,0,1
8956.29,1662569898928,5.024018308,1,4.1,27.1,0.0,68.5,0.0,0.0,0.3,113,3,63,0,2,481368,114628,352076,679208,5901,98871,56,56,35,0,0,5,7,5,2,4,1,0,0,0,0,7,492075,0,7,0,10,2928,189258,5267,0,1,23134,18088,4630,4797,1041,166,1072,63,9,108,108,110,1842,768,1755023,213,11,130,46,344771,344715,128,16,11,12,20,489920,328307,10,17,238,38,29,0,12,0,103,593336,319,0,78,1,0,0,22,0,0,22,1,0,0,1
8961.4,1662569905726,5.114304222,1,5.9,32.7,0.0,60.1,0.0,0.0,1.3,113,1,65,0,2,480424,115564,352084,678272,5730,100598,84,84,35,0,0,5,9,5,4,0,2,0,0,0,0,11,561680,0,4,0,18,730,248200,5172,0,1,23385,18345,4351,4505,890,158,656,63,13,103,103,105,1635,616,2104728,202,7,133,16,354611,354554,128,18,7,6,19,559290,338231,11,12,224,31,25,0,8,0,100,708820,334,0,90,1,2,6,11,1,4,15,1,1,0,2
8966.42,1662569912732,5.017162282,1,4.1,34.6,0.0,60.3,0.0,0.0,1.0,113,1,65,0,2,481132,114852,352088,678984,7882,102369,266,266,35,0,0,7,11,7,4,2,2,0,0,0,0,20,522346,0,15,1,17,3848,219853,5847,2,1,24727,19325,13634,13501,2670,734,2688,693,13,124,124,121,6176,1995,1930551,236,23,130,7,351670,351595,141,17,23,27,46,520393,327429,21,35,251,29,33,5,30,1,111,628291,383,0,88,3,5,4,46,1,6,52,1,3,2,4
8971.45,1662569919583,5.026430795,1,3.7,36.0,0.0,59.7,0.0,0.0,0.6,113,1,65,0,2,481400,114580,352092,679256,5794,98606,84,84,35,0,0,5,10,5,5,4,2,0,0,0,0,10,531523,0,6,0,18,544,226644,5721,2,1,23082,18041,4590,5079,1028,39,1061,0,15,106,106,108,1843,767,1956598,207,11,129,45,345795,345738,127,17,11,12,21,529318,329449,10,17,236,35,30,0,12,0,102,666746,337,0,91,3,3,6,24,1,4,28,1,3,2,3
8976.47,1662569926406,5.018356339,1,4.1,37.9,0.0,57.6,0.0,0.0,0.3,113,1,65,0,2,481384,114600,352088,679232,5929,94182,56,56,35,0,0,5,8,5,3,0,2,0,0,0,0,13,485708,0,10,0,12,2802,188892,5340,1,1,22024,17274,6037,6204,1266,109,1286,0,10,97,97,107,2477,935,1717231,191,11,124,44,337383,337326,121,16,11,13,26,483633,320606,14,18,221,34,26,0,13,0,95,566776,355,0,81,3,5,4,24,1,4,28,1,3,2,3
8981.49,1662569933234,5.016842865,1,4.4,32.4,0.0,62.0,0.0,0.0,1.2,113,1,65,0,2,480628,115352,352092,678484,6068,100217,294,294,35,0,0,7,11,7,4,1,2,0,0,0,0,2,498243,0,7,0,16,2920,191396,5045,2,1,23461,18491,4458,4937,612,220,641,0,13,112,112,115,1612,383,1818844,208,6,130,5,349557,349506,132,18,6,8,16,496225,332549,11,13,224,23,16,0,8,0,108,595759,332,0,84,3,5,4,13,1,6,19,1,3,2,3
8986.51,1662569940084,5.016293758,1,4.1,28.4,0.0,67.2,0.0,0.0,0.3,113,1,65,0,2,480812,115176,352084,678660,5926,98606,84,84,35,0,0,5,10,5,5,0,2,0,0,0,0,5,529992,0,8,0,16,532,236807,5446,2,1,22918,17918,4081,4593,891,284,920,189,14,105,105,110,1603,679,1994578,205,8,129,45,335054,335006,124,16,7,8,17,528111,319257,10,13,230,35,24,0,8,0,102,667856,325,0,81,3,3,6,22,1,4,26,1,3,2,3
8991.53,1662569946906,5.017806664,1,1.8,39.0,0.0,58.4,0.0,0.0,0.9,113,1,65,0,2,480840,115144,352088,678692,5551,98304,56,56,35,0,0,5,8,5,3,0,2,0,0,0,0,6,495648,0,5,1,15,575,195814,5246,2,1,23172,18160,6026,6186,1261,297,1292,252,11,101,101,104,2462,929,1757265,199,11,130,44,341909,341855,123,17,11,13,25,493777,324526,14,18,222,32,24,0,13,0,99,623130,328,0,87,3,5,4,27,1,4,31,1,3,2,3
8996.55,1662569953714,5.015895903,1,1.9,33.0,0.0,64.2,0.0,0.0,0.9,113,1,65,0,2,479840,116128,352104,677704,5907,99956,294,294,35,0,0,7,10,7,3,1,2,0,0,0,0,7,499034,0,5,1,14,2378,200529,5115,2,1,23412,18448,4463,4609,612,94,638,0,11,111,111,113,1618,377,1766501,209,6,131,5,341063,341010,132,17,6,8,17,497076,324089,11,13,223,22,16,0,8,0,107,609394,333,0,83,3,5,4,12,1,6,18,1,3,2,3
9001.57,1662569960474,5.016667774,1,2.4,26.9,0.0,70.1,0.0,0.0,0.7,112,1,64,0,2,480108,115868,352096,677964,6012,98758,56,56,35,0,0,5,10,5,5,0,2,0,0,0,0,11,485938,0,8,1,17,567,189194,5151,1,1,22766,17787,3897,4393,874,157,902,126,15,106,106,109,1597,683,1780688,209,7,129,45,337151,337098,128,17,7,8,17,483895,321633,10,13,233,30,24,0,8,0,100,595013,323,0,80,3,3,6,20,1,4,24,1,3,2,3
9006.58,1662569967249,5.013369004,1,2.8,36.5,0.0,59.6,0.0,0.0,1.1,113,1,65,0,2,480344,115616,352112,678216,7982,107315,84,84,35,0,0,7,11,7,3,5,2,0,0,0,0,21,493180,0,16,0,13,1996,193490,5579,2,1,24198,19101,15287,14923,3358,871,3334,441,11,118,118,114,7067,2571,1784950,231,28,129,46,349083,348558,139,17,28,34,54,492071,325200,22,37,257,38,41,5,31,1,102,587149,351,0,82,3,5,4,62,1,6,68,1,3,2,3
9011.6,1662569974358,5.017963653,1,7.0,31.8,0.0,60.6,0.0,0.0,0.6,114,4,66,0,1,480548,115416,352108,678420,6059,99287,294,294,35,0,0,5,10,5,5,0,2,0,0,0,0,5,531952,0,4,0,17,2891,231853,5322,2,1,23443,18485,4528,5047,608,219,638,63,14,111,111,113,1610,381,1956794,209,6,131,6,342147,342099,130,15,6,8,17,530121,325124,11,13,222,26,18,0,8,0,109,677241,341,0,88,3,3,6,11,1,4,15,1,3,2,3
9016.62,1662569981519,5.015807165,1,3.7,34.8,0.0,61.2,0.0,0.0,0.3,113,1,65,0,2,480496,115476,352100,678360,5696,99649,84,84,35,0,0,5,8,5,3,6,2,0,0,0,0,3,559185,0,5,0,13,588,245597,5408,1,1,23041,17891,1671,2136,214,88,241,0,143,105,105,107,249,100,2083517,205,4,133,6,352449,352401,197,15,4,4,7,557049,338086,7,11,375,27,136,0,4,0,102,715463,490,0,131,3,5,4,3,1,4,7,1,3,2,3
9021.64,1662569988289,5.017084916,1,1.3,33.2,0.0,64.2,0.0,0.0,1.3,113,1,65,0,2,481084,114888,352100,678948,5758,97650,84,84,35,0,0,7,10,7,3,1,2,0,0,0,0,7,504558,0,5,0,14,2897,204959,5318,2,1,22974,17996,4962,5431,996,34,1128,0,11,102,102,104,1828,741,1847057,201,8,128,44,341321,341245,124,17,8,11,22,502142,324798,12,16,224,32,25,0,9,0,99,626205,332,0,83,3,5,4,27,1,6,33,1,3,2,3
9026.66,1662569995130,5.016010449,1,21.2,36.1,0.0,42.7,0.0,0.0,0.0,113,1,65,0,2,481304,114668,352100,679168,6030,98948,266,266,35,0,0,5,10,5,5,0,2,0,0,0,0,5,551156,0,8,0,16,2888,239879,5510,2,1,23409,18459,4531,5010,611,94,636,0,14,110,110,115,1617,378,2057556,209,6,130,6,353503,353480,130,16,6,8,16,549230,336486,11,13,228,25,20,0,8,0,107,677458,360,0,89,3,3,6,11,1,4,15,1,3,2,3
9031.68,1662570001928,5.017023776,1,2.8,37.5,0.0,58.4,0.0,0.0,1.3,113,2,64,0,2,481272,114700,352100,679136,5991,99853,84,84,35,0,0,5,8,5,3,0,2,0,0,0,0,3,495087,0,12,0,14,1367,192589,5367,2,1,22723,17783,999,1158,59,10,85,0,11,108,108,113,6,5,1814175,211,0,131,6,340320,340280,133,18,0,0,4,493304,327362,6,6,224,21,11,0,0,0,100,611609,319,0,77,3,5,4,2,1,4,6,1,3,2,3
9036.7,1662570008754,5.016648575,1,3.5,32.7,0.0,63.8,0.0,0.0,0.0,113,1,65,0,2,480296,115676,352100,678160,5499,98226,56,56,35,0,0,7,11,7,4,1,2,0,0,0,0,8,488385,0,4,0,15,1119,190461,5410,2,1,22875,17867,3962,4130,877,94,902,63,12,101,101,103,1596,681,1762328,196,7,130,44,338453,338404,120,16,7,8,16,486371,322781,10,13,219,31,23,0,8,0,98,589629,307,0,81,3,5,4,20,1,6,26,1,3,2,3
9041.72,1662570015576,5.015340567,1,6.7,29.7,0.0,63.2,0.0,0.0,0.4,113,1,65,0,2,481148,114824,352100,679016,7913,100396,294,294,35,0,0,5,10,5,5,0,2,0,0,0,0,22,510320,0,16,1,17,3891,200497,5950,2,1,24858,19439,13870,14034,2673,351,2706,315,15,126,126,123,6187,1988,1850274,237,23,130,8,359632,359560,142,17,23,30,46,508406,335141,21,35,257,39,37,5,30,1,112,582843,384,0,90,3,3,6,48,1,4,52,1,3,2,3
9046.74,1662570022945,5.016609934,1,3.3,34.5,0.0,62.2,0.0,0.0,0.0,113,1,65,0,2,481076,114892,352104,678948,5683,100648,56,56,35,0,0,5,7,5,2,0,1,0,0,0,0,5,530166,0,5,1,11,1788,214728,5213,0,1,22614,17687,865,1020,52,10,77,0,9,105,105,106,4,5,1904205,207,0,130,5,352696,352647,125,16,0,0,3,527962,339682,6,6,219,22,11,0,0,0,101,681253,297,0,68,1,0,0,3,0,0,3,1,0,0,1
9051.76,1662570029783,5.020230790,1,3.6,37.8,0.0,58.0,0.0,0.0,0.6,113,1,65,0,2,480552,115388,352132,678436,5453,98226,84,84,35,0,0,5,7,5,2,0,1,0,0,0,0,5,539933,0,5,1,11,2897,238002,5348,0,1,22838,17842,3946,4422,884,157,911,126,9,102,102,104,1602,680,2014614,199,7,129,44,343181,343130,121,16,7,8,17,537892,327495,10,13,218,31,20,0,8,0,98,687895,320,0,74,1,0,0,22,0,0,22,1,0,0,1
9056.78,1662570036594,5.017013634,1,5.2,34.4,0.0,60.1,0.0,0.0,0.3,113,1,65,0,2,481368,114584,352120,679252,5847,97905,161,161,35,0,0,5,7,5,2,0,1,0,0,0,0,7,508424,0,4,1,11,1026,210803,5395,0,1,23208,18195,6110,6622,1277,171,1303,126,9,104,104,106,2486,932,1844222,205,11,129,45,340101,340044,128,16,11,15,25,506405,322576,14,18,228,35,27,0,13,0,102,622733,342,0,77,1,0,0,28,0,0,28,1,0,0,1
9061.8,1662570043405,5.017246083,1,3.6,35.7,0.0,60.4,0.0,0.0,0.3,113,1,65,0,2,480868,115076,352128,678760,5649,98643,84,84,35,0,0,5,7,5,2,4,1,0,0,0,0,3,548946,0,4,0,11,2918,235907,5320,0,1,23041,17881,1580,2077,207,152,232,0,165,104,104,104,247,100,2027145,203,4,133,5,352010,351960,213,16,4,4,7,546860,337650,9,13,392,22,154,0,5,0,100,700828,509,0,140,1,0,0,3,0,0,3,1,0,0,1
9066.82,1662570050217,5.017672801,1,3.9,42.8,0.0,52.6,0.0,0.0,0.7,114,1,65,0,2,480596,115356,352120,678480,5758,97650,84,84,35,0,0,5,7,5,2,0,1,0,0,0,0,7,476537,0,5,0,10,2891,188240,5295,0,1,22792,17808,3964,4133,874,283,902,252,8,103,103,105,1599,679,1745064,203,7,129,43,332520,332457,120,13,7,8,17,474787,316931,10,13,218,23,21,0,8,0,98,587822,300,0,71,1,4,4,21,1,4,25,1,1,0,2
9071.84,1662570057024,5.015788496,1,2.5,35.4,0.0,61.5,0.0,0.0,0.6,114,2,65,0,2,480352,115588,352132,678244,5571,94547,56,56,35,0,0,8,19,8,11,0,2,0,0,0,0,10,502930,0,4,0,30,2416,208444,5400,2,1,22266,17469,6235,6695,1277,171,1316,126,27,101,101,103,2482,931,1833876,199,11,124,46,337485,337429,123,17,11,14,25,500943,320407,14,18,225,39,30,0,13,0,98,609921,340,0,101,3,2,7,26,1,7,33,1,3,2,2
9076.87,1662570063831,5.034599686,1,3.9,31.4,0.0,64.7,0.0,0.0,0.0,113,1,64,0,2,480416,115528,352128,678308,5752,98382,84,84,35,0,0,5,7,5,2,0,1,0,0,0,0,3,557912,0,7,1,10,1630,243010,4987,0,1,22688,17744,905,1420,54,10,79,0,8,105,105,108,5,5,2062866,205,0,131,5,352452,352414,126,13,0,0,4,555802,339535,6,6,217,22,11,0,0,0,101,722270,303,0,69,1,0,0,3,1,4,7,1,0,0,1
9081.88,1662570070631,5.014320497,1,2.3,29.7,0.0,68.0,0.0,0.0,0.0,114,1,65,0,2,481012,114940,352120,678900,14713,206261,350,350,35,0,0,0,3,0,3,1,1,0,0,0,0,13,506329,0,17,0,11,1097,196470,5899,0,0,24053,19179,12902,12794,2831,604,2686,567,10,117,117,118,5694,2168,1797133,231,22,130,47,358274,358229,137,11,21,30,49,505732,335952,22,33,259,41,43,5,26,1,105,600837,383,0,79,3,2,6,55,0,0,55,1,2,1,3
9086.9,1662570083119,5.015731477,1,2.3,39.3,0.0,58.1,0.0,0.0,0.3,114,2,64,0,2,480036,115916,352120,677924,5683,99605,56,56,35,0,0,7,10,7,3,1,2,0,0,0,0,1,499589,0,5,0,13,594,193771,5126,2,1,22696,17748,874,1032,51,10,78,0,11,105,105,106,3,12,1766394,207,0,131,5,343768,343727,129,15,0,0,3,497628,330800,6,6,219,22,11,0,0,0,101,635793,314,0,79,3,3,2,3,1,6,9,1,3,2,3
9091.92,1662570089933,5.016085955,1,3.8,34.8,0.0,61.1,0.0,0.0,0.3,114,1,65,0,2,480744,115208,352120,678632,6241,102180,3972,3972,35,0,0,5,10,5,5,0,2,0,0,0,0,10,482262,0,5,0,18,551,186853,5379,2,1,23005,17984,4261,4874,954,99,1113,63,15,128,129,126,1765,727,1750413,219,8,130,44,336800,336772,134,15,8,9,20,480949,320962,11,14,241,33,36,7,9,2,119,580459,354,0,85,3,3,6,21,1,4,25,1,3,2,2
9096.94,1662570096713,5.015919813,1,3.2,32.3,0.0,64.2,0.0,0.0,0.3,114,1,65,0,2,480760,115184,352128,678656,5588,99460,56,56,35,0,0,5,7,5,2,0,1,0,0,0,0,10,493005,0,4,0,11,2907,190979,5332,0,1,23224,18205,6107,6261,1284,550,1307,189,9,102,102,104,2494,931,1802553,201,11,130,45,345183,345127,122,15,11,13,25,490959,327638,14,18,224,35,26,0,13,0,100,585009,329,0,71,1,0,0,29,0,0,29,1,0,0,1
9101.96,1662570103500,5.015599037,1,3.2,34.7,0.0,62.1,0.0,0.0,0.0,114,1,65,0,2,480556,115396,352120,678444,5798,99347,84,84,35,0,0,5,7,5,2,0,1,0,0,0,0,3,502641,0,4,1,11,2941,201912,5015,0,1,22844,17759,1034,1185,65,17,89,0,139,103,103,106,4,6,1857091,200,0,133,5,340124,340083,196,16,0,0,3,500675,326662,7,7,344,24,109,0,0,0,99,623162,458,0,123,1,0,0,4,0,0,4,1,0,0,1
9106.98,1662570110331,5.016750801,1,4.6,30.5,0.0,64.2,0.0,0.0,0.7,114,2,65,0,2,480964,114984,352124,678856,5557,98565,84,84,35,0,0,5,7,5,2,0,1,0,0,0,0,5,482950,0,4,1,11,2903,187057,5214,0,1,22896,17926,5840,6103,1253,298,1284,252,9,101,101,102,2468,919,1764571,199,11,129,44,338532,338477,121,16,11,13,26,480880,321406,14,18,218,25,21,0,13,0,97,582014,314,0,72,1,0,0,25,0,0,25,1,0,0,1
9112,1662570117184,5.015836801,1,3.6,38.1,0.0,58.3,0.0,0.0,0.0,114,1,65,0,2,480272,115664,352136,678172,5865,98719,56,56,35,0,0,5,7,5,2,0,1,0,0,0,0,8,492798,0,4,0,11,630,190920,5523,0,1,23329,18280,6225,6711,1288,361,1295,126,9,105,105,108,2480,919,1751213,207,11,129,46,344423,344366,125,16,11,13,25,490695,326742,14,18,233,39,30,0,13,0,104,601300,320,0,74,1,0,0,24,0,0,24,1,0,0,1
9117.02,1662570123981,5.016096750,1,2.5,33.7,0.0,63.5,0.0,0.0,0.3,114,1,65,0,2,480808,115124,352140,678716,7664,100842,84,84,35,0,0,5,7,5,2,0,1,0,0,0,0,17,496256,0,17,0,12,3853,194232,5554,0,1,23860,18513,10017,10192,2131,523,2170,441,9,118,118,117,4574,1653,1762766,233,17,130,7,349077,349008,140,14,17,22,34,494133,328940,15,27,249,28,27,5,22,1,104,598304,344,0,75,1,4,4,38,1,4,42,1,1,0,2
9122.04,1662570130801,5.016532425,1,5.7,37.9,0.0,55.0,0.0,0.0,1.3,114,1,65,0,2,480996,114948,352128,678892,5603,99347,56,56,35,0,0,7,17,7,10,0,2,0,0,0,0,5,485856,0,4,0,28,579,188586,5143,2,1,23082,18092,4637,5034,845,225,1099,126,25,102,102,104,1721,583,1777862,201,8,130,33,338748,338699,127,17,8,11,19,484096,322795,13,17,212,23,11,0,10,0,99,584938,330,0,92,3,2,6,27,1,6,33,1,3,2,3
9127.06,1662570137685,5.016519095,1,6.1,31.4,0.0,62.5,0.0,0.0,0.0,114,1,65,0,2,480368,115548,352156,678284,6474,98797,84,84,35,0,0,5,8,5,3,0,2,0,0,0,0,7,509124,0,9,0,12,2893,209047,5519,1,1,23349,18312,6244,6756,1267,487,1302,126,10,108,108,116,2467,944,1888368,211,12,134,46,343078,343019,125,13,11,13,26,507098,325371,14,18,242,41,31,0,13,0,104,610904,349,0,78,3,1,0,29,1,4,33,1,2,2,3
9132.08,1662570144516,5.015185776,1,9.1,33.9,0.0,57.1,0.0,0.0,0.0,115,3,66,0,1,480012,115856,352204,677948,5793,99347,56,56,35,0,0,7,11,7,4,4,2,0,0,0,0,3,504023,0,7,0,14,2412,197464,5042,2,1,22618,17686,878,1365,51,10,78,0,13,102,102,107,2,12,1789141,201,0,131,5,343962,343920,124,17,0,0,4,502025,330952,6,6,218,22,13,0,0,0,100,629795,316,0,71,3,5,4,3,1,6,9,1,3,2,3
9137.1,1662570151473,5.016583110,1,2.2,35.5,0.0,62.3,0.0,0.0,0.0,114,2,64,0,2,480636,115224,352212,678580,5654,99878,294,294,35,0,0,5,10,5,5,0,2,0,0,0,0,11,549646,0,4,0,18,550,235044,5568,2,1,23443,18481,4447,4598,617,93,636,0,15,109,109,109,1576,392,2015132,205,6,131,5,356376,356325,130,17,6,8,16,547705,339367,11,13,218,22,15,0,8,0,105,704235,344,0,83,3,3,6,9,1,4,13,1,3,2,2
9142.12,1662570158284,5.023946640,1,1.0,29.6,0.0,68.4,0.0,0.0,1.0,114,1,65,0,2,480588,115276,352208,678528,5831,98902,84,84,35,0,0,5,7,5,2,0,1,0,0,0,0,10,484279,0,4,0,11,2888,189153,5211,0,1,23086,18102,6219,6692,1298,109,1317,126,9,104,104,105,2463,931,1739207,203,11,128,45,339526,339470,122,16,11,13,26,482283,322039,14,18,225,35,28,0,13,0,99,582189,327,0,82,1,0,0,28,0,0,28,1,0,0,1
9147.14,1662570165117,5.015917391,1,21.6,36.2,0.0,41.9,0.0,0.0,0.3,114,1,65,0,2,480464,115408,352200,678396,5758,99475,56,56,35,0,0,5,7,5,2,0,1,0,0,0,0,5,545903,0,5,1,11,770,233145,5235,0,1,22630,17696,866,1018,52,9,76,63,9,104,104,106,3,6,2003713,205,0,130,5,350045,349998,124,15,0,0,3,543867,337027,6,6,220,22,14,0,0,0,101,706710,285,0,66,1,0,0,3,0,0,3,1,0,0,1
9152.16,1662570171943,5.016495097,1,5.0,30.9,0.0,63.7,0.0,0.0,0.3,112,1,64,0,2,480020,115848,352204,677956,5924,99956,294,294,35,0,0,5,7,5,2,6,1,0,0,0,0,8,520819,0,5,0,10,1636,216588,5448,0,1,23261,18279,3205,4278,438,27,583,0,8,111,111,112,1173,292,1882624,209,7,130,5,344911,344848,128,14,7,11,16,518472,328960,9,12,227,22,21,0,7,0,107,639877,335,0,74,1,0,0,5,0,0,5,1,0,0,1
9157.17,1662570178720,5.012915187,1,2.9,31.7,0.0,65.4,0.0,0.0,0.0,113,1,65,0,2,481084,114832,352156,678996,13916,210023,140,140,35,0,0,0,1,0,1,0,1,0,0,0,0,8,520874,0,16,0,8,1035,205195,5307,0,0,23432,18647,7357,7498,1565,444,1454,441,7,119,119,116,3076,1214,1908563,233,10,131,7,359267,359242,136,14,10,20,28,520573,341726,14,20,248,28,27,5,13,1,105,635793,333,0,66,1,4,4,27,0,0,27,1,1,0,2
9162.19,1662570191511,5.015575895,1,4.2,30.0,0.0,65.8,0.0,0.0,0.0,113,1,65,0,2,480704,115204,352164,678624,5665,98835,294,294,35,0,0,7,17,7,10,0,2,0,0,0,0,6,498160,0,5,1,28,2891,191922,5144,1,1,23349,18403,4469,4604,605,93,625,0,25,109,109,110,1565,377,1821911,205,6,130,5,348742,348688,126,17,6,8,16,496067,331764,11,13,218,23,15,0,8,0,105,600929,343,0,93,3,2,6,10,0,4,14,1,3,2,3
9167.21,1662570198295,5.015753083,1,4.5,31.5,0.0,63.0,0.0,0.0,1.0,113,1,65,0,2,481572,114332,352168,679496,5675,97937,84,84,35,0,0,5,13,5,8,0,2,0,0,0,0,7,521783,0,4,1,24,2876,216240,5390,1,1,23185,18181,6234,6696,1280,360,1300,63,21,105,105,104,2472,919,1933412,207,12,129,45,348598,348523,126,17,11,13,26,519690,331086,14,18,227,35,28,0,13,0,98,635455,343,0,96,3,2,4,28,1,4,32,1,3,2,3
9172.23,1662570205134,5.021847510,1,22.0,35.6,0.0,42.1,0.0,0.0,0.3,113,1,65,0,2,481060,114844,352168,678988,5603,100440,56,56,35,0,0,5,12,5,7,2,2,0,0,0,0,3,531517,0,5,1,20,2896,220998,5232,2,1,22659,17725,881,1331,53,11,78,0,18,103,103,105,4,13,1937840,203,0,130,5,348081,348035,127,16,0,0,3,529128,335089,6,6,218,21,13,0,0,0,99,685074,312,0,80,3,2,4,4,1,4,8,1,3,2,3
9177.25,1662570212009,5.016069440,1,2.9,35.1,0.0,61.6,0.0,0.0,0.4,113,1,65,0,2,480092,115804,352176,678028,6056,98835,294,294,35,0,0,7,17,7,10,0,2,0,0,0,0,10,505850,0,5,0,28,727,200660,5688,2,1,23329,18393,4453,4609,600,95,625,0,25,110,110,113,1603,377,1779719,206,6,130,5,346599,346546,130,18,6,8,17,503523,329729,11,13,219,24,15,0,8,0,106,620490,350,0,94,3,2,6,9,1,6,15,1,3,2,3
9182.27,1662570218839,5.015895225,1,2.0,33.4,0.0,64.6,0.0,0.0,0.0,113,2,65,0,2,480576,115324,352172,678512,6164,99840,56,56,35,0,0,5,12,5,7,2,2,0,0,0,0,13,508018,0,9,0,22,542,211432,5615,2,1,23206,18196,6244,6707,1281,110,1300,63,19,106,106,113,2465,934,1872372,209,11,129,46,339459,339399,128,18,11,13,25,505833,321904,14,18,240,39,31,0,13,0,104,624518,346,0,92,3,2,4,30,1,4,34,1,3,2,3
9187.29,1662570225709,5.015854134,1,10.1,35.5,0.0,53.1,0.0,0.0,1.2,113,2,65,0,2,480288,115616,352168,678220,5453,97261,84,84,35,0,0,7,17,7,10,0,2,0,0,0,0,5,488399,0,5,0,28,608,190905,4836,2,1,22710,17756,2298,2157,433,19,275,0,25,101,101,104,709,311,1708841,197,3,130,16,336632,336586,122,18,3,1,9,486306,322267,7,7,219,31,23,0,3,0,99,608117,308,0,86,3,2,6,4,1,6,10,1,3,2,2
9192.31,1662570232646,5.015999135,1,3.5,32.2,0.0,64.0,0.0,0.0,0.3,113,1,65,0,2,480336,115572,352164,678268,7882,101327,266,266,35,0,0,5,7,5,2,4,1,0,0,0,0,17,521793,0,15,0,12,3329,219498,5930,0,1,24878,19283,12238,12398,2447,543,2476,378,153,124,124,122,5539,1844,1917095,237,23,133,7,352204,352128,228,15,23,29,42,519835,328731,19,36,412,29,150,5,30,1,111,621335,562,0,150,1,0,0,40,1,4,44,1,0,0,1
9197.33,1662570239494,5.016585175,1,4.6,24.9,0.0,70.1,0.0,0.0,0.4,113,1,65,0,2,481124,114780,352168,679052,5696,97563,84,84,35,0,0,5,7,5,2,0,1,0,0,0,0,6,484613,0,5,1,10,1349,189884,5249,0,1,22850,17917,6140,6638,1273,360,1299,189,8,104,104,106,2472,928,1782275,203,11,127,45,337221,337164,121,14,11,13,25,482641,319888,14,18,226,36,25,0,13,0,100,581729,339,0,76,1,0,0,27,0,0,27,1,0,0,1
9202.35,1662570246293,5.015914141,1,3.1,36.0,0.0,60.9,0.0,0.0,0.0,113,1,65,0,2,479904,115996,352172,677844,5854,94260,84,84,35,0,0,5,7,5,2,0,1,0,0,0,0,7,529069,0,6,1,12,2606,220113,5070,0,1,21740,16997,3948,4457,884,283,904,315,9,100,100,104,1590,680,1935066,195,7,124,44,348363,348312,119,16,7,9,17,527028,333242,10,13,217,33,24,0,8,0,95,669136,313,0,78,1,0,0,20,0,0,20,1,0,0,1
9207.37,1662570253066,5.016455024,1,5.0,26.8,0.0,67.9,0.0,0.0,0.3,113,1,65,0,2,480644,115256,352172,678584,5924,99956,266,266,35,0,0,5,7,5,2,0,1,0,0,0,0,3,520257,0,4,0,9,549,213428,5292,0,1,23125,18171,2379,2531,224,80,248,0,8,110,110,112,743,133,1871331,209,2,131,5,346674,346623,128,14,2,3,7,518197,331417,7,8,220,22,15,0,3,0,107,663255,315,0,72,1,0,0,6,0,0,6,1,0,0,1
9212.39,1662570259856,5.017686995,1,2.8,31.8,0.0,65.1,0.0,0.0,0.3,113,1,65,0,2,480612,115296,352164,678544,5419,94434,84,84,35,0,0,5,7,5,2,0,1,0,0,0,0,7,480988,0,5,0,10,978,188910,5305,0,1,22107,17343,6118,6585,1268,108,1289,63,9,101,101,103,2476,928,1758664,197,11,124,45,333617,333564,124,15,11,13,26,478959,316675,14,18,219,35,25,0,13,0,97,574689,335,0,81,1,0,0,25,0,0,25,1,1,1,2
9217.41,1662570266626,5.016760183,1,4.0,34.8,0.0,60.6,0.0,0.0,0.6,113,1,64,0,3,481084,114816,352172,679024,5637,99477,56,56,35,0,0,7,9,7,2,0,1,0,0,0,0,6,497887,0,4,0,10,2867,192352,5240,0,1,22938,17919,3958,4125,876,220,908,0,8,104,104,106,1598,683,1817230,203,7,130,44,346765,346712,121,13,7,8,17,495934,331072,10,13,224,31,24,0,8,0,101,600652,324,0,67,1,0,0,22,1,6,28,1,0,0,1
9222.43,1662570273432,5.016092327,1,5.4,29.9,0.0,64.6,0.0,0.0,0.0,113,1,65,0,2,479908,115996,352168,677844,5873,100139,294,294,35,0,0,5,7,5,2,0,1,0,0,0,0,7,528152,0,5,0,11,2899,216296,5192,0,1,23138,18175,2366,2518,224,143,247,63,9,110,110,112,740,127,1917865,207,3,130,5,352770,352719,125,15,2,3,7,526434,337464,7,8,217,22,14,0,3,0,106,660068,323,0,74,1,0,0,6,0,0,6,1,0,0,1
9227.45,1662570280227,5.015886030,1,1.6,26.1,0.0,71.3,0.0,0.0,1.0,112,1,64,0,2,480628,115268,352176,678572,6103,97641,84,84,35,0,0,5,7,5,2,0,1,0,0,0,0,17,484596,0,5,1,10,2681,184104,5389,0,1,23083,18097,6151,6304,1279,362,1309,63,9,106,106,110,2472,935,1759818,207,11,128,45,342824,342762,129,15,11,13,26,482909,325403,14,18,230,38,26,0,13,0,103,578767,338,0,79,1,0,0,26,0,0,26,1,0,0,1
9232.46,1662570287011,5.013775115,1,1.6,34.2,0.0,63.9,0.0,0.0,0.3,113,1,65,0,2,480408,115488,352176,678356,14609,210366,350,350,35,0,0,0,0,0,0,0,0,0,0,0,1,15,535840,0,20,0,5,1143,216274,5860,0,0,24625,19590,9988,9789,1859,708,1673,252,161,125,125,127,4040,1385,1928713,237,14,135,7,367664,367614,226,11,14,27,31,535143,345850,19,24,408,30,143,5,16,1,112,629658,564,0,129,1,0,0,27,0,0,27,1,1,1,2
9237.48,1662570299678,5.015492551,1,1.3,32.9,0.0,65.8,0.0,0.0,0.0,113,1,65,0,2,480100,115796,352176,678048,5828,98606,84,84,35,0,0,7,11,7,3,1,2,0,0,0,0,17,489108,0,9,0,14,1035,192512,5353,2,1,23252,18230,6162,6315,1274,298,1300,189,11,105,105,110,2476,930,1791135,205,11,129,45,339101,339046,126,17,11,13,25,487253,321522,14,18,232,36,25,0,13,0,101,586800,328,0,84,1,7,6,29,1,6,35,1,2,1,2
9242.5,1662570306434,5.015325159,1,4.2,31.8,0.0,63.9,0.0,0.0,0.0,113,1,65,0,2,479556,116336,352180,677508,5867,96635,84,84,35,0,0,5,7,5,2,0,1,0,0,0,0,7,502921,0,4,1,10,2570,195394,5205,0,1,22140,17293,3946,4502,883,347,906,0,9,100,100,103,1603,683,1762839,197,7,126,44,347108,347051,120,15,7,8,17,500822,331730,10,13,218,31,25,0,8,0,98,603702,304,0,69,1,0,0,20,0,0,20,1,0,0,1
9247.52,1662570313206,5.019125804,1,1.0,31.2,0.0,67.8,0.0,0.0,0.0,113,1,65,0,2,480296,115596,352180,678248,6073,99878,266,266,35,0,0,5,7,5,2,0,1,0,0,0,0,8,547559,0,3,0,9,2872,230336,5181,0,1,23386,18423,3560,3949,390,82,485,126,9,109,109,110,1022,219,1993946,207,3,130,5,357980,357923,125,16,3,7,12,545069,341506,9,11,219,22,15,0,4,0,107,686286,320,0,66,1,0,0,10,0,0,10,1,0,0,1
9252.54,1662570320035,5.016679891,1,3.9,39.2,0.0,57.0,0.0,0.0,0.0,113,1,65,0,2,481196,114704,352172,679140,5633,98606,84,84,35,0,0,5,7,5,2,0,1,0,0,0,0,10,494292,0,4,1,11,772,193386,5450,0,1,23185,18189,6136,6286,1273,234,1303,315,9,106,106,107,2482,920,1811910,207,11,130,45,342939,342882,129,16,11,13,26,492202,325430,14,18,230,35,25,0,13,0,102,597068,341,0,82,1,0,0,29,0,0,29,1,0,0,1
9257.56,1662570326828,5.015362979,1,1.0,34.2,0.0,64.5,0.0,0.0,0.3,113,1,65,0,2,480548,115344,352180,678496,5631,98562,56,56,35,0,0,5,7,5,2,0,1,0,0,0,0,5,495109,0,5,1,10,563,190367,5145,0,1,22895,17892,3956,4140,880,31,910,63,8,104,104,105,1604,692,1736321,205,8,129,44,344856,344806,122,14,7,8,16,493050,329150,10,13,227,31,24,0,8,0,100,611639,299,0,71,1,0,0,22,0,0,22,1,1,1,2
9262.58,1662570333641,5.015853133,1,3.7,35.8,0.0,60.4,0.0,0.0,0.0,113,1,65,0,2,480800,115084,352188,678760,5769,99878,294,294,35,0,0,7,13,7,6,4,3,0,0,0,0,6,542803,0,5,0,19,2884,228862,5179,3,1,23039,18103,2384,2544,224,79,248,0,17,110,110,112,739,134,1970645,207,2,130,5,355070,355025,129,19,2,3,7,540885,339903,7,8,217,22,14,0,3,0,106,684916,323,0,86,1,3,6,6,1,6,12,1,2,1,2
9267.6,1662570340442,5.015907145,1,4.8,25.7,0.0,68.8,0.0,0.0,0.7,113,1,65,0,2,480956,114932,352184,678912,7913,101355,84,84,35,0,0,5,7,5,2,1,1,0,0,0,0,23,470563,0,15,1,9,3863,182661,5639,0,1,24388,18955,15126,15687,3335,750,3367,630,8,119,119,116,7057,2539,1707224,235,28,129,47,341354,341273,140,13,28,35,56,468713,316855,24,40,258,35,42,5,35,1,106,547300,371,0,80,1,0,0,65,0,0,65,1,0,0,1
9272.62,1662570347219,5.016316727,1,2.0,30.3,0.0,67.7,0.0,0.0,0.0,113,1,65,0,2,480532,115356,352184,678488,5591,98304,56,56,35,0,0,5,7,5,2,0,1,0,0,0,0,5,494275,0,4,0,10,1979,191374,5049,0,1,22899,17892,3946,4113,879,157,909,0,9,102,102,104,1603,696,1747390,201,7,129,44,343181,343128,126,15,7,8,16,492237,327544,10,13,222,31,23,0,8,0,99,606060,327,0,76,1,0,0,19,0,0,19,1,0,0,1
9277.64,1662570354018,5.016840631,1,5.6,32.3,0.0,60.9,0.0,0.0,1.2,112,1,65,0,2,479940,115944,352188,677900,5769,99878,294,294,35,0,0,5,7,5,2,0,1,0,0,0,0,4,537092,0,5,0,10,1810,225327,5517,0,1,23131,18175,2367,2522,226,79,245,0,8,110,110,112,740,133,1955766,207,2,130,5,351711,351662,123,13,2,3,8,535070,336461,7,8,219,22,14,0,3,0,107,687267,312,0,72,1,0,0,5,0,0,5,1,0,0,1
9282.66,1662570361004,5.022135430,1,5.0,33.7,0.0,61.3,0.0,0.0,0.0,112,2,64,0,2,479580,116304,352188,677540,5799,98684,56,56,35,0,0,5,7,5,2,4,1,0,0,0,0,14,522497,0,4,0,10,2896,215362,5535,0,1,23266,18231,5225,5635,956,234,1253,63,9,104,104,107,1920,626,1935824,205,12,130,34,349309,349236,124,16,12,16,23,520386,332564,13,21,229,27,23,0,15,0,102,634645,346,0,79,1,0,0,25,0,0,25,1,0,0,1
9287.68,1662570367883,5.015916062,1,3.5,41.3,0.0,54.4,0.0,0.0,0.9,113,1,65,0,2,480500,115372,352200,678468,5718,97311,84,84,35,0,0,7,13,7,6,1,3,0,0,0,0,8,516703,0,10,0,19,1456,217774,5382,2,1,22769,17799,3978,4449,891,474,911,126,17,103,103,109,1595,690,1917437,201,7,129,44,339079,339029,126,16,7,8,17,514631,323562,10,13,229,30,23,0,9,0,99,644003,333,0,87,1,3,6,22,1,6,28,1,2,1,2
9292.71,1662570374745,5.027226848,1,15.7,33.6,0.0,50.6,0.0,0.0,0.0,114,3,66,0,1,480232,115648,352192,678192,6030,98948,266,266,35,0,0,5,8,5,3,0,1,0,0,0,0,7,541822,0,9,0,12,2246,231552,5602,0,1,23143,18195,2457,2920,229,80,255,0,10,110,110,117,741,122,1984202,209,3,130,6,350700,350656,126,16,2,3,8,539826,335376,7,8,229,25,19,0,3,0,108,681003,337,0,77,1,0,0,5,0,0,5,1,0,0,1
9297.73,1662570381698,5.016658143,1,5.2,34.5,0.0,59.9,0.0,0.0,0.3,113,1,65,0,2,480012,115864,352196,677980,5742,98606,84,84,35,0,0,5,7,5,2,0,1,0,0,0,0,3,559571,0,5,0,11,2848,248926,5239,0,1,22894,17964,3040,3190,456,150,464,0,9,106,106,108,872,254,2105838,207,4,129,6,349989,349940,125,15,4,5,12,557537,335240,10,11,224,27,15,0,5,0,102,715904,314,0,78,1,0,0,9,0,0,9,1,0,0,1
9302.75,1662570388555,5.018113184,1,27.5,30.0,0.0,42.5,0.0,0.0,0.0,112,2,63,0,2,480012,115860,352200,677984,5992,97391,56,56,35,0,0,5,7,5,2,0,1,0,0,0,0,13,510077,0,4,1,11,1160,217137,5309,0,1,22792,17817,3956,4116,882,95,908,63,9,102,102,106,1599,684,1873548,201,7,128,44,333152,333103,126,15,7,8,17,508212,317560,10,13,222,33,25,0,8,0,100,648621,321,0,80,1,0,0,22,0,0,22,1,0,0,1
9307.76,1662570395388,5.013294118,1,2.5,35.5,0.0,61.6,0.0,0.0,0.3,113,1,65,0,2,480060,115808,352204,678036,15696,223215,4266,4266,35,0,0,0,3,0,3,1,1,0,0,0,0,12,569525,0,16,0,12,2983,249946,6016,0,0,23744,18947,9848,9960,2013,391,1948,315,11,122,122,120,4074,1513,2128215,239,14,131,8,365318,365286,143,13,14,26,38,569172,345655,18,29,258,33,33,5,18,1,109,692237,379,0,76,1,2,6,38,0,0,38,1,2,1,2
9312.78,1662570408259,5.015656652,1,2.5,34.9,0.0,60.7,0.0,0.0,1.9,113,1,65,0,2,480848,115024,352200,678816,5453,96218,84,84,35,0,0,7,9,7,2,0,1,0,0,0,0,7,488149,0,5,0,12,2862,188545,5075,0,1,22822,17830,3965,4484,888,220,929,63,9,102,102,104,1597,693,1739906,199,7,129,44,340930,340878,121,16,7,8,17,486551,325237,10,13,223,31,25,0,8,0,99,592326,319,0,79,1,0,0,23,0,4,27,1,0,0,1
9317.8,1662570415039,5.016293783,1,19.6,37.7,0.0,42.2,0.0,0.0,0.6,113,1,65,0,2,480140,115728,352204,678112,5870,99100,266,266,35,0,0,5,7,5,2,0,1,0,0,0,0,2,495749,0,7,1,11,2917,191349,5194,0,1,23469,18500,4525,5004,616,94,650,0,9,112,112,113,1612,384,1817005,213,6,130,6,347163,347109,128,16,6,8,16,493795,329994,11,13,231,26,20,0,8,0,107,592627,332,0,74,1,0,0,9,0,0,9,1,0,0,1
9322.82,1662570421816,5.015173744,1,2.0,31.4,0.0,66.2,0.0,0.0,0.3,113,1,65,0,2,481176,114688,352208,679152,6092,98684,84,84,35,0,0,5,7,5,2,6,1,0,0,0,0,6,561185,0,4,1,11,857,246755,5685,0,1,23336,18184,3724,3867,599,40,617,0,142,107,107,110,1116,347,2090640,209,8,133,6,354813,354762,203,16,8,9,16,559147,338954,11,16,369,29,123,0,9,0,104,703764,504,0,131,1,0,0,10,0,0,10,1,0,0,1
9327.84,1662570428685,5.016643889,1,4.0,36.4,0.0,59.3,0.0,0.0,0.3,113,1,65,0,2,480588,115264,352220,678572,5505,98226,56,56,35,0,0,5,7,5,2,0,1,0,0,0,0,4,488090,0,4,1,11,569,192160,5109,0,1,22740,17764,3943,4111,869,221,899,63,9,100,100,102,1601,690,1769274,197,7,129,44,336735,336683,120,15,7,8,17,486178,321136,10,13,218,31,23,0,8,0,98,598437,306,0,75,1,0,0,19,0,0,19,1,0,0,1
9332.86,1662570435486,5.016461862,1,18.2,33.4,0.0,47.7,0.0,0.0,0.7,113,1,65,0,2,480452,115404,352216,678436,5904,99209,294,294,35,0,0,5,9,5,4,0,2,0,0,0,0,10,543282,0,5,1,16,2858,231704,5161,0,1,23477,18518,4703,5160,630,94,647,0,13,111,111,113,1608,377,2013902,209,6,134,6,353549,353497,128,17,6,8,16,541283,336264,11,13,226,33,20,0,8,0,108,681932,329,0,80,1,2,6,12,1,4,16,1,2,1,2
9337.88,1662570442321,5.017699406,1,3.0,36.7,0.0,60.4,0.0,0.0,0.0,113,1,65,0,2,481092,114756,352224,679084,6058,98606,84,84,35,0,0,7,11,7,4,4,2,0,0,0,0,5,547342,0,11,0,16,2881,238267,5467,3,1,22828,17912,2955,3493,442,23,465,0,12,102,102,110,886,257,2032164,199,4,129,5,348292,348242,125,16,4,5,13,545288,333678,10,11,219,23,11,0,5,0,100,688318,342,0,83,1,1,0,12,0,2,14,1,1,1,2
9342.9,1662570449151,5.017538576,1,3.8,34.3,0.0,61.6,0.0,0.0,0.3,113,1,65,0,2,479996,115844,352232,677992,7548,96617,56,56,35,0,0,5,7,5,2,0,1,0,0,0,0,16,513565,0,18,1,11,3728,213339,5691,0,1,23348,18099,13113,13293,2976,1112,2988,819,9,113,113,114,6167,2314,1887427,223,24,125,46,346731,346659,137,16,24,30,46,511597,324308,20,35,251,37,41,5,30,1,100,612326,369,0,82,1,0,0,59,0,0,59,1,0,0,1
9347.92,1662570456019,5.018568257,1,3.2,28.8,0.0,66.9,0.0,0.0,1.2,113,1,65,0,2,480188,115652,352232,678188,6712,96713,1326,1326,35,0,0,5,7,5,2,0,1,0,0,0,0,20,538323,0,17,0,10,2713,238188,5667,0,1,22400,17675,5997,6201,1092,229,820,189,9,132,132,137,2409,757,2024960,215,10,124,17,341771,341718,129,16,9,10,23,536065,323684,12,14,241,39,36,22,10,4,117,672164,365,0,73,1,0,0,11,0,0,11,1,0,0,1
9352.94,1662570462902,5.016658016,1,2.2,34.6,0.0,62.6,0.0,0.0,0.6,113,1,65,0,2,480540,115308,352224,678532,5551,98354,56,56,35,0,0,5,7,5,2,0,1,0,0,0,0,0,487414,0,5,0,11,2902,190684,5054,0,1,22823,17901,2938,3089,437,87,472,63,9,103,103,105,875,265,1703852,203,4,129,5,340365,340315,123,15,4,5,12,485414,325671,10,11,216,23,11,0,5,0,100,601194,313,0,76,1,0,0,10,0,0,10,1,0,0,1
9357.96,1662570469715,5.015836307,1,3.1,35.6,0.0,61.3,0.0,0.0,0.0,113,1,65,0,2,480336,115504,352232,678336,5442,97261,84,84,35,0,0,5,9,5,4,0,2,0,0,0,0,4,490785,0,4,0,16,2899,193770,5151,0,1,22834,17839,3944,4112,882,31,909,63,13,102,102,103,1608,679,1791961,199,7,129,44,338241,338185,127,17,7,8,16,488847,322571,10,13,218,30,20,0,8,0,99,601648,318,0,85,1,2,6,22,1,4,26,1,2,1,2
9362.98,1662570476479,5.018438161,1,5.2,29.7,0.0,64.7,0.0,0.0,0.3,113,1,65,0,2,480004,115844,352224,677996,5951,100252,189,189,35,0,0,5,7,5,2,0,1,0,0,0,0,7,539885,0,4,0,11,536,238869,5507,0,1,22949,17953,5096,5698,1048,165,1074,63,9,106,106,109,2251,807,2019926,205,9,128,45,342179,342114,124,16,9,11,20,537452,325575,11,15,227,34,28,0,11,0,105,682100,325,0,77,1,0,0,24,0,0,24,1,0,0,1
9368,1662570483251,5.016776355,1,3.6,38.8,0.0,57.4,0.0,0.0,0.3,113,1,65,0,2,480588,115256,352228,678584,5557,99347,56,56,35,0,0,7,9,7,2,4,1,0,0,0,0,5,527531,0,4,1,12,2942,224165,5594,0,1,23216,18083,3609,3752,589,165,614,126,135,101,101,103,1115,352,1927187,199,8,132,5,346127,346077,197,16,8,9,16,525535,330414,11,16,360,24,120,0,9,0,99,655459,473,0,137,1,0,0,9,0,2,11,1,0,0,1
9373.02,1662570490098,5.017277864,1,3.6,43.4,0.0,52.7,0.0,0.0,0.3,113,1,65,0,2,481280,114564,352228,679276,5809,97261,84,84,35,0,0,5,7,5,2,0,1,0,0,0,0,6,487409,0,5,1,9,2889,188239,5099,0,1,22690,17735,3960,4460,882,346,916,189,8,102,102,106,1599,692,1774231,199,7,128,44,340070,340018,123,14,7,8,17,485357,324442,10,13,218,33,20,0,8,0,98,592758,314,0,71,1,0,0,22,0,0,22,1,0,0,1
9378.04,1662570496902,5.016625060,1,6.0,31.6,0.0,62.4,0.0,0.0,0.0,112,1,64,0,2,481000,114840,352232,679000,5536,98417,56,56,35,0,0,5,7,5,2,0,1,0,0,0,0,6,489255,0,4,0,10,1140,189385,5171,0,1,22800,17817,4024,4454,894,222,920,0,9,101,101,104,1619,691,1789378,199,7,128,45,340200,340149,125,16,7,8,16,487223,324498,10,13,222,34,25,0,8,0,100,591817,326,0,73,1,0,0,22,0,0,22,1,0,0,1
9383.05,1662570503675,5.014344354,1,14.4,31.7,0.0,53.8,0.0,0.0,0.0,114,3,66,0,1,480548,115272,352252,678564,9015,121915,84,84,35,0,0,5,9,5,4,1,2,0,0,0,0,11,527038,0,15,0,13,2533,216848,5565,0,1,24000,18966,12209,11498,2512,537,2233,441,12,118,118,117,5386,1882,1938029,233,21,131,7,357152,357114,139,14,21,26,41,526402,336229,18,30,250,29,32,5,24,1,106,650988,368,0,81,1,2,6,43,1,4,47,1,2,1,2
9388.07,1662570511596,5.016885948,1,3.6,35.4,0.0,60.6,0.0,0.0,0.4,113,1,65,0,2,479680,116132,352260,677704,5981,99171,294,294,35,0,0,5,7,5,2,0,1,0,0,0,0,7,517013,0,6,1,11,566,208779,5396,0,1,23121,18171,2379,2534,222,17,262,63,9,113,113,116,700,134,1840837,213,2,130,5,348031,347985,131,16,2,3,7,515052,332815,7,8,225,21,16,0,3,0,108,641004,331,0,70,1,0,0,5,0,0,5,1,0,0,1
9393.09,1662570518415,5.017498705,1,4.1,32.1,0.0,63.8,0.0,0.0,0.0,113,1,65,0,2,479776,116044,352252,677792,5727,97937,84,84,35,0,0,7,9,7,2,0,1,0,0,0,0,8,527269,0,5,0,11,766,226040,5461,0,1,22833,17855,4144,4670,892,95,918,63,9,105,105,105,1599,679,1944158,207,7,128,46,341617,341564,125,16,7,8,17,525385,325688,10,13,232,38,29,0,8,0,101,662352,321,0,79,1,0,0,20,0,2,22,1,0,0,1
9398.11,1662570525252,5.017138190,1,21.9,29.3,0.0,48.9,0.0,0.0,0.0,113,1,65,0,2,480484,115336,352252,678500,5901,99347,56,56,35,0,0,5,7,5,2,0,1,0,0,0,0,0,488300,0,5,0,13,561,189855,5223,0,1,22763,17856,2927,3400,434,87,460,0,9,101,101,106,875,260,1726345,199,4,129,5,337926,337876,121,17,4,5,12,486289,323297,10,11,215,25,14,0,5,0,99,603280,304,0,77,1,0,0,8,0,0,8,1,0,0,1
9403.13,1662570532059,5.021507633,1,5.1,32.6,0.0,62.3,0.0,0.0,0.0,113,2,64,0,2,480044,115768,352260,678068,5845,99980,294,294,35,0,0,5,7,5,2,4,1,0,0,0,0,7,543676,0,7,0,11,2396,229909,5485,0,1,23250,18279,3556,3572,547,98,544,63,9,111,111,113,1453,341,2018449,209,9,130,5,354432,354382,130,16,9,7,16,541784,338345,9,14,222,22,14,0,11,0,107,686896,321,0,80,1,0,0,7,0,0,7,1,0,0,1
9408.15,1662570538888,5.016571949,1,3.2,25.1,0.0,71.3,0.0,0.0,0.4,113,1,65,0,2,480728,115088,352256,678748,5831,98719,56,56,35,0,0,5,7,5,2,0,1,0,0,0,0,6,522693,0,4,1,11,776,221304,5328,0,1,22861,17875,4155,4322,895,94,920,126,9,105,105,107,1604,683,1905757,207,7,129,46,342925,342874,125,16,7,8,16,520865,327079,10,13,233,38,30,0,8,0,103,654830,323,0,76,1,0,0,22,1,4,26,1,1,1,2
9413.26,1662570545717,5.108132700,1,7.4,30.0,0.0,62.6,0.0,0.0,0.0,113,1,65,0,2,479736,116072,352264,677764,5609,100390,84,84,35,0,0,7,11,7,4,2,2,0,0,0,0,10,533308,0,5,0,16,1775,220584,5331,2,1,23745,18478,4563,4798,869,166,672,0,162,105,105,106,1605,589,1970765,206,7,135,16,355307,355256,211,17,7,7,18,531619,338354,13,14,383,33,139,0,9,0,100,673431,522,0,145,1,1,0,12,0,2,14,1,1,1,2
9418.28,1662570552659,5.016026699,1,3.6,35.4,0.0,60.1,0.0,0.0,0.9,113,1,65,0,2,480180,115636,352256,678204,7778,101324,266,266,35,0,0,5,7,5,2,1,1,0,0,0,0,31,504596,0,15,1,11,3876,202047,5726,0,1,24695,19307,13621,13786,2670,609,2701,504,8,123,123,121,6167,2000,1824419,235,23,129,7,352902,352827,141,14,23,30,47,502682,328735,21,35,250,29,32,5,30,1,111,592898,386,0,79,1,0,0,48,0,0,48,1,0,0,1
9423.3,1662570559480,5.016215138,1,3.1,32.1,0.0,64.8,0.0,0.0,0.0,113,1,65,0,2,480092,115728,352252,678112,5911,98065,84,84,35,0,0,5,7,5,2,0,1,0,0,0,0,4,485177,0,6,1,11,596,186977,5355,0,1,22854,17865,4069,4228,887,283,913,63,9,107,107,106,1604,679,1744739,209,7,129,45,338756,338713,130,15,7,8,16,483120,323071,10,13,234,34,28,0,8,0,100,592485,331,0,79,1,0,0,23,0,0,23,1,0,0,1
9428.32,1662570566265,5.016821853,1,3.3,36.4,0.0,59.9,0.0,0.0,0.3,113,1,65,0,2,479816,116004,352252,677836,5453,97183,84,84,35,0,0,5,7,5,2,0,1,0,0,0,0,6,538475,0,5,0,10,632,231526,5336,0,1,22764,17857,4343,4587,942,96,654,0,9,101,101,104,1691,675,1994036,197,7,128,16,347445,347398,120,15,7,7,19,536558,331462,11,12,220,32,24,0,8,0,99,678628,323,0,75,1,0,0,8,0,0,8,1,0,0,1
9433.34,1662570573110,5.018551215,1,2.9,34.0,0.0,62.9,0.0,0.0,0.3,113,1,65,0,2,480660,115156,352256,678684,5901,99043,266,266,35,0,0,5,9,5,4,0,2,0,0,0,0,11,555677,0,4,1,15,2702,241833,5488,0,1,23340,18396,4440,4920,602,94,636,63,13,111,111,113,1615,386,2054401,211,6,130,5,355475,355421,129,18,6,8,16,553642,338533,11,13,223,23,16,0,8,0,108,697712,327,0,78,1,2,6,12,1,4,16,1,1,0,2
9438.36,1662570579937,5.016271654,1,1.6,32.0,0.0,65.0,0.0,0.0,1.3,113,1,65,0,2,480280,115532,352260,678308,5850,97719,84,84,35,0,0,8,12,7,3,7,2,0,0,0,0,4,486108,0,5,0,12,612,187493,5390,3,1,22783,17814,4094,4258,899,157,930,126,11,106,106,107,1605,683,1761447,207,8,129,45,339141,339085,129,16,7,8,16,484141,323405,10,13,231,35,26,0,8,0,103,592978,315,0,77,1,1,0,25,0,2,27,1,1,1,2
9443.38,1662570586772,5.015950097,1,5.1,30.2,0.0,64.3,0.0,0.0,0.3,113,2,65,0,2,480044,115764,352264,678076,5539,98226,56,56,35,0,0,5,7,5,2,0,1,0,0,0,0,10,500283,0,7,1,10,528,201790,5366,0,1,23042,18050,6017,6480,1265,360,1289,126,9,99,99,105,2469,934,1771346,195,11,129,44,340598,340542,119,16,11,13,26,498312,323287,14,18,220,32,24,0,13,0,98,612524,334,0,75,1,0,0,24,0,0,24,1,0,0,1
9448.4,1662570593563,5.015737081,1,3.2,31.9,0.0,64.9,0.0,0.0,0.0,113,1,65,0,2,480116,115692,352264,678148,6005,100139,294,294,35,0,0,5,7,5,2,0,1,0,0,0,0,5,532747,0,9,0,11,2913,220809,5545,0,1,23337,18394,4435,4904,613,94,644,126,9,109,109,115,1614,393,1945107,205,6,130,5,354078,354027,124,15,6,8,16,530612,337031,11,13,222,23,15,0,8,0,106,652235,338,0,76,0,0,0,11,0,0,11,0,0,0,0
9453.42,1662570600386,5.016147183,1,3.6,29.2,0.0,67.2,0.0,0.0,0.0,112,1,64,0,2,480328,115480,352264,678360,6305,100038,84,84,35,0,0,5,7,5,2,0,1,0,0,0,0,9,490069,0,6,0,10,2900,189615,5310,0,1,22974,17957,4074,4244,887,347,895,63,8,105,105,109,1595,684,1783422,205,7,129,44,340920,340866,126,13,7,8,17,487156,325458,10,13,226,26,23,0,8,0,101,592404,317,0,71,1,0,0,18,0,0,18,1,0,0,1
9458.44,1662570607127,5.022566661,1,4.0,35.0,0.0,60.7,0.0,0.0,0.3,113,1,65,0,2,480780,115024,352268,678816,12083,180062,112,112,35,0,0,0,0,0,0,6,0,0,0,0,0,18,572896,0,15,0,5,2968,252652,5597,0,0,23915,18813,9014,10199,1931,519,1891,315,137,116,116,113,3740,1437,2149452,229,19,133,7,365279,365240,206,12,19,31,33,571736,345733,15,29,389,29,140,5,17,1,103,705420,525,0,121,1,0,0,35,0,0,35,1,1,1,2
9463.46,1662570618007,5.018624147,1,4.3,39.1,0.0,56.0,0.0,0.0,0.6,113,1,65,0,2,480296,115504,352272,678336,5571,94547,84,84,35,0,0,7,11,7,4,1,2,0,0,0,0,12,524580,0,5,0,14,2201,220545,5248,3,1,22098,17282,4154,4333,891,157,919,63,12,103,103,105,1610,686,1920629,201,7,125,46,343188,343135,122,16,7,8,16,522557,327776,10,13,227,38,29,0,8,0,99,663397,307,0,80,1,1,0,25,0,2,27,1,1,1,2
9468.48,1662570624809,5.016119275,1,17.8,36.1,0.0,45.8,0.0,0.0,0.3,114,3,66,0,1,480440,115356,352276,678480,5660,99425,56,56,35,0,0,5,7,5,2,0,1,0,0,0,0,3,532726,0,4,1,11,2899,221680,5430,0,1,22886,17945,2934,3088,432,87,456,0,9,103,103,105,870,252,1927442,203,4,130,5,351113,351062,123,16,4,5,13,530741,336427,10,11,218,23,15,0,5,0,101,669302,311,0,74,1,0,0,10,0,0,10,1,0,0,1
9473.5,1662570631691,5.016393181,1,4.0,34.5,0.0,60.6,0.0,0.0,0.9,114,2,65,0,2,480440,115344,352288,678496,6084,100086,294,294,35,0,0,5,7,5,2,0,1,0,0,0,0,7,559997,0,4,1,10,524,246568,5419,0,1,23073,18134,2380,2535,226,143,248,63,8,111,111,114,701,134,2079598,209,2,130,5,353152,353105,128,14,2,3,7,558036,337914,7,8,223,23,16,0,3,0,107,726091,325,0,70,1,0,0,5,0,0,5,1,0,0,1
9478.52,1662570638517,5.016416985,1,0.6,38.2,0.0,61.2,0.0,0.0,0.0,113,1,65,0,2,479700,116080,352292,677760,5969,98902,84,84,35,0,0,5,7,5,2,0,1,0,0,0,0,10,519996,0,7,1,11,1215,215806,5190,0,1,22904,17909,4150,4615,903,347,924,126,9,104,104,109,1601,685,1897388,205,7,129,46,344338,344289,128,16,7,8,17,517968,328473,10,13,233,38,29,0,8,0,101,654205,325,0,76,1,0,0,22,0,0,22,1,0,0,1
9483.54,1662570645347,5.017238283,1,21.1,35.5,0.0,42.4,0.0,0.0,1.0,113,1,65,0,2,479936,115844,352292,677996,5758,99475,56,56,35,0,0,5,7,5,2,0,1,0,0,0,0,4,517990,0,5,0,11,2905,208152,5400,0,1,22902,17962,2931,3432,442,88,464,63,9,105,105,107,870,260,1860401,207,4,130,5,349534,349483,125,16,4,5,12,515894,334726,10,11,221,23,15,0,5,0,101,651586,320,0,73,1,0,0,8,1,4,12,1,1,1,2
9488.56,1662570652208,5.016124128,1,0.6,34.2,0.0,64.9,0.0,0.0,0.3,113,1,65,0,2,480124,115656,352292,678184,5901,98835,294,294,35,0,0,5,7,5,2,0,1,0,0,0,0,3,482622,0,9,0,10,567,188198,5139,0,1,23043,18111,2370,2527,228,143,252,0,9,110,110,116,726,135,1771183,207,3,130,5,334564,334517,125,15,2,3,8,480741,319305,7,8,223,22,14,0,3,0,107,599565,325,0,68,1,0,0,6,0,0,6,1,0,0,1
9493.58,1662570658966,5.015915383,1,4.1,33.9,0.0,62.1,0.0,0.0,0.0,113,1,65,0,2,479996,115784,352292,678056,7966,101129,56,56,35,0,0,7,10,7,3,3,2,0,0,0,0,22,494475,0,19,1,14,2727,193459,5620,2,1,24270,18832,13334,13518,2970,611,2985,441,11,118,118,118,6173,2297,1780673,233,24,129,48,348982,348908,144,17,24,30,47,492486,325959,20,35,265,44,46,5,30,1,104,573800,376,0,88,1,1,0,59,0,2,61,1,1,1,2
9498.8,1662570665787,5.223725934,1,5.1,28.6,0.0,66.3,0.0,0.0,0.0,113,1,65,0,2,480024,115744,352304,678096,5897,103519,84,84,35,0,0,5,7,5,2,0,1,0,0,0,0,8,500611,0,9,1,10,2324,185958,5522,0,1,23780,18647,4388,4301,907,223,656,126,9,106,106,112,1659,648,1811049,207,7,134,16,357039,356978,125,16,7,8,18,498839,340530,12,13,234,32,24,0,9,0,103,605967,333,0,76,1,0,0,10,0,0,10,1,0,0,1
9503.82,1662570672847,5.016253926,1,3.3,39.9,0.0,56.9,0.0,0.0,0.0,112,1,65,0,2,479760,116004,352308,677836,6056,98913,266,266,35,0,0,5,7,5,2,4,1,0,0,0,0,14,515818,0,8,1,13,2425,205978,5587,0,1,23497,18360,3061,3232,375,32,401,0,148,110,110,116,972,223,1850535,209,6,133,5,351416,351364,202,16,6,8,12,513877,335104,8,13,366,23,118,0,7,0,107,629933,514,0,138,1,0,0,6,0,0,6,1,0,0,1
9508.84,1662570679631,5.017107150,1,4.5,31.8,0.0,63.0,0.0,0.0,0.7,112,1,65,0,2,480384,115376,352312,678464,5713,98450,84,84,35,0,0,5,14,5,9,0,2,0,0,0,0,7,484703,0,7,1,26,2884,196142,5313,0,1,22889,17898,4067,4231,888,31,916,63,23,103,103,108,1598,681,1790537,201,7,129,45,329738,329686,128,18,7,8,16,482590,314036,10,13,226,34,24,0,8,0,100,586219,342,0,94,1,1,6,23,0,0,23,1,2,1,2
9513.86,1662570686421,5.016466637,1,3.2,32.5,0.0,64.0,0.0,0.0,0.3,112,1,65,0,2,479468,116300,352304,677540,6006,100729,84,84,35,0,0,5,7,5,2,0,1,0,0,0,0,8,488159,0,8,0,11,2902,193844,5341,0,1,23225,18196,6017,6180,1277,360,1295,63,9,104,104,108,2466,934,1752518,201,11,129,44,336760,336703,122,15,11,13,26,486166,319261,14,18,227,32,25,0,13,0,100,584276,334,0,78,1,0,0,27,1,4,31,1,0,0,1
9518.88,1662570693223,5.016468253,1,35.3,31.6,0.0,32.2,0.0,0.0,0.9,112,2,64,0,2,480464,115304,352304,678536,5843,100136,266,266,35,0,0,5,7,5,2,0,1,0,0,0,0,8,530663,0,5,0,11,2906,221034,5264,0,1,22980,18061,2361,2518,217,206,252,0,9,111,111,112,739,140,1926974,211,2,129,5,350265,350219,127,15,2,3,7,528661,335097,7,8,223,22,15,0,3,0,107,669344,312,0,72,1,0,0,5,0,0,5,1,0,0,1
9523.9,1662570700067,5.018161366,1,3.7,40.1,0.0,56.1,0.0,0.0,0.0,112,1,65,0,2,479784,115980,352308,677856,6380,102404,4024,4024,35,0,0,7,9,7,2,0,1,0,0,0,0,11,528349,0,5,1,11,549,230571,5486,0,1,22980,17973,4376,4626,961,350,1118,63,9,130,131,130,1767,722,1972993,219,8,129,45,339126,339077,131,16,8,9,20,526792,323105,11,14,242,37,38,7,9,2,120,676951,340,0,75,1,0,0,22,0,2,24,1,0,0,1
9528.92,1662570706896,5.016177688,1,6.6,28.9,0.0,64.6,0.0,0.0,0.0,111,1,64,0,2,480032,115724,352316,678116,5453,99269,56,56,35,0,0,5,7,5,2,0,1,0,0,0,0,11,522270,0,4,0,11,1111,225175,5521,0,1,23079,18084,6002,6476,1263,423,1281,63,9,100,100,102,2466,928,1942024,197,11,129,44,339509,339451,124,16,11,13,26,520202,322176,14,18,219,32,24,0,13,0,97,650844,347,0,79,1,0,0,26,0,0,26,1,0,0,1
9533.94,1662570713689,5.018533348,1,3.1,30.2,0.0,66.4,0.0,0.0,0.3,112,1,65,0,2,480984,114776,352312,679064,13584,192561,350,350,35,0,0,0,0,0,0,1,0,0,0,0,0,20,542847,0,20,0,5,2284,234669,5878,0,0,24117,19202,13559,13707,2908,416,2801,378,5,122,122,123,5775,2203,2022210,239,22,129,48,356433,356390,137,11,22,34,51,541517,333711,22,35,273,45,47,5,26,1,108,648919,381,0,69,1,0,0,53,0,0,53,1,1,1,2
9538.97,1662570725278,5.025259801,1,18.8,40.8,0.0,39.8,0.0,0.0,0.6,112,1,65,0,2,480400,115360,352312,678480,5712,99425,56,56,35,0,0,5,7,5,2,0,1,0,0,0,0,2,562585,0,4,0,10,1470,248945,5160,0,1,22575,17652,865,1019,50,9,77,0,8,103,103,105,4,5,2094938,203,0,130,5,351189,351145,125,14,0,0,3,560565,338261,6,6,217,22,14,0,0,0,100,739327,290,0,70,1,0,0,3,1,4,7,1,0,0,1
9543.99,1662570732094,5.016634255,1,4.1,35.1,0.0,60.8,0.0,0.0,0.0,112,1,65,0,2,480044,115704,352324,678132,5861,100971,294,294,35,0,0,7,11,7,4,2,2,0,0,0,0,7,496261,0,7,1,12,2933,197210,5323,2,1,23184,18218,2394,2851,223,206,242,0,13,111,111,114,729,127,1781545,209,3,131,5,339282,339227,132,18,2,3,8,494100,323875,7,8,223,22,14,0,3,0,106,609286,319,0,75,1,1,0,6,0,2,8,1,1,1,2
9549.01,1662570738935,5.016043377,1,5.5,35.5,0.0,58.4,0.0,0.0,0.7,112,1,65,0,2,480312,115432,352328,678404,6208,93582,56,56,35,0,0,5,7,5,2,6,1,0,0,0,0,13,519858,0,8,0,10,2557,218454,5445,0,1,22314,17511,6715,7193,1430,179,1455,189,9,102,102,110,2709,1023,1908905,201,15,127,46,344639,344576,122,16,15,17,30,517897,327058,14,22,239,41,37,0,17,0,99,628116,351,0,82,1,0,0,29,0,0,29,1,0,0,1
9554.05,1662570745748,5.044985465,1,2.5,36.8,0.0,59.1,0.0,0.0,1.6,112,2,64,0,2,480052,115684,352336,678152,5650,103519,84,84,35,0,0,5,7,5,2,0,1,0,0,0,0,7,540693,0,4,1,11,1481,232972,5231,0,1,22966,18016,4346,4244,828,221,654,63,9,103,103,104,1577,565,1995569,200,7,130,16,349846,349797,122,15,7,7,18,538633,333758,11,12,222,31,24,0,8,0,99,686660,308,0,66,1,0,0,11,0,0,11,1,0,0,1
9559.07,1662570752806,5.017518889,1,3.2,34.0,0.0,62.9,0.0,0.0,0.0,112,2,64,0,2,480100,115636,352336,678200,5769,99878,266,266,35,0,0,5,7,5,2,0,1,0,0,0,0,6,491319,0,4,0,10,2070,193576,5333,0,1,23028,18102,2354,2515,218,16,246,0,9,109,109,110,726,122,1798189,207,2,130,5,337819,337771,128,15,2,4,8,489454,322598,7,8,216,22,14,0,3,0,106,606313,323,0,78,1,0,0,5,0,0,5,1,1,1,2
9564.09,1662570759605,5.016757700,1,5.1,31.0,0.0,63.3,0.0,0.0,0.6,112,1,65,0,2,480572,115164,352336,678672,5910,95094,84,84,35,0,0,5,9,5,4,0,2,0,0,0,0,14,478521,0,5,0,16,629,189009,5298,0,1,22317,17503,6141,6622,1268,423,1296,189,12,105,105,106,2473,934,1757897,203,11,124,45,331779,331725,123,15,11,13,25,476485,314716,14,18,229,36,30,0,13,0,101,562236,330,0,83,1,2,6,29,1,4,33,1,1,0,2
9569.11,1662570766445,5.017055096,1,2.7,30.9,0.0,66.1,0.0,0.0,0.3,113,1,65,0,2,480596,115144,352332,678692,7774,100011,84,84,35,0,0,7,11,7,4,2,3,0,0,0,0,27,505319,0,16,1,16,2597,204864,5747,2,1,24460,19005,15180,15713,3333,874,3359,882,13,116,116,114,7051,2555,1841803,227,28,129,46,349718,349636,133,13,28,35,56,503204,325050,24,40,255,37,43,5,36,1,103,591425,377,0,84,1,1,0,65,0,2,67,1,1,1,2
9574.13,1662570773266,5.017147962,1,2.2,34.9,0.0,62.3,0.0,0.0,0.6,113,1,65,0,2,480052,115692,352328,678148,6015,99928,266,266,35,0,0,5,7,5,2,0,1,0,0,0,0,1,490759,0,5,1,13,2900,191775,5128,0,1,23063,18133,2371,2863,225,143,249,0,9,110,110,113,741,134,1718887,209,2,130,5,338978,338933,130,14,2,3,7,488800,323799,7,8,221,24,14,0,3,0,106,605702,310,0,78,1,0,0,5,0,0,5,1,0,0,1
9579.15,1662570780042,5.023031402,1,3.5,41.9,0.0,54.3,0.0,0.0,0.3,113,1,65,0,2,479772,115972,352328,677868,5488,94434,84,84,35,0,0,5,7,5,2,0,1,0,0,0,0,7,549878,0,5,1,11,2743,237741,5280,0,1,22112,17336,6128,6277,1285,361,1292,189,9,101,101,102,2467,924,2054217,197,11,124,45,352468,352420,120,16,11,13,25,547824,335491,14,18,218,36,25,0,13,0,97,679746,323,0,71,0,0,0,23,0,0,23,0,0,0,0
9584.17,1662570786896,5.016796303,1,4.3,30.7,0.0,65.0,0.0,0.0,0.0,113,1,65,0,2,480800,114928,352344,678912,5401,98304,56,56,35,0,0,5,7,5,2,0,1,0,0,0,0,8,529342,0,4,1,11,2893,229807,5311,0,1,23086,18090,6018,6507,1273,361,1292,189,9,101,101,101,2471,943,1968961,199,12,128,44,342587,342531,121,16,11,13,26,527331,325226,14,18,221,32,24,0,13,0,96,659752,340,0,74,1,0,0,28,0,0,28,1,1,1,2
9589.2,1662570793756,5.026141899,1,3.1,34.0,0.0,61.9,0.0,0.0,1.0,113,1,65,0,2,479840,115884,352348,677956,5844,98835,294,294,35,0,0,5,9,5,4,0,2,0,0,0,0,7,501364,0,7,0,17,2932,196849,5393,0,1,23136,18180,2390,2545,224,80,248,0,12,110,110,114,744,138,1789880,207,2,130,5,346610,346563,129,15,2,3,7,499321,331366,7,8,222,21,14,0,3,0,106,608314,339,0,80,1,2,6,6,1,4,10,1,1,0,2
9594.22,1662570800576,5.016238813,1,2.7,30.0,0.0,66.7,0.0,0.0,0.7,113,1,65,0,2,480352,115372,352348,678468,5540,93652,84,84,35,0,0,5,8,5,3,8,2,0,0,0,0,10,527477,0,4,0,14,781,223841,5509,3,1,22410,17442,6624,7147,1413,186,1433,63,117,100,100,102,2716,1017,1964786,197,15,126,45,345235,345175,186,17,15,17,30,525590,327377,16,24,358,30,140,0,18,0,97,649506,477,0,134,1,1,0,27,0,0,27,1,1,1,2
9599.24,1662570807399,5.016698914,1,2.8,35.7,0.0,61.1,0.0,0.0,0.3,113,1,65,0,2,480084,115636,352352,678204,6027,98226,56,56,35,0,0,7,9,7,2,0,1,0,0,0,0,10,528061,0,8,1,10,2836,223383,5487,0,1,23112,18104,6032,6502,1276,234,1308,189,8,100,100,108,2469,933,1945926,197,11,129,44,346807,346751,118,14,11,13,25,526123,329436,14,18,223,34,24,0,13,0,97,645060,338,0,73,1,0,0,27,0,2,29,1,0,0,1
9604.26,1662570814182,5.015405126,1,2.1,26.0,0.0,71.5,0.0,0.0,0.4,112,1,64,0,2,480312,115396,352364,678440,5946,100006,294,294,35,0,0,5,7,5,2,0,1,0,0,0,0,7,511567,0,9,1,10,2864,203380,5166,0,1,23161,18201,2378,2532,220,16,256,0,9,113,113,113,738,140,1840964,213,2,130,5,348448,348414,128,15,2,4,8,509606,333161,7,8,227,22,15,0,3,0,104,633097,323,0,68,1,0,0,5,0,0,5,1,0,0,1
9609.27,1662570821433,5.014566492,1,1.0,31.9,0.0,67.1,0.0,0.0,0.0,113,1,65,0,2,481352,114356,352364,679484,13418,199660,140,140,35,0,0,4,9,4,5,0,2,0,0,0,0,19,553364,0,15,0,20,3238,239149,5486,0,1,22429,17843,12093,11874,2782,791,2621,567,15,112,112,111,5667,2172,2072730,221,23,124,46,360751,360705,134,18,23,29,47,553118,339928,20,33,245,37,40,5,25,1,101,667351,360,0,87,1,2,6,55,1,3,58,1,1,0,2
9614.28,1662570833598,5.014988366,1,3.8,30.5,0.0,65.4,0.0,0.0,0.3,113,1,65,0,2,480588,115112,352372,678720,5976,100217,294,294,35,0,0,5,7,5,2,0,1,0,0,0,0,5,495898,0,5,0,10,2701,193653,5251,0,1,23149,18192,2364,2830,220,80,247,0,9,111,111,112,737,131,1775946,209,2,130,5,342265,342217,130,16,2,3,7,493884,326878,7,8,221,22,15,0,3,0,107,617463,327,0,76,1,0,0,4,0,1,5,1,0,0,1
9619.3,1662570840388,5.015664507,1,4.3,37.1,0.0,58.6,0.0,0.0,0.0,113,2,65,0,2,480480,115176,352416,678632,5592,98606,84,84,35,0,0,7,11,7,4,1,2,0,0,0,0,9,482350,0,5,0,18,2879,191689,5271,2,1,23224,18206,6152,6302,1279,234,1304,63,13,105,105,105,2474,933,1772666,205,11,129,45,335790,335731,126,16,11,13,26,480320,318221,14,18,228,36,25,0,13,0,100,579302,347,0,89,1,1,0,25,0,2,27,1,1,1,2
9624.32,1662570847224,5.016468200,1,5.1,29.8,0.0,65.1,0.0,0.0,0.0,113,1,65,0,2,480612,115032,352428,678772,5964,98382,56,56,35,0,0,5,7,5,2,0,1,0,0,0,0,8,493763,0,4,1,14,581,190279,5392,0,1,23203,18177,6027,6179,1261,423,1304,378,9,103,103,106,2472,933,1742614,203,11,129,44,345579,345524,122,15,11,13,25,491727,328167,14,18,223,33,25,0,13,0,100,592371,340,0,77,1,0,0,27,0,0,27,1,0,0,1
9629.34,1662570854068,5.016026383,1,2.6,31.8,0.0,65.6,0.0,0.0,0.0,113,1,65,0,2,480692,114952,352428,678852,5751,97920,294,294,35,0,0,5,7,5,2,0,1,0,0,0,0,8,525364,0,5,1,13,2882,215311,5154,0,1,23164,18207,2382,2535,219,16,245,0,8,112,112,112,741,132,1893727,211,2,131,5,350629,350575,129,14,2,3,7,523261,335324,7,8,224,21,15,0,3,0,107,656384,324,0,77,1,0,0,7,0,0,7,1,0,0,1
9634.36,1662570860858,5.015699358,1,2.3,30.1,0.0,67.5,0.0,0.0,0.0,114,1,65,0,2,480232,115400,352440,678404,5644,98528,56,56,35,0,0,5,14,5,9,0,2,0,0,0,0,4,477600,0,4,0,31,3044,187540,5352,0,1,23316,18150,4903,5290,870,170,1115,126,138,105,105,106,1730,604,1761627,207,8,131,34,332543,332495,198,18,8,11,20,475810,315904,15,19,365,28,129,0,12,0,102,570390,477,0,145,1,1,6,23,0,0,23,1,1,0,2
9639.37,1662570867690,5.014326143,1,1.0,30.2,0.0,68.7,0.0,0.0,0.0,114,1,65,0,2,480468,115156,352448,678648,5453,98304,84,84,35,0,0,5,7,5,2,0,1,0,0,0,0,13,495170,0,5,1,9,2908,192293,5211,0,1,23199,18173,6029,6185,1262,234,1283,252,8,103,103,104,2467,924,1762649,201,12,130,44,346620,346562,120,14,11,13,25,493117,329146,14,18,224,32,24,0,13,0,98,606785,320,0,71,1,0,0,26,1,4,30,1,0,0,1
9644.39,1662570874462,5.016578989,1,4.4,32.8,0.0,62.1,0.0,0.0,0.6,115,4,65,0,1,480140,115472,352460,678320,8069,102739,294,294,35,0,0,5,7,5,2,1,1,0,0,0,0,16,510457,0,16,0,11,2566,205539,5760,0,1,24523,19115,11532,12025,2307,905,2349,693,9,125,125,123,5322,1765,1894000,237,19,131,6,352532,352454,139,16,19,25,38,508671,330135,17,30,246,24,29,5,25,1,109,608503,369,0,79,1,0,0,40,0,0,40,1,0,0,1
9649.42,1662570881751,5.026660153,1,3.7,31.4,0.0,64.3,0.0,0.0,0.6,114,1,65,0,2,480020,115596,352456,678204,6184,99649,84,84,35,0,0,7,9,7,2,0,1,0,0,0,0,1,505964,0,8,0,9,2925,193609,5581,0,1,23122,18150,3079,3225,446,87,477,0,9,107,107,115,875,263,1783373,209,4,131,6,352067,352019,130,15,4,5,12,503770,337064,10,11,229,29,15,0,5,0,104,611872,343,0,69,1,0,0,12,0,2,14,1,0,0,1
9654.44,1662570888629,5.015794209,1,5.1,31.5,0.0,62.7,0.0,0.0,0.7,114,1,65,0,2,479500,116108,352464,677692,5741,98487,84,84,35,0,0,5,7,5,2,0,1,0,0,0,0,13,506134,0,8,1,12,2908,206886,5530,0,1,23154,18143,6053,6205,1270,488,1285,189,9,100,100,106,2466,929,1856241,197,11,128,44,344210,344149,120,15,11,13,26,504141,326747,14,18,227,32,26,0,13,0,98,609071,348,0,79,1,0,0,26,0,0,26,1,1,1,2
9659.46,1662570895441,5.017184303,1,15.9,38.2,0.0,45.6,0.0,0.0,0.3,114,1,65,0,2,480188,115428,352456,678372,6094,100380,266,266,35,0,0,5,7,5,2,0,1,0,0,0,0,9,549096,0,4,1,11,2876,238240,5198,0,1,23098,18148,2461,2613,232,81,249,126,9,112,112,113,743,129,2039161,209,2,129,5,351471,351430,125,16,2,3,7,547206,336259,7,8,221,20,18,0,3,0,106,705723,300,0,72,1,0,0,4,0,0,4,1,0,0,1
9664.48,1662570902355,5.016905089,1,5.8,37.5,0.0,56.4,0.0,0.0,0.3,114,1,65,0,2,479680,115932,352460,677868,5782,99649,84,84,35,0,0,5,14,5,9,0,2,0,0,0,0,5,562217,0,5,0,26,537,249026,5341,0,1,22896,17967,2074,2483,195,13,316,0,23,106,106,108,234,77,2097906,205,1,130,6,351547,351482,130,18,1,3,9,559743,337442,8,9,222,27,16,0,1,0,102,728599,318,0,90,1,1,6,7,0,0,7,1,1,0,2
9669.5,1662570909178,5.018029561,1,5.2,30.0,0.0,64.5,0.0,0.0,0.3,114,2,64,0,2,479736,115876,352460,677924,5193,91003,56,56,35,0,0,5,7,5,2,0,1,0,0,0,0,10,505250,0,4,0,11,1873,203205,5191,0,1,21841,17122,6004,6162,1256,360,1276,252,9,96,96,97,2467,921,1861889,189,11,122,44,342180,342128,114,14,11,13,26,503212,325475,14,18,209,32,24,0,13,0,93,610957,307,0,78,1,0,0,27,1,4,31,1,0,0,1
9674.52,1662570916019,5.016603065,1,5.1,31.3,0.0,62.0,0.0,0.0,1.6,114,1,65,0,2,479640,115992,352440,677816,6156,99991,294,294,35,0,0,7,11,7,3,2,2,0,0,0,0,11,525636,0,5,0,14,1785,220839,5366,2,1,23231,18259,3897,3806,690,215,454,0,11,111,111,114,1533,524,1911598,209,5,130,17,346422,346394,128,18,5,5,13,523526,329716,8,9,230,36,29,0,6,0,107,665012,333,0,80,1,1,0,9,0,2,11,1,1,1,2
9679.54,1662570922886,5.016079374,1,5.0,26.8,0.0,68.2,0.0,0.0,0.0,113,1,64,0,2,480132,115504,352436,678308,5557,99347,56,56,35,0,0,5,7,5,2,0,1,0,0,0,0,5,535154,0,4,0,10,1514,222748,5341,0,1,22674,17711,880,1388,54,9,80,0,54,102,102,104,4,5,1949467,201,0,132,5,350258,350216,146,13,0,0,4,533501,337174,7,7,237,22,24,0,0,0,100,686105,354,0,81,1,0,0,2,0,0,2,1,1,1,2
9684.55,1662570929651,5.013282319,1,18.7,31.6,0.0,49.4,0.0,0.0,0.3,115,3,66,0,1,479944,115692,352436,678124,13937,203208,350,350,35,0,0,0,0,0,0,1,0,0,0,0,1,5,569833,0,15,0,5,994,251485,5499,0,0,23945,19146,8585,8424,1625,441,1424,252,5,125,125,123,3502,1284,2146028,239,12,130,8,364370,364341,137,11,12,22,25,569210,344451,13,18,254,31,33,5,11,1,113,712046,347,0,63,1,0,0,22,0,0,22,1,0,0,1
9689.57,1662570941718,5.019033416,1,0.7,32.6,0.0,66.7,0.0,0.0,0.0,114,1,65,0,2,480336,115300,352436,678516,5644,98606,84,84,35,0,0,5,14,5,9,0,2,0,0,0,0,6,546945,0,5,0,26,2847,239112,5205,0,1,22884,17963,3067,3552,441,150,467,0,23,106,106,108,867,261,2022794,207,5,130,6,347265,347210,131,17,4,5,12,544964,332500,10,11,223,27,15,0,5,0,103,708294,333,0,93,1,1,6,9,0,0,9,1,1,0,2
9694.59,1662570948539,5.015809176,1,1.7,31.8,0.0,65.9,0.0,0.0,0.7,114,1,65,0,2,479816,115816,352440,678000,5907,97444,84,84,35,0,0,5,7,5,2,0,1,0,0,0,0,8,491744,0,6,1,11,1574,191097,5387,0,1,23220,18197,6030,6600,1290,298,1301,189,9,102,102,106,2471,926,1771520,199,11,130,44,342912,342877,121,16,11,13,26,489755,325448,14,18,221,34,24,0,13,0,98,587683,326,0,74,1,0,0,29,1,4,33,1,0,0,1
9699.61,1662570955306,5.015761992,1,20.5,28.3,0.0,50.2,0.0,0.0,1.0,114,1,65,0,2,479924,115716,352432,678100,6139,99026,266,266,35,0,0,7,10,7,3,2,2,0,0,0,0,3,495303,0,7,0,14,2900,193599,5024,3,1,23197,18236,2482,2945,224,143,243,126,11,112,112,116,743,131,1751249,211,2,130,6,344727,344683,129,17,2,3,7,493503,329329,7,8,230,24,20,0,3,0,109,616579,329,0,81,1,1,0,5,0,2,7,1,1,1,2
9704.63,1662570962086,5.016471362,1,3.6,35.6,0.0,60.8,0.0,0.0,0.0,114,2,64,0,2,479720,115928,352424,677892,5685,99649,84,84,35,0,0,5,7,5,2,0,1,0,0,0,0,7,534162,0,4,1,11,2887,223533,5142,0,1,22971,18020,3049,3534,449,23,469,0,9,106,106,107,874,270,1957930,207,4,131,6,350601,350554,125,16,4,5,12,532208,335727,10,11,223,26,15,0,5,0,103,687350,320,0,74,1,0,0,7,0,0,7,1,0,0,1
9709.65,1662570968893,5.016471312,1,1.2,36.9,0.0,61.9,0.0,0.0,0.0,114,1,65,0,2,480304,115328,352440,678492,5245,93089,56,56,35,0,0,5,7,5,2,0,1,0,0,0,0,8,486604,0,4,0,11,2773,191944,5139,0,1,21921,17192,6018,6165,1267,297,1285,126,9,96,96,99,2472,923,1769829,189,11,123,44,336915,336860,120,16,11,13,26,484441,320133,14,18,210,32,24,0,14,0,94,599921,327,0,78,1,0,0,28,0,0,28,1,0,0,1
9714.68,1662570975714,5.029528073,1,1.8,37.5,0.0,60.4,0.0,0.0,0.4,114,1,65,0,2,480604,115024,352444,678796,6544,108385,294,294,35,0,0,5,7,5,2,0,1,0,0,0,0,2,498055,0,11,1,11,2871,193847,5306,0,1,23321,18346,3555,3651,456,149,317,0,9,112,112,119,1174,287,1821874,211,4,130,14,348243,348191,127,16,4,3,10,495938,331720,7,8,235,34,20,0,5,0,107,599315,329,0,72,1,0,0,7,0,0,7,1,0,0,1
9719.7,1662570983066,5.023597660,1,5.1,31.5,0.0,63.1,0.0,0.0,0.3,114,1,65,0,2,479776,115860,352436,677960,7980,101990,56,56,35,0,0,5,9,5,4,1,2,0,0,0,0,22,512661,0,15,0,16,2854,201375,5584,0,1,24216,18840,11983,12555,2471,600,2501,378,12,119,119,117,5345,1854,1823742,235,21,130,7,357223,357139,142,16,20,27,42,510529,335407,19,32,248,29,30,5,26,1,106,607716,359,0,83,1,2,6,43,1,4,47,1,1,0,2
9724.72,1662570989895,5.015574191,1,1.9,35.4,0.0,62.4,0.0,0.0,0.3,114,1,65,0,2,480116,115516,352440,678300,5453,97183,84,84,35,0,0,5,7,5,2,6,1,0,0,0,0,10,533852,0,5,1,11,2936,233380,5689,0,1,23526,18323,6734,7201,1426,375,1455,126,161,101,101,103,2718,1017,2004064,197,15,132,44,345404,345347,212,16,15,17,29,532436,326861,15,23,382,33,138,0,17,0,98,652795,535,0,150,1,0,0,25,0,0,25,1,0,0,1
9729.74,1662570996749,5.016284812,1,2.7,29.9,0.0,67.1,0.0,0.0,0.3,114,1,65,0,2,480352,115272,352448,678548,5668,99078,189,189,35,0,0,8,11,7,3,1,2,0,0,0,0,14,461024,0,4,0,14,2889,169606,5056,2,1,22847,17849,4043,4214,888,220,915,63,11,104,104,103,1639,682,1595823,205,7,129,45,336340,336293,126,18,7,8,17,459461,320628,10,13,227,34,26,0,8,0,99,552486,315,0,74,0,0,0,22,0,2,24,0,0,0,0
9734.76,1662571003562,5.023092983,1,3.0,31.6,0.0,65.5,0.0,0.0,0.0,114,1,65,0,2,480148,115468,352456,678352,11110,103365,9007,9007,35,0,0,5,7,5,2,0,1,0,0,0,0,3,536182,0,3,1,11,2862,236094,5251,0,1,22719,17768,1169,1764,125,13,276,0,9,128,129,127,184,66,1995545,218,1,131,5,338454,338406,132,15,1,1,6,534198,325207,7,7,234,23,25,7,1,2,122,696794,318,0,73,1,0,0,4,0,0,4,1,0,0,1
9739.78,1662571010365,5.016641115,1,3.1,38.8,0.0,57.8,0.0,0.0,0.3,114,1,65,0,2,480808,114816,352448,679004,5487,98304,84,84,35,0,0,5,7,5,2,0,1,0,0,0,0,16,479821,0,8,0,11,2666,189121,5199,0,1,23099,18107,6041,6564,1275,298,1298,189,9,102,102,106,2467,930,1774897,198,11,129,44,333127,333072,124,15,11,13,26,477842,315747,14,18,222,32,23,0,13,0,97,571773,344,0,75,1,0,0,28,0,0,28,1,0,0,1
9744.8,1662571017186,5.018462664,1,1.9,36.0,0.0,62.1,0.0,0.0,0.0,114,1,65,0,2,480952,114660,352460,679160,6128,98623,56,56,35,0,0,5,14,5,9,8,2,0,0,0,0,9,492534,0,9,1,26,1110,191913,5515,0,1,23101,18066,5834,5995,1281,368,1306,63,23,106,106,111,2457,945,1807746,209,15,129,45,342235,342177,128,18,15,17,28,490657,325325,12,22,237,36,30,0,17,0,102,580146,362,0,99,1,1,6,24,0,0,24,1,1,0,2
9749.82,1662571024023,5.016167113,1,2.7,34.7,0.0,62.6,0.0,0.0,0.0,114,2,64,0,2,480012,115608,352452,678212,5953,98304,84,84,35,0,0,5,7,5,2,0,1,0,0,0,0,4,494735,0,7,0,14,528,191913,5073,0,1,22940,17986,2935,3397,436,86,459,63,9,103,103,107,874,257,1723592,201,4,130,5,342371,342323,122,16,4,5,12,492595,327568,10,11,216,23,11,0,5,0,100,602926,315,0,77,1,0,0,7,1,4,11,1,0,0,1
9754.84,1662571030807,5.015914513,1,4.4,24.9,0.0,70.4,0.0,0.0,0.3,113,1,64,0,2,480832,114788,352452,679032,6123,109777,56,56,35,0,0,5,7,5,2,0,1,0,0,0,0,0,494881,0,5,0,11,536,194247,4940,0,1,22986,18022,2945,3294,442,23,470,0,9,103,103,106,872,264,1817978,203,4,131,5,340964,340916,127,15,4,11,12,492937,326251,10,11,214,23,11,0,5,0,100,601827,318,0,73,1,0,0,9,0,0,9,1,1,1,2
9759.85,1662571038119,5.013296570,1,7.2,29.0,0.0,63.2,0.0,0.0,0.6,114,1,65,0,2,480384,115228,352460,678592,8412,109815,84,84,35,0,0,7,17,7,10,1,2,0,0,0,0,11,509901,0,15,0,28,3565,209899,5626,1,1,24160,18889,13361,13232,2964,735,2964,693,25,119,119,118,6087,2294,1884190,235,24,133,48,349225,349186,141,18,24,29,47,508512,327419,19,33,263,44,46,5,30,1,108,609968,380,0,100,3,2,6,53,1,6,59,1,3,2,2
9764.87,1662571045470,5.021024889,1,20.2,30.6,0.0,48.3,0.0,0.0,0.9,114,1,65,0,2,480636,114976,352460,678844,5488,99347,56,56,35,0,0,5,7,5,2,0,1,0,0,0,0,3,567555,0,4,0,10,1241,252210,5602,0,1,22600,17677,859,1329,51,10,78,0,8,102,102,104,3,5,2121369,201,0,130,5,353112,353069,124,14,0,0,3,565564,340218,6,6,216,21,13,0,0,0,100,757516,294,0,69,1,0,0,3,1,4,7,1,0,0,1
9769.89,1662571052299,5.021340462,1,2.8,37.8,0.0,59.4,0.0,0.0,0.0,114,1,65,0,2,480488,115132,352452,678688,5665,98835,294,294,35,0,0,5,7,5,2,6,1,0,0,0,0,15,533440,0,5,0,11,638,226159,5799,0,1,23736,18618,5116,5271,774,172,794,63,143,109,109,111,1816,479,1946376,205,10,133,5,350168,350114,204,15,10,12,20,531498,332190,12,18,367,24,129,0,12,0,106,659534,508,0,137,1,0,0,12,0,0,12,1,0,0,1
9774.91,1662571059108,5.016565244,1,2.5,36.8,0.0,60.1,0.0,0.0,0.6,114,1,65,0,2,479256,116364,352452,677456,6333,98973,56,56,35,0,0,5,7,5,2,4,1,0,0,0,0,10,487545,0,9,0,10,2924,189234,5417,0,1,23144,18099,4632,4802,1038,356,1071,0,8,109,109,110,1843,787,1761147,215,11,130,46,340053,339991,126,13,11,12,21,485563,323578,10,17,241,38,29,0,12,0,103,589022,326,0,78,1,0,0,19,0,0,19,1,0,0,1
9779.93,1662571065937,5.017284109,1,5.3,38.6,0.0,55.8,0.0,0.0,0.3,113,1,65,0,2,480516,115096,352460,678724,5711,96374,84,84,35,0,0,5,7,5,2,0,1,0,0,0,0,5,533098,0,5,0,11,530,228584,5313,0,1,22446,17552,2279,2495,490,18,265,0,9,102,102,105,767,355,1957813,199,3,128,16,343327,343284,121,15,3,2,9,531122,329051,7,7,221,31,25,0,3,0,100,688426,299,0,70,1,0,0,4,0,0,4,1,0,0,1
9784.95,1662571072771,5.015940583,1,2.1,36.4,0.0,60.3,0.0,0.0,1.2,113,1,65,0,2,481148,114464,352460,679356,5717,97792,294,294,35,0,0,5,7,5,2,0,1,0,0,0,0,10,504440,0,4,0,13,2900,202642,5337,0,1,23338,18391,4427,4871,608,95,631,0,9,109,109,110,1604,384,1813935,207,6,130,5,343976,343927,129,16,6,8,17,502454,327017,11,13,219,23,15,0,8,0,106,619828,335,0,81,1,0,0,11,0,0,11,1,1,1,2
9789.97,1662571079563,5.016403655,1,3.3,35.0,0.0,61.4,0.0,0.0,0.3,113,1,65,0,2,480076,115536,352460,678284,5571,93765,56,56,35,0,0,7,16,7,9,0,2,0,0,0,0,8,533527,0,4,0,26,1095,227043,5208,0,1,21650,16924,4067,4265,890,220,918,63,23,99,99,101,1594,679,1967629,195,7,123,45,346076,346024,121,17,7,8,16,531521,330973,10,13,218,35,28,0,8,0,96,684475,328,0,96,1,1,6,20,0,2,22,1,1,0,2
9794.99,1662571086410,5.016291471,1,1.9,33.4,0.0,64.3,0.0,0.0,0.3,113,1,65,0,2,480328,115308,352436,678528,7566,99672,84,84,35,0,0,5,7,5,2,0,1,0,0,0,0,17,494645,0,16,1,14,2055,192778,5668,0,1,24129,18702,13116,13588,2966,984,2979,756,9,116,116,115,6204,2320,1765713,227,24,128,46,349246,349172,135,16,24,30,47,492600,326429,20,35,252,37,40,5,30,1,104,583072,365,0,79,1,0,0,54,1,4,58,1,0,0,1
9800.02,1662571093252,5.033800066,1,3.7,36.4,0.0,59.6,0.0,0.0,0.3,113,1,65,0,2,480036,115608,352428,678228,6251,98835,266,266,35,0,0,5,7,5,2,0,1,0,0,0,0,5,524040,0,9,0,11,2918,212106,5325,0,1,23498,18527,4488,4621,610,31,634,0,9,109,109,118,1603,377,1874217,207,6,131,5,354482,354426,129,14,6,8,17,521879,337467,11,13,224,24,15,0,8,0,107,648413,346,0,80,1,0,0,9,0,0,9,1,0,0,1
9805.04,1662571100086,5.015367110,1,3.8,37.5,0.0,58.3,0.0,0.0,0.3,113,1,65,0,2,479720,115924,352428,677912,5955,99699,84,84,35,0,0,5,7,5,2,0,1,0,0,0,0,4,490116,0,10,1,11,2396,189403,5274,0,1,23004,17992,4076,4606,895,347,913,126,9,106,106,112,1595,679,1785464,207,7,129,45,341354,341302,129,16,7,8,16,488039,325559,10,13,235,34,24,0,8,0,102,599708,329,0,75,1,0,0,19,0,0,19,1,0,0,1
9810.06,1662571106916,5.016407156,1,1.4,29.7,0.0,68.9,0.0,0.0,0.0,113,1,65,0,2,479516,116124,352432,677712,5712,98382,56,56,35,0,0,5,7,5,2,0,1,0,0,0,0,5,489462,0,4,0,13,2914,194319,5220,0,1,22948,17928,4060,4228,2373,1607,2403,1449,8,103,103,104,1648,2165,1743919,203,7,129,45,336483,336435,121,14,7,9,17,487428,320658,10,13,224,31,24,0,9,0,100,615352,324,0,76,1,0,0,26,0,0,26,1,1,1,2
9815.08,1662571113721,5.015840394,1,2.4,38.8,0.0,58.4,0.0,0.0,0.3,113,2,65,0,2,479792,115840,352440,677996,5717,99878,294,294,35,0,0,7,10,7,3,1,2,0,0,0,0,6,528897,0,5,0,13,2917,218588,5478,3,1,23657,18546,4579,5076,628,100,636,0,107,110,110,112,1612,372,1924620,207,6,132,5,353161,353106,183,18,6,8,16,526758,335607,12,14,320,24,85,0,8,0,106,660914,460,0,115,1,1,0,12,0,2,14,1,1,1,2
9820.1,1662571120505,5.016550130,1,5.6,36.8,0.0,56.7,0.0,0.0,0.9,113,1,65,0,2,480660,114968,352444,678868,6087,99153,84,84,35,0,0,5,9,5,4,0,2,0,0,0,0,8,501550,0,5,0,15,578,196828,5286,0,1,22829,17855,4068,4236,887,284,927,63,12,108,108,109,1599,700,1832325,211,7,129,45,344841,344774,130,16,7,8,17,499761,329115,10,13,227,28,24,0,8,0,102,619713,340,0,80,1,2,6,20,1,4,24,1,1,0,2
9825.12,1662571127311,5.016367322,1,1.9,32.4,0.0,65.4,0.0,0.0,0.3,113,1,65,0,2,480312,115324,352436,678512,5757,97261,56,56,35,0,0,7,11,7,4,4,2,0,0,0,0,5,517339,0,4,0,16,1539,218458,5384,2,1,22774,17802,3981,4512,886,285,910,0,13,101,101,105,1601,685,1903746,199,8,129,44,339671,339617,127,18,7,8,17,515370,324063,10,13,222,33,25,0,8,0,98,649632,339,0,89,3,5,4,21,1,6,27,1,3,2,2
9830.14,1662571134132,5.016361128,1,4.6,38.1,0.0,57.3,0.0,0.0,0.0,112,1,64,0,2,480508,115128,352436,678708,5751,97792,294,294,35,0,0,5,7,5,2,0,1,0,0,0,0,9,523574,0,7,0,11,563,215533,5380,0,1,23269,18340,4435,4685,613,94,626,126,9,110,110,114,1603,375,1933931,207,6,130,5,349726,349678,125,16,6,8,16,521869,332816,11,13,223,23,15,0,8,0,106,641588,337,0,76,1,0,0,11,0,0,11,1,0,0,1
9835.15,1662571140938,5.013082985,1,1.5,38.5,0.0,60.1,0.0,0.0,0.0,113,1,65,0,2,480304,115328,352440,678504,14370,213191,140,140,35,0,0,0,0,0,0,1,0,0,0,0,1,11,536468,0,15,0,5,3318,220552,5581,0,0,22820,18150,10549,10464,2426,779,2241,567,5,113,113,112,4707,1902,1971493,223,17,125,46,361027,360990,129,11,17,29,38,536166,341112,18,26,247,37,40,5,21,1,102,652747,335,0,64,1,0,0,45,0,0,45,1,0,0,1
9840.17,1662571153688,5.015900046,1,2.8,39.1,0.0,57.0,0.0,0.0,1.1,113,2,64,0,2,479840,115784,352448,678052,5810,100139,294,294,35,0,0,5,7,5,2,0,1,0,0,0,0,5,509628,0,4,0,13,1668,197586,5229,0,1,23428,18467,4432,4581,605,93,632,0,8,110,110,111,1614,382,1777567,207,6,130,5,353727,353676,127,13,6,8,16,507819,336753,11,13,220,22,15,0,8,0,107,626262,327,0,78,1,0,0,8,0,0,8,1,0,0,1
9845.19,1662571160507,5.015329638,1,5.6,32.0,0.0,62.4,0.0,0.0,0.0,113,2,65,0,2,480084,115548,352440,678288,6040,97563,84,84,35,0,0,5,9,5,4,0,2,0,0,0,0,9,548014,0,7,1,16,609,243650,5484,0,1,22844,17866,4070,4587,878,284,902,63,13,105,105,111,1601,682,2061829,205,7,129,45,344741,344684,130,17,7,8,17,546105,329041,10,13,229,37,24,0,8,0,102,694034,345,0,84,1,2,6,20,1,4,24,1,1,0,2
9850.21,1662571167325,5.016695879,1,1.8,37.8,0.0,59.8,0.0,0.0,0.6,112,1,65,0,2,479484,116136,352452,677700,5735,98304,56,56,35,0,0,7,9,7,2,0,1,0,0,0,0,9,511897,0,9,0,11,1742,210003,5449,0,1,22788,17808,3970,4153,888,347,906,0,9,102,102,108,1612,679,1856248,201,7,129,44,343375,343335,122,15,7,9,17,509909,327780,10,13,225,31,23,0,8,0,99,645212,352,0,76,1,0,0,22,0,2,24,1,0,0,1
9855.23,1662571174110,5.015830161,1,4.3,31.6,0.0,64.2,0.0,0.0,0.0,112,1,65,0,2,479728,115900,352444,677936,5872,98913,294,294,35,0,0,5,7,5,2,0,1,0,0,0,0,8,504431,0,5,0,11,1018,194435,5545,0,1,23404,18441,4424,4573,612,94,634,63,9,112,112,113,1614,385,1781682,209,6,130,5,351351,351301,126,16,6,8,16,502368,334293,11,13,222,23,16,0,8,0,108,621633,330,0,74,1,0,0,10,0,0,10,1,0,0,1
9860.25,1662571180974,5.016128963,1,4.5,36.6,0.0,58.6,0.0,0.0,0.3,112,1,65,0,2,479468,116160,352444,677676,5822,98864,56,56,35,0,0,5,7,5,2,4,1,0,0,0,0,6,494218,0,5,0,11,2874,189161,5091,0,1,23011,18000,3160,3881,611,157,864,126,9,111,111,112,1087,421,1792767,219,8,129,34,346681,346643,135,16,8,10,15,492797,331924,9,16,242,26,21,0,9,0,107,591061,322,0,74,0,0,0,19,0,0,19,0,0,0,0
9865.27,1662571187768,5.016044748,1,3.1,34.9,0.0,62.1,0.0,0.0,0.0,112,1,65,0,2,480604,115016,352452,678820,5608,98382,84,84,35,0,0,5,7,5,2,0,1,0,0,0,0,11,491195,0,5,0,11,570,191119,5268,0,1,22781,17798,3947,4115,872,472,897,189,9,102,102,105,1604,689,1795164,201,7,129,44,340550,340496,122,16,7,8,16,489171,324939,10,13,223,31,24,0,8,0,100,588631,314,0,77,1,0,0,19,0,0,19,1,0,0,1
9870.29,1662571194561,5.015848138,1,13.1,34.3,0.0,52.6,0.0,0.0,0.0,113,2,66,0,1,479848,115768,352456,678068,8069,101697,294,294,35,0,0,5,9,5,4,1,2,0,0,0,0,22,509595,0,16,0,14,3895,200610,5705,0,1,24694,19277,13472,14041,2665,606,2721,441,13,123,123,120,6182,1993,1832480,234,23,130,8,357697,357614,141,18,23,30,47,507259,333594,21,35,251,26,32,5,30,1,109,584715,382,0,87,1,2,6,43,1,4,47,1,1,0,2
9875.31,1662571201841,5.016642509,1,1.8,38.2,0.0,59.7,0.0,0.0,0.3,112,2,64,0,2,479660,115956,352456,677880,5633,98606,84,84,35,0,0,7,9,7,2,0,1,0,0,0,0,1,562366,0,4,0,11,2880,251718,5283,0,1,22849,17934,3040,3183,446,86,470,0,9,105,105,106,873,257,2116223,205,4,130,6,351143,351095,128,15,4,5,12,560529,336389,10,11,221,26,15,0,5,0,102,722971,310,0,74,1,0,0,8,0,2,10,1,0,0,1
9880.33,1662571208658,5.016519805,1,4.1,32.5,0.0,62.5,0.0,0.0,0.9,112,1,65,0,2,479580,116036,352456,677800,5557,97444,84,84,35,0,0,5,7,5,2,0,1,0,0,0,0,9,513427,0,5,0,11,1514,210028,5185,0,1,22813,17823,3941,4110,887,220,907,0,9,100,100,103,1599,689,1868851,197,7,129,44,343497,343440,120,16,7,8,17,511360,327808,10,13,218,31,23,0,8,0,98,639083,315,0,76,1,0,0,21,0,0,21,1,0,0,1
9885.35,1662571215507,5.016403455,1,6.8,30.3,0.0,62.9,0.0,0.0,0.0,112,2,64,0,2,479984,115640,352448,678196,5852,99991,266,266,35,0,0,5,7,5,2,0,1,0,0,0,0,4,495941,0,4,0,9,2904,193137,5355,0,1,23513,18531,4504,4992,614,94,644,63,9,110,110,113,1611,391,1785715,209,6,130,6,345043,344988,126,16,6,8,16,493925,327861,11,13,225,26,20,0,8,0,108,602112,326,0,75,1,0,0,11,0,0,11,1,0,0,1
9890.37,1662571222838,5.016371271,1,2.4,26.1,0.0,71.4,0.0,0.0,0.0,112,1,65,0,2,480848,114772,352452,679064,5794,99699,84,84,35,0,0,5,7,5,2,0,1,0,0,0,0,2,528125,0,5,1,11,584,219393,5287,0,1,22926,17988,3039,3582,441,87,484,0,9,104,104,107,869,270,1927177,203,4,129,5,348234,348185,127,16,4,5,13,526241,333615,10,11,214,23,11,0,5,0,99,660610,305,0,79,1,0,0,9,0,0,9,1,0,0,1
9895.38,1662571229618,5.014774309,1,3.6,38.4,0.0,58.0,0.0,0.0,0.0,112,1,65,0,2,480620,114992,352460,678844,5764,97600,56,56,35,0,0,5,9,5,4,0,2,0,0,0,0,12,530507,0,4,0,15,2376,231416,5320,0,1,22853,17855,3961,4089,884,95,910,63,12,103,103,104,1603,680,1973430,203,7,130,44,340776,340733,122,15,7,8,16,528709,325145,10,13,222,31,24,0,8,0,100,675550,306,0,82,1,2,6,22,1,4,26,1,1,0,2
9900.4,1662571236439,5.016072009,1,3.1,35.7,0.0,60.3,0.0,0.0,0.9,112,2,64,0,2,480384,115224,352464,678612,5730,97905,294,294,35,0,0,7,11,7,4,2,2,0,0,0,0,13,533439,0,8,0,15,880,228539,5361,3,1,23601,18585,7606,7765,1452,367,1467,63,13,110,110,112,3204,1054,1977444,207,13,129,45,349075,349020,126,17,13,16,29,531764,329372,15,20,232,35,30,0,16,0,103,658917,351,0,83,1,1,0,28,0,2,29,0,0,0,0
9905.42,1662571243273,5.018275847,1,3.6,21.8,0.0,73.9,0.0,0.0,0.7,111,1,64,0,2,480352,115264,352456,678572,5867,99555,56,56,35,0,0,5,7,5,2,6,1,0,0,0,0,3,536677,0,7,0,11,2914,228660,5516,0,1,22900,17943,3445,3603,579,157,617,0,9,104,104,107,1114,352,1986473,203,8,129,5,347751,347683,127,15,8,9,17,534594,332625,10,15,227,22,18,0,9,0,100,669906,340,0,81,1,0,0,9,0,1,10,1,0,0,1
9910.58,1662571250046,5.155264464,1,6.3,35.2,0.0,57.8,0.0,0.0,0.6,112,1,65,0,2,479576,116032,352464,677800,8496,114613,84,84,35,0,0,5,12,5,7,1,2,0,0,0,0,22,558384,0,15,0,22,3359,240979,5867,1,1,23775,18755,11826,11926,2567,603,2565,378,19,117,117,114,5442,1988,2086284,231,23,131,35,364936,364900,139,18,22,27,41,558127,344539,19,33,247,28,29,5,27,1,104,676797,379,0,87,3,2,7,53,1,4,57,1,3,2,2
9915.6,1662571257839,5.016543056,1,1.4,37.5,0.0,60.3,0.0,0.0,0.7,112,1,65,0,2,480124,115472,352476,678360,5565,93504,84,84,35,0,0,5,7,5,2,0,1,0,0,0,0,11,508034,0,5,1,11,2707,208542,5198,0,1,21699,16961,4036,4206,887,283,916,126,9,98,98,101,1608,683,1864105,191,7,123,45,339419,339364,121,16,7,8,16,505959,324319,10,13,215,34,25,0,8,0,95,624898,330,0,78,1,0,0,21,0,0,21,1,0,0,1
9920.62,1662571264664,5.016433215,1,11.3,29.2,0.0,58.8,0.0,0.0,0.6,112,3,65,0,1,480628,114964,352480,678868,5655,99658,84,84,35,0,0,5,7,5,2,0,1,0,0,0,0,4,490964,0,6,1,11,557,190901,4955,0,1,22862,17924,2924,3478,438,87,462,0,9,105,105,107,872,268,1804745,203,4,130,5,339482,339435,123,15,4,5,13,488939,324838,10,11,217,23,11,0,5,0,100,599532,316,0,79,1,0,0,9,0,0,9,1,0,0,1
9925.64,1662571271724,5.016460510,1,2.9,41.0,0.0,55.9,0.0,0.0,0.3,112,1,65,0,2,480148,115440,352484,678392,5845,99788,189,189,35,0,0,5,7,5,2,6,1,0,0,0,0,2,560786,0,7,0,11,544,246848,5517,0,1,22796,17866,1587,1960,193,80,220,0,9,107,107,109,335,100,2087439,203,4,129,5,352681,352631,123,15,4,4,8,558706,338567,6,10,216,22,12,0,4,0,102,722729,298,0,71,1,0,0,3,0,0,3,1,0,0,1
9930.66,1662571278549,5.016453170,1,3.2,37.4,0.0,58.2,0.0,0.0,1.2,112,1,65,0,2,480628,114960,352484,678872,6090,100101,84,84,35,0,0,5,7,5,2,0,1,0,0,0,0,7,485175,0,5,0,10,1616,188931,5175,0,1,23052,18023,4151,4626,891,220,917,63,8,108,108,110,1590,683,1779044,211,7,130,46,336884,336306,126,13,7,8,17,482629,320579,10,13,229,34,28,0,8,0,102,594135,318,0,78,1,0,0,18,0,0,18,1,0,0,1
9935.68,1662571285382,5.018414821,1,19.8,36.1,0.0,43.8,0.0,0.0,0.3,112,1,65,0,2,480564,115032,352476,678800,5712,99425,56,56,35,0,0,5,9,5,4,4,2,0,0,0,0,4,499084,0,3,0,19,605,191428,5197,3,1,22937,17985,2937,3085,433,86,461,126,13,103,103,104,877,258,1743671,203,4,131,5,347019,346970,129,18,4,5,13,497066,332342,10,11,218,22,15,0,5,0,100,615564,314,0,89,1,1,0,8,1,4,12,1,2,2,2
9940.7,1662571292175,5.016290104,1,3.2,37.5,0.0,59.3,0.0,0.0,0.0,112,1,65,0,2,479768,115816,352488,678016,5706,99878,294,294,35,0,0,8,10,8,2,0,1,0,0,0,0,9,550778,0,4,1,11,2898,235536,5413,0,1,23085,18146,3015,3194,369,89,346,0,9,110,110,111,1081,228,2021191,207,3,130,5,355462,355421,125,16,3,3,11,548833,339991,9,10,217,21,14,0,7,0,107,699976,321,0,73,1,0,0,6,0,3,9,1,0,0,1
9945.72,1662571299026,5.016589323,1,2.5,35.7,0.0,61.8,0.0,0.0,0.0,112,1,65,0,2,481416,114184,352472,679652,7892,102245,56,56,35,0,0,5,7,5,2,0,1,0,0,0,0,23,491614,0,15,0,11,3831,194288,5765,0,1,24347,18887,13305,13489,2958,796,2976,693,9,120,120,118,6138,2288,1792701,237,24,129,48,345518,345442,140,15,24,30,47,489422,322349,20,35,265,44,46,5,30,1,108,568214,387,0,82,1,0,0,57,0,0,57,1,0,0,1
9950.74,1662571305845,5.015176266,1,3.4,39.8,0.0,56.2,0.0,0.0,0.6,112,1,65,0,2,480104,115492,352476,678340,11523,106283,8983,8983,35,0,0,5,7,5,2,6,1,0,0,0,0,11,514761,0,12,0,11,2234,215591,5697,0,1,23601,18441,5710,5607,1190,241,1020,0,89,147,148,149,2203,839,1862463,235,12,132,18,343409,343356,188,15,12,12,24,512860,325379,12,17,380,39,143,11,13,2,136,614646,482,0,120,1,0,0,10,0,0,10,1,0,0,1
9955.76,1662571313143,5.021576836,1,3.3,41.0,0.0,55.0,0.0,0.0,0.6,112,1,65,0,2,480124,115476,352472,678360,5999,99878,266,266,35,0,0,5,7,5,2,0,1,0,0,0,0,8,507531,0,9,1,11,2296,203467,5387,0,1,23104,18156,2369,2523,226,206,249,0,9,109,109,116,739,134,1863441,207,2,130,5,344413,344364,125,16,2,3,8,505482,329227,7,8,223,22,14,0,3,0,106,634744,340,0,71,1,0,0,6,0,0,6,1,0,0,1
9960.78,1662571319976,5.016688914,1,1.2,42.3,0.0,56.3,0.0,0.0,0.3,112,1,65,0,2,479856,115732,352484,678104,5770,95477,84,84,35,0,0,5,9,5,4,1,2,0,0,0,0,8,531442,0,10,0,16,2828,231146,5502,3,1,22322,17460,4098,4266,888,31,931,63,13,103,103,109,1610,682,1967949,201,8,126,45,341530,341476,128,18,7,8,16,529496,326101,9,12,229,35,27,0,8,0,99,659321,334,0,82,1,1,0,23,1,4,27,1,2,2,2
9965.8,1662571326821,5.015834082,1,3.3,36.9,0.0,59.5,0.0,0.0,0.3,112,1,65,0,2,479808,115788,352476,678048,5349,97261,84,84,35,0,0,7,9,7,2,0,1,0,0,0,0,4,496796,0,4,0,11,2081,192092,5507,0,1,23072,18085,6007,6167,1283,297,1302,63,9,101,101,101,2469,933,1768551,199,11,129,44,346304,346247,125,16,11,13,26,494651,328876,14,18,221,32,24,0,13,0,96,594108,334,0,82,1,0,0,27,0,2,29,1,0,0,1
9970.81,1662571333605,5.013503428,1,3.6,33.9,0.0,61.7,0.0,0.0,0.7,112,1,65,0,2,480580,115008,352484,678828,5856,100189,266,266,35,0,0,5,7,5,2,0,1,0,0,0,0,4,507699,0,4,0,10,2934,200384,5153,0,1,23033,18098,2355,2509,221,79,236,63,8,110,110,109,741,126,1859360,209,2,130,5,348038,347989,124,13,2,3,7,505816,332886,7,8,219,21,14,0,3,0,105,632228,304,0,71,1,0,0,4,0,0,4,1,0,0,1
9975.82,1662571340445,5.014836023,1,2.6,38.2,0.0,58.7,0.0,0.0,0.6,112,1,65,0,2,480508,115088,352476,678748,6155,98684,84,84,35,0,0,5,7,5,2,0,1,0,0,0,0,5,488162,0,5,0,11,1337,188755,5026,0,1,22934,17927,4064,4236,885,158,916,189,9,106,106,111,1604,687,1779769,207,7,133,45,339739,339686,125,15,7,8,16,486109,323964,10,13,229,37,25,0,8,0,103,600903,322,0,73,1,0,0,23,0,0,23,1,0,0,1
9980.84,1662571347212,5.016442782,1,2.4,30.4,0.0,66.0,0.0,0.0,1.2,111,1,64,0,2,480008,115572,352492,678260,5505,99347,56,56,35,0,0,5,7,5,2,0,1,0,0,0,0,12,508592,0,4,0,10,813,201755,5491,0,1,23203,18189,6018,6497,1266,234,1289,126,8,101,101,103,2471,931,1817274,199,11,129,44,348942,348886,123,13,11,13,26,506561,331549,14,18,221,32,24,0,13,0,99,623330,334,0,82,1,0,0,27,0,1,28,1,0,0,1
9985.85,1662571353967,5.012623134,1,2.4,29.1,0.0,68.2,0.0,0.0,0.3,112,1,65,0,2,480092,115492,352488,678340,12713,180044,350,350,35,0,0,0,1,0,1,1,1,0,0,0,0,24,530654,0,15,0,8,3095,220945,5762,2,0,22896,18214,13434,13415,2913,668,2871,252,7,117,117,114,5896,2252,1971049,229,25,123,48,358393,358349,134,14,25,34,50,529965,336114,22,35,259,44,48,5,26,1,104,611529,379,0,75,1,1,0,59,0,0,59,1,2,2,2
9990.87,1662571365059,5.015620142,1,21.5,30.6,0.0,47.6,0.0,0.0,0.3,112,1,65,0,2,479564,116020,352488,677812,5683,97469,56,56,35,0,0,5,7,5,2,0,1,0,0,0,0,3,531559,0,5,0,11,1932,213062,5546,0,1,23209,18087,3081,3229,454,30,474,0,127,104,104,107,872,268,1911342,205,4,133,5,358253,358200,186,16,4,5,13,529476,342850,11,12,345,24,111,0,5,0,102,644493,460,0,113,0,0,0,9,0,0,9,0,0,0,0
9995.89,1662571371836,5.016261597,1,4.1,37.1,0.0,58.8,0.0,0.0,0.0,112,1,65,0,2,480700,114860,352512,678960,6153,99425,189,189,35,0,0,5,7,5,2,0,1,0,0,0,0,6,555628,0,9,0,11,2879,242343,5534,0,1,23031,18123,2054,1949,128,13,77,0,9,106,106,114,237,63,2069298,203,0,130,5,353725,353681,123,15,0,0,5,553573,338752,6,6,219,24,12,0,1,0,102,712291,312,0,67,1,0,0,3,0,0,3,1,0,0,1
10000.9,1662571378626,5.016656753,1,4.9,34.9,0.0,59.6,0.0,0.0,0.6,112,1,65,0,2,481164,114408,352500,679424,5669,93765,84,84,35,0,0,5,7,5,2,0,1,0,0,0,0,11,509497,0,6,0,11,1542,213712,5313,0,1,22122,17360,6212,6371,1287,171,1308,126,9,101,101,105,2466,931,1860800,197,11,124,46,338444,338389,124,15,11,13,26,507456,321387,14,18,225,39,30,0,13,0,99,619167,332,0,81,1,0,0,26,0,0,26,1,0,0,1
10005.9,1662571385455,5.017608882,1,23.9,34.0,0.0,41.8,0.0,0.0,0.3,112,1,65,0,2,480848,114720,352504,679112,5850,99397,56,56,35,0,0,5,14,5,9,0,2,0,0,0,0,7,557611,0,7,1,26,2864,244106,5557,0,1,22864,17927,2935,3081,435,24,460,0,23,103,103,107,874,261,2075891,201,4,129,5,353550,353499,124,18,4,5,13,555563,338915,10,11,219,23,14,0,5,0,100,716698,322,0,90,1,1,6,10,0,0,10,1,1,0,2
10010.9,1662571392362,5.018728875,1,2.5,35.8,0.0,61.1,0.0,0.0,0.6,112,1,65,0,2,480580,114996,352496,678836,5947,99878,294,294,35,0,0,7,10,7,3,1,2,0,0,0,0,5,555688,0,10,0,14,2496,248208,5669,2,1,22961,18048,2377,2535,227,17,261,63,11,109,109,116,708,137,2073392,205,2,129,5,347431,347382,126,17,2,3,7,553701,332333,7,8,222,22,14,0,3,0,106,697315,348,0,78,1,1,0,6,1,6,12,1,2,2,2
10015.9,1662571399233,5.016296035,1,2.2,36.8,0.0,60.4,0.0,0.0,0.6,112,1,65,0,2,479416,116156,352500,677676,6020,97754,56,56,35,0,0,5,7,5,2,0,1,0,0,0,0,13,511140,0,7,1,10,2862,221747,5387,0,1,23122,18139,6215,6739,1286,424,1320,0,8,105,105,111,2467,949,1895261,207,12,128,46,333104,333045,127,13,11,13,26,509100,315600,14,18,236,39,31,0,13,0,103,621224,362,0,79,1,0,0,26,0,1,27,1,0,0,1
10020.9,1662571406076,5.017754515,1,3.7,31.3,0.0,65.1,0.0,0.0,0.0,112,2,64,0,2,480620,114948,352504,678884,7503,99672,84,84,35,0,0,5,7,5,2,1,1,0,0,0,0,20,513058,0,15,0,11,2253,216410,5838,0,1,24233,18848,13504,13422,2978,926,2734,819,9,117,117,115,6244,2286,1885424,229,24,129,18,344586,344505,136,15,24,29,48,510970,321320,21,34,255,37,41,5,30,1,105,621175,378,0,78,1,0,0,45,0,0,45,1,0,0,1
10025.9,1662571412949,5.015597036,1,2.3,32.3,0.0,65.2,0.0,0.0,0.3,112,2,65,0,2,480424,115140,352508,678692,5815,99928,294,294,35,0,0,5,7,5,2,0,1,0,0,0,0,6,490219,0,5,1,11,2926,192234,5103,0,1,23094,18142,2362,2513,220,17,244,0,9,110,110,112,733,137,1746505,209,2,130,5,339072,339028,126,16,2,3,8,488208,323863,6,7,221,22,14,0,3,0,107,606486,313,0,69,1,0,0,5,0,0,5,1,0,0,1
10030.9,1662571419692,5.015520790,1,5.2,32.4,0.0,62.0,0.0,0.0,0.3,112,1,65,0,2,479652,115912,352508,677920,5883,98980,56,56,35,0,0,5,7,5,2,0,1,0,0,0,0,15,531012,0,4,0,11,2884,226501,5496,0,1,23143,18145,6126,6675,1264,298,1299,0,9,105,105,106,2469,938,1965796,205,11,128,45,347381,347330,124,16,11,13,25,528909,329866,14,18,230,36,28,0,13,0,102,661513,328,0,77,1,0,0,28,0,0,28,1,0,0,1
10035.9,1662571426505,5.016907812,1,4.6,34.0,0.0,60.8,0.0,0.0,0.7,112,1,65,0,2,479840,115716,352516,678116,5741,99555,84,84,35,0,0,5,7,5,2,0,1,0,0,0,0,6,492297,0,5,1,13,575,192349,5191,0,1,23161,18151,6016,6182,1273,297,1292,126,9,104,104,107,2473,936,1733686,203,11,129,44,341913,341852,127,16,11,13,25,490316,324507,14,18,226,32,25,0,13,0,101,600222,330,0,80,0,0,0,25,1,4,29,0,0,0,0
10040.9,1662571433338,5.015556421,1,1.8,25.3,0.0,72.3,0.0,0.0,0.7,112,1,65,0,2,480660,114900,352512,678928,5815,99928,266,266,35,0,0,8,10,8,2,6,1,0,0,0,0,2,493867,0,5,1,14,2663,193488,5189,0,1,23149,18195,2875,3416,368,87,394,63,9,109,109,112,974,226,1728379,207,6,130,5,342167,342121,123,14,6,7,12,492038,326441,7,12,227,22,20,0,7,0,107,616221,321,0,81,1,0,0,5,0,3,8,1,0,0,1
10045.9,1662571440126,5.016106523,1,1.6,34.4,0.0,64.0,0.0,0.0,0.0,112,1,65,0,2,480204,115348,352520,678484,5644,98606,84,84,35,0,0,5,7,5,2,0,1,0,0,0,0,7,546337,0,5,0,11,2867,236652,5432,0,1,23033,18015,4549,5125,987,223,1121,63,9,105,105,106,1812,740,2030688,205,8,129,45,351057,350981,124,16,8,11,21,543953,334765,12,16,232,36,29,0,9,0,100,686011,340,0,74,1,0,0,23,0,0,23,1,0,0,1
10050.9,1662571446958,5.017292296,1,2.9,33.1,0.0,63.7,0.0,0.0,0.3,112,1,65,0,2,479324,116228,352520,677604,6171,99503,84,84,35,0,0,5,7,5,2,0,1,0,0,0,0,9,501368,0,4,0,10,2922,200683,5437,0,1,23235,18214,6015,6498,1266,423,1295,63,8,103,103,107,2467,933,1805903,203,12,130,44,343069,343010,124,13,11,13,26,499208,325564,13,17,223,34,25,0,13,0,100,608376,340,0,78,1,0,0,26,0,0,26,1,0,0,1
10055.9,1662571453802,5.016074706,1,2.4,34.9,0.0,62.4,0.0,0.0,0.3,111,1,64,0,2,479464,116084,352524,677748,5758,99096,294,294,35,0,0,5,7,5,2,0,1,0,0,0,0,3,502788,0,3,1,9,2854,193141,5224,0,1,23192,18226,2361,2515,230,79,259,126,9,110,110,112,740,139,1773380,206,2,131,5,349664,349611,129,16,2,3,7,500664,334253,7,8,219,21,14,0,3,0,107,621138,311,0,68,1,0,0,5,0,0,5,1,0,0,1
10060.9,1662571460545,5.012824636,1,2.8,32.6,0.0,64.6,0.0,0.0,0.0,112,1,65,0,2,480360,115188,352524,678644,14470,216500,168,168,35,0,0,0,2,0,2,1,1,0,0,0,0,18,508118,0,17,0,10,1161,197396,5720,3,0,23955,19095,12868,12603,2856,542,2605,315,9,118,118,116,5681,2187,1829676,231,21,130,46,359098,359055,135,13,21,33,46,507749,336789,22,31,258,38,41,5,26,1,104,606389,364,0,73,1,1,0,51,0,0,51,1,2,2,2
10065.9,1662571473303,5.016355805,1,5.4,25.6,0.0,69.0,0.0,0.0,0.0,112,1,65,0,2,480708,114832,352532,679000,5999,99878,266,266,35,0,0,5,7,5,2,0,1,0,0,0,0,4,507565,0,9,1,14,2906,195593,5370,0,1,23110,18163,2370,2521,225,143,254,126,9,109,109,116,729,127,1792230,207,2,131,5,353226,353180,125,15,2,3,8,505962,337996,7,8,223,22,14,0,3,0,106,630824,330,0,76,1,0,0,6,0,0,6,1,0,0,1
10070.9,1662571480100,5.016703617,1,4.3,27.0,0.0,68.7,0.0,0.0,0.0,112,1,65,0,2,480076,115468,352528,678364,5688,92348,84,84,35,0,0,5,7,5,2,0,1,0,0,0,0,10,490323,0,5,0,11,2764,190612,5103,0,1,22010,17263,6113,6633,1275,235,1299,126,9,100,100,105,2472,935,1789187,195,11,123,45,341054,340999,119,16,11,13,25,488298,324140,14,18,221,38,28,0,13,0,97,595952,329,0,75,1,0,0,27,0,0,27,1,0,0,1
10075.9,1662571486847,5.015262331,1,2.8,34.7,0.0,62.2,0.0,0.0,0.3,112,1,65,0,2,480756,114776,352540,679056,5838,99683,84,84,35,0,0,5,7,5,2,0,1,0,0,0,0,14,496970,0,6,1,11,2906,194016,5579,0,1,23268,18238,6042,6537,1263,486,1278,189,9,107,107,109,2466,930,1785788,207,11,129,44,348074,348015,129,16,11,13,26,494962,330579,14,18,233,32,28,0,13,0,102,587053,344,0,79,1,0,0,28,0,0,28,1,0,0,1
10080.9,1662571493659,5.015893891,1,3.7,30.3,0.0,66.0,0.0,0.0,0.0,112,1,65,0,2,480496,115036,352540,678796,5821,100139,266,266,35,0,0,5,11,5,6,4,2,0,0,0,0,7,553569,0,4,0,20,2960,240163,5455,0,1,23511,18357,3034,3189,378,95,403,0,142,108,108,110,985,224,2043581,205,6,133,5,355193,355139,190,16,6,7,11,551254,338659,9,14,358,23,128,0,8,0,106,693930,504,0,137,1,1,6,5,1,4,9,1,1,0,2
10085.9,1662571500518,5.015824936,1,4.2,31.6,0.0,62.9,0.0,0.0,1.3,112,1,65,0,2,480148,115376,352548,678456,5747,97563,84,84,35,0,0,5,7,5,2,0,1,0,0,0,0,10,537152,0,5,1,11,2882,238052,5290,0,1,23067,18080,6139,6655,1276,109,1308,63,9,105,105,107,2475,931,2016316,203,12,129,45,342030,341975,123,16,11,13,25,535160,324547,14,18,226,36,26,0,13,0,101,683950,330,0,73,1,0,0,30,0,1,31,1,1,1,2
10090.9,1662571507346,5.016914408,1,1.8,33.8,0.0,64.1,0.0,0.0,0.4,112,1,65,0,2,480204,115328,352540,678504,5291,93089,56,56,35,0,0,8,10,8,2,0,1,0,0,0,0,10,483387,0,3,0,11,2765,189295,5173,0,1,22039,17281,5998,6521,1269,108,1301,63,8,97,97,99,2472,934,1719520,191,11,124,44,337601,337547,119,13,11,14,26,481408,320804,14,18,214,31,24,0,13,0,94,584029,317,0,79,1,0,0,28,0,2,30,1,0,0,1
10095.9,1662571514203,5.016050981,1,4.4,36.1,0.0,59.5,0.0,0.0,0.0,112,1,65,0,2,480212,115308,352552,678520,8169,102412,294,294,35,0,0,5,7,5,2,1,1,0,0,0,0,12,497820,0,16,0,11,3853,193846,5679,0,1,24506,19100,11527,12040,2280,533,2322,441,9,126,126,125,5309,1747,1824855,239,19,130,7,352135,352061,145,15,19,25,37,495788,329709,17,30,253,29,31,5,25,1,111,587736,363,0,76,1,0,0,42,0,0,42,1,0,0,1
10100.9,1662571521069,5.017367066,1,6.5,32.7,0.0,60.8,0.0,0.0,0.0,112,2,65,0,2,480108,115416,352548,678412,5851,97641,84,84,35,0,0,5,7,5,2,0,1,0,0,0,0,6,554653,0,4,0,11,502,243080,5231,0,1,22856,17854,2637,3048,433,149,728,63,9,106,106,107,816,304,2069305,209,4,129,34,350243,350181,126,15,4,6,11,552481,335790,9,12,223,26,15,0,5,0,103,709586,311,0,70,1,0,0,21,0,0,21,1,0,0,1
10105.9,1662571527978,5.016382234,1,5.1,38.5,0.0,56.2,0.0,0.0,0.3,112,1,65,0,2,479808,115712,352552,678116,5505,98304,56,56,35,0,0,7,16,5,9,0,2,0,0,0,0,14,489016,0,4,1,26,1750,190665,5263,0,1,23108,18113,6045,6519,1276,486,1305,252,23,102,102,104,2470,934,1762224,199,11,130,44,340229,340176,125,16,11,13,25,486844,322829,13,17,221,32,24,0,13,0,99,579466,335,0,92,1,1,7,29,0,0,29,1,1,0,2
10110.9,1662571534781,5.016526193,1,12.1,30.9,0.0,56.1,0.0,0.0,1.0,115,3,67,0,1,480572,114948,352552,678880,5956,100252,294,294,35,0,0,8,12,8,4,1,2,0,0,0,0,2,487634,0,5,0,16,550,192238,5063,2,1,23215,18253,2456,3037,226,79,261,63,13,111,111,113,737,146,1792212,209,2,131,6,336782,336735,132,18,2,3,8,485671,321436,7,8,222,25,16,0,3,0,107,597223,323,0,83,1,1,0,5,1,6,11,1,2,2,2
10115.9,1662571541894,5.020832147,1,5.5,31.1,0.0,63.3,0.0,0.0,0.0,112,1,65,0,2,480776,114744,352552,679084,5794,99699,56,56,35,0,0,5,7,5,2,0,1,0,0,0,0,1,556901,0,5,0,11,2869,242870,5205,0,1,22673,17737,975,1132,58,9,84,0,9,107,107,109,6,5,2058612,211,0,130,6,352739,352693,126,16,0,0,3,554925,339649,6,6,224,26,14,0,0,0,103,732850,305,0,70,1,0,0,4,0,1,5,1,0,0,1
10120.9,1662571548752,5.017322129,1,2.7,41.9,0.0,55.2,0.0,0.0,0.3,112,1,65,0,2,479872,115648,352552,678180,6119,98773,84,84,35,0,0,5,7,5,2,0,1,0,0,0,0,14,519358,0,10,0,11,588,218794,5686,0,1,23192,18180,6027,6182,1276,109,1291,126,9,104,104,110,2463,919,1903658,203,11,130,44,342592,342533,124,16,11,13,26,517294,325206,14,18,233,34,25,0,13,0,98,627503,366,0,76,1,0,0,27,0,0,27,1,0,0,1
10125.9,1662571555558,5.015893812,1,18.5,39.8,0.0,40.7,0.0,0.0,0.9,112,1,65,0,2,479808,115704,352560,678124,6147,100093,266,266,35,0,0,5,7,5,2,4,1,0,0,0,0,5,531200,0,10,0,11,2973,225272,5546,0,1,23601,18446,3113,3590,381,158,414,189,110,111,111,117,986,228,1950439,211,7,133,6,347463,347411,184,16,6,7,12,529002,330908,8,13,363,25,129,0,7,0,108,652559,483,0,120,1,0,0,5,0,0,5,1,0,0,1
10130.9,1662571562369,5.016200896,1,3.5,32.7,0.0,63.7,0.0,0.0,0.0,111,1,64,0,2,480660,114860,352552,678968,5696,98606,84,84,35,0,0,5,7,5,2,0,1,0,0,0,0,0,492088,0,5,0,10,527,188626,4938,0,1,22605,17677,971,1501,59,10,85,0,8,106,106,108,4,5,1794938,207,0,130,6,341073,341028,123,13,0,0,3,490064,328002,6,6,220,26,14,0,0,0,102,602630,307,0,69,1,0,0,3,0,0,3,1,0,0,1
10135.9,1662571569109,5.013269156,1,20.1,31.9,0.0,48.0,0.0,0.0,0.0,112,1,65,0,2,481212,114296,352564,679532,14451,216817,378,378,35,0,0,7,9,7,2,1,1,0,0,0,0,25,529221,0,16,0,11,3221,207283,5580,0,1,23859,19073,9010,8864,1739,450,1518,315,9,128,128,125,3802,1328,1909296,241,12,130,8,367310,367286,142,15,12,23,25,528693,347394,13,18,257,31,34,5,15,1,114,642172,348,0,73,1,0,0,23,0,2,25,1,0,0,1
10140.9,1662571581838,5.015347057,1,2.9,31.2,0.0,65.8,0.0,0.0,0.0,112,1,65,0,2,479384,116128,352560,677700,5876,100012,56,56,35,0,0,5,7,5,2,8,1,0,0,0,0,3,499304,0,6,1,15,2901,194940,5166,0,1,22803,17837,1456,1606,199,80,226,0,9,106,106,107,250,100,1762704,209,4,130,6,345452,345406,126,15,4,4,7,497340,331827,6,10,224,26,14,0,4,0,102,618331,302,0,78,1,0,0,3,0,0,3,1,0,0,1
10145.9,1662571588645,5.015520548,1,3.2,36.1,0.0,60.3,0.0,0.0,0.3,112,2,64,0,2,479840,115656,352576,678172,5505,99460,84,84,35,0,0,5,7,5,2,0,1,0,0,0,0,11,514292,0,5,0,11,1534,210407,5446,0,1,23206,18186,6021,6481,1267,235,1295,63,9,102,102,104,2461,926,1872594,199,11,129,44,345822,345762,125,15,11,13,25,512291,328397,14,18,218,28,22,0,13,0,98,620960,336,0,79,1,0,0,26,0,1,27,1,0,0,1
,1662571595465,,1,38.7,32.7,0.0,28.3,0.3,0.0,0.0,111,1,64,0,2,479544,115960,352568,677868,5800,97905,266,266,35,
5.01673,1662571602274,5.016729501,1,2.4,31.5,0.0,65.7,0.0,0.0,0.4,111,1,64,0,2,521404,73888,352780,719940,5696,98606,84,84,35,0,0,4,11,3,7,0,2,0,0,0,0,3,552859,0,5,0,22,540,244821,5289,0,1,22608,17679,973,1133,58,9,84,0,19,106,106,108,5,5,2065547,207,0,130,6,345828,345785,127,18,0,0,3,550848,332763,6,6,222,26,14,0,0,0,103,723273,317,0,85,1,1,7,4,1,3,7,1,1,0,2
10.0332,1662571609110,5.016512995,1,5.1,29.4,0.0,64.8,0.0,0.0,0.7,111,1,64,0,2,521752,73540,352780,720288,11091,103518,8983,8983,35,0,0,5,7,5,2,0,1,0,0,0,0,14,497179,0,12,0,11,573,207444,5708,0,1,23245,18240,6466,6539,1418,299,1305,126,8,136,137,134,2683,1057,1772580,231,11,129,46,334304,334251,140,14,11,13,25,495230,316318,14,18,260,34,43,4,13,0,125,575278,351,0,80,1,0,0,26,0,1,27,1,1,1,2
15.0495,1662571615971,5.016311749,1,2.9,36.4,0.0,60.3,0.0,0.0,0.4,111,1,64,0,2,520940,74344,352788,719484,6423,107370,294,294,35,0,0,7,9,7,2,0,1,0,0,0,0,7,497675,0,3,0,11,610,202161,5325,0,1,23309,18303,3886,4109,653,89,450,126,53,109,109,110,1492,475,1773489,207,5,131,17,337106,337053,151,15,5,5,13,495553,320367,8,9,252,33,44,0,6,0,107,623551,382,0,94,1,0,0,7,0,3,10,1,0,0,1
20.0676,1662571623205,5.018061320,1,4.1,37.3,0.0,58.3,0.0,0.0,0.3,111,1,64,0,2,521444,73848,352780,719980,8113,101094,84,84,35,0,0,5,7,5,2,1,1,0,0,0,0,12,512716,0,15,0,11,1518,209875,5412,0,1,24175,18806,12082,12249,2527,601,2540,630,9,116,116,116,5447,1890,1859229,229,21,129,7,349454,349382,136,15,21,27,43,510758,327558,20,33,245,31,29,5,27,1,104,617516,351,0,79,1,0,0,42,0,0,42,1,0,0,1
25.0841,1662571630010,5.016456806,1,1.7,32.5,0.0,65.6,0.0,0.0,0.3,111,1,64,0,2,521240,74052,352780,719780,5781,99347,56,56,35,0,0,5,8,5,3,4,2,0,0,0,0,6,481184,0,9,0,13,2876,190417,5445,2,1,23159,18156,6032,6180,1251,298,1276,126,10,101,101,109,2465,936,1763539,199,11,130,44,336358,336301,125,16,11,13,25,479034,318954,14,18,227,32,24,0,13,0,98,569550,342,0,82,1,1,0,28,0,0,28,1,1,1,2
30.1007,1662571636804,5.016646858,1,4.4,31.4,0.0,63.9,0.0,0.0,0.3,111,1,64,0,2,521200,74100,352772,719732,5904,99209,294,294,35,0,0,7,13,7,6,0,2,0,0,0,0,10,513009,0,5,0,20,2901,213076,5530,0,1,23498,18448,5534,6015,1051,480,1076,126,17,110,110,113,2337,813,1906111,207,9,134,45,343350,343312,130,18,9,12,19,511197,325481,11,15,228,34,27,0,11,0,105,626640,345,0,88,1,1,7,24,1,5,29,1,1,0,2
35.1164,1662571643645,5.015668485,1,5.4,34.4,0.0,60.3,0.0,0.0,0.0,111,1,64,0,2,521768,73524,352780,720308,5597,99347,56,56,35,0,0,5,7,5,2,0,1,0,0,0,0,1,560314,0,6,0,11,538,250784,5231,0,1,22871,17938,2914,3402,432,86,463,0,9,102,102,106,870,256,2107843,201,4,130,5,348886,348834,122,16,4,5,13,558387,334265,10,11,215,23,11,0,5,0,99,721967,302,0,68,1,0,0,7,0,1,8,1,1,1,2
40.1318,1662571650471,5.015432448,1,6.5,34.1,0.0,59.1,0.0,0.0,0.3,111,1,64,0,2,521728,73564,352780,720268,5447,96268,84,84,35,0,0,7,9,7,2,0,1,0,0,0,0,12,531408,0,6,0,11,2859,231053,5447,0,1,22723,17801,6016,6505,1269,297,1293,189,9,102,102,104,2469,926,1976044,199,11,126,44,342670,342610,121,15,11,13,25,529449,325521,14,18,220,32,21,0,13,0,97,668193,320,0,76,1,0,0,26,0,2,28,1,0,0,1
45.1483,1662571657287,5.016537545,1,2.3,32.7,0.0,63.4,0.0,0.0,1.6,111,1,64,0,2,522540,72752,352780,721080,6654,93209,1114,1114,35,0,0,5,7,5,2,0,1,0,0,0,0,6,515022,0,16,0,11,2754,221884,5104,0,1,21635,16919,4078,4583,886,95,921,126,9,123,123,126,1638,686,1911869,207,7,123,45,337229,337179,129,15,7,8,18,513094,322134,11,14,229,38,32,22,8,4,108,645676,346,0,77,1,0,0,21,0,0,21,1,0,0,1
50.1664,1662571664117,5.018122533,1,4.7,32.5,0.0,62.2,0.0,0.0,0.6,111,1,64,0,2,521972,73324,352776,720508,5494,99347,84,84,35,0,0,5,7,5,2,0,1,0,0,0,0,1,555277,0,3,0,11,2870,245330,5320,0,1,22836,17909,2909,3362,434,86,462,0,9,102,102,103,879,259,2080411,201,4,130,5,350261,350209,122,16,4,5,12,553299,335588,10,11,211,22,11,0,5,0,99,714791,309,0,70,1,0,0,8,0,0,8,1,0,0,1
55.182,1662571670939,5.015597507,1,4.5,24.4,0.0,70.7,0.0,0.0,0.3,110,1,63,0,2,521076,74208,352788,719624,9159,158234,322,322,35,0,0,5,13,5,8,0,2,0,0,0,0,7,561971,0,4,1,24,575,248571,5418,0,1,22867,17925,2928,3314,437,87,468,126,21,104,104,106,874,260,2099863,205,4,131,5,352490,352440,126,18,4,11,13,559993,337912,10,11,217,23,12,0,5,0,102,714608,328,0,91,1,1,8,8,1,4,12,1,1,0,2
60.1959,1662571680689,5.013860704,1,2.0,33.9,0.0,63.8,0.0,0.0,0.3,111,1,64,0,2,521980,73312,352780,720520,10662,148814,112,112,35,0,0,6,9,5,3,8,2,0,0,0,0,5,557954,0,16,0,13,3431,242722,6057,2,1,24181,19156,10282,10024,2092,664,1898,315,125,121,121,119,4165,1561,2094306,237,19,133,8,362263,362230,211,16,18,29,37,557613,341587,20,29,412,34,154,5,23,1,108,683729,518,0,135,1,1,0,28,0,1,29,1,1,1,2
65.23,1662571689914,5.034090994,1,3.3,31.8,0.0,64.3,0.0,0.0,0.7,111,1,64,0,2,522012,73272,352788,720560,5803,99397,56,56,35,0,0,7,9,7,2,0,1,0,0,0,0,4,483484,0,5,0,11,2960,186530,5394,0,1,23189,18174,6040,6491,1265,425,1284,252,9,102,102,105,2464,928,1764823,201,11,129,44,339976,339916,122,16,11,13,25,481281,322540,14,18,224,34,24,0,13,0,98,582122,328,0,76,1,0,0,27,0,2,29,1,0,0,1
70.2471,1662571696760,5.017068910,1,1.9,36.4,0.0,60.5,0.0,0.0,1.3,111,1,64,0,2,520664,74628,352780,719204,5904,98166,294,294,35,0,0,5,7,5,2,0,1,0,0,0,0,9,513307,0,5,0,11,2893,214754,5343,0,1,23358,18351,5522,6042,1057,291,1083,252,9,110,110,113,2336,800,1879113,207,9,129,45,341033,340973,129,16,9,12,20,511273,323043,11,15,230,34,29,0,11,0,108,628889,346,0,76,1,0,0,23,0,0,23,1,0,0,1
75.2634,1662571703602,5.016327149,1,1.2,35.5,0.0,62.9,0.0,0.0,0.3,111,1,64,0,2,522304,72980,352788,720852,5712,99425,56,56,35,0,0,5,11,5,6,0,2,0,0,0,0,3,492216,0,4,0,20,2043,191830,5065,0,1,22869,17928,2917,3064,433,86,464,0,17,103,103,105,872,247,1760930,203,4,130,5,340549,340500,125,17,4,5,13,490205,325901,10,11,215,23,12,0,5,0,101,617772,313,0,87,1,1,7,6,1,4,10,1,1,0,2
80.279,1662571710443,5.015596012,1,4.3,35.0,0.0,60.4,0.0,0.0,0.3,111,1,64,0,2,522076,73208,352788,720624,5579,98148,84,84,35,0,0,5,7,5,2,0,1,0,0,0,0,4,542395,0,10,0,11,2894,239643,5647,0,1,23033,18050,6022,6184,1270,172,1302,0,9,100,100,108,2475,939,2029786,193,11,129,44,345786,345732,118,15,11,13,25,540444,328425,14,18,219,32,22,0,13,0,97,670482,352,0,78,1,0,0,28,0,1,29,1,1,1,2
85.296,1662571717278,5.017038606,1,5.5,33.5,0.0,60.9,0.0,0.0,0.0,111,1,64,0,2,521260,74020,352792,719812,5564,94245,84,84,35,0,0,7,11,7,4,4,2,0,0,0,0,10,487354,0,8,1,13,2800,188224,5175,2,1,21757,17017,4043,4519,894,284,910,63,12,98,98,103,1640,685,1745535,193,7,123,45,338226,338190,121,16,7,8,17,485205,323013,10,13,217,34,25,0,8,0,95,588812,321,0,81,1,1,0,21,0,2,23,1,1,1,2
90.312,1662571724091,5.015969763,1,4.5,34.1,0.0,60.7,0.0,0.0,0.7,111,1,64,0,2,521328,73960,352784,719872,5494,99347,56,56,35,0,0,5,7,5,2,0,1,0,0,0,0,4,547689,0,3,0,11,2893,239938,5119,0,1,22840,17917,2909,3364,449,86,476,0,9,102,102,103,874,269,2036888,201,4,130,5,347836,347788,126,16,4,5,12,545586,333214,10,11,211,22,11,0,5,0,99,698787,309,0,77,1,0,0,7,0,0,7,1,0,0,1
95.3303,1662571730875,5.018336985,1,3.6,43.8,0.0,52.6,0.0,0.0,0.0,111,1,64,0,2,522016,73264,352792,720564,7796,101310,84,84,35,0,0,5,7,5,2,0,1,0,0,0,0,22,492488,0,17,1,10,3870,196982,5913,0,1,24284,18863,13787,14656,2966,673,3179,693,8,120,120,116,6364,2259,1817235,235,25,128,35,344700,344637,137,14,25,35,49,491001,321695,23,39,254,29,31,5,32,1,103,579034,373,0,75,1,0,0,63,0,0,63,1,0,0,1
100.346,1662571737751,5.016191538,1,3.3,40.0,0.0,56.3,0.0,0.0,0.3,111,1,64,0,2,521060,74208,352804,719620,5674,97557,56,56,35,0,0,5,12,5,7,0,2,0,0,0,0,10,494965,0,4,0,26,1849,201959,5308,0,1,22774,17799,4043,4585,884,157,911,63,19,101,101,103,1641,679,1797399,199,7,129,45,335559,335505,123,17,7,8,17,492933,319847,10,13,219,34,25,0,8,0,98,611320,322,0,93,1,1,7,22,1,4,26,1,1,0,2
105.362,1662571744565,5.015811544,1,6.9,39.1,0.0,53.4,0.0,0.0,0.6,113,3,64,0,1,520540,74728,352804,719100,5505,99347,84,84,35,0,0,5,7,5,2,6,1,0,0,0,0,11,530177,0,5,0,11,2324,225341,5487,0,1,23371,18180,3636,3792,596,168,619,0,133,102,102,104,1114,344,1947844,199,8,133,5,347741,347684,195,15,8,10,16,528178,331579,13,18,391,24,175,0,12,0,99,671014,487,0,134,1,0,0,9,0,0,9,1,1,1,2
110.379,1662571751896,5.016706434,1,4.3,32.1,0.0,63.6,0.0,0.0,0.0,112,1,64,0,2,521732,73540,352800,720288,5665,98643,161,161,35,0,0,5,10,5,4,3,2,0,0,0,0,8,514439,0,4,1,18,2929,209376,5265,3,1,22925,17992,3079,3169,440,23,461,63,13,105,104,107,963,261,1856422,201,5,130,5,345586,345538,124,18,4,5,14,512464,330586,10,11,213,23,13,0,5,0,103,646951,321,0,82,1,1,0,11,0,0,11,1,1,1,2
115.396,1662571758726,5.016601074,1,2.8,27.5,0.0,69.7,0.0,0.0,0.0,112,1,64,0,2,521368,73892,352812,719936,5669,93765,84,84,35,0,0,9,11,9,2,0,1,0,0,0,0,13,512368,0,5,0,11,1808,208950,5376,0,1,21799,17032,4084,4609,880,220,909,63,9,101,101,103,1607,685,1877835,197,7,123,46,342624,342572,120,16,7,9,16,510166,327304,10,13,226,38,29,0,8,0,98,623142,317,0,74,1,0,0,23,0,2,25,1,0,0,1
120.415,1662571765557,5.019171106,1,20.4,35.6,0.0,43.8,0.0,0.0,0.3,112,1,64,0,2,521776,73480,352816,720348,5592,99347,56,56,35,0,0,5,7,5,2,0,1,0,0,0,0,2,500645,0,4,1,10,2645,192907,5328,0,1,22701,17748,863,1020,52,10,78,0,9,102,102,104,3,5,1766091,201,0,130,5,345229,345184,126,16,0,0,4,498471,332169,6,6,216,21,13,0,0,0,100,628333,305,0,68,1,0,0,3,0,0,3,1,0,0,1
125.431,1662571772368,5.016209468,1,3.1,33.5,0.0,62.7,0.0,0.0,0.6,112,1,64,0,2,521116,74148,352808,719680,5918,98963,294,294,35,0,0,8,17,5,9,0,2,0,0,0,0,1,513658,0,6,1,31,2876,212092,5285,0,1,23401,18436,4437,4939,606,93,629,0,23,112,112,114,1573,392,1900849,211,6,130,5,346140,346090,129,17,6,8,16,511731,329235,11,13,223,23,16,0,8,0,107,630513,356,0,97,1,1,6,8,0,0,8,1,1,0,2
130.447,1662571779224,5.015913328,1,1.6,27.7,0.0,70.3,0.0,0.0,0.3,111,1,63,0,2,521172,74084,352816,719740,5519,93504,84,84,35,0,0,5,7,5,2,0,1,0,0,0,0,15,528903,0,4,0,11,2181,220871,5219,0,1,21792,17040,4127,4649,901,220,928,63,9,100,100,102,1601,679,1958695,197,7,123,46,346846,346793,120,15,7,8,17,526880,331555,10,13,222,38,29,0,8,0,98,657261,315,0,78,1,0,0,22,1,4,26,1,1,1,2
135.46,1662571785988,5.013101690,1,2.9,40.4,0.0,56.1,0.0,0.0,0.6,112,3,64,0,2,520788,74472,352812,719356,12549,184521,140,140,35,0,0,0,1,0,1,2,1,0,0,0,0,14,545156,0,18,0,7,1033,234781,5731,3,0,23827,18897,10705,10418,2419,526,2274,252,6,121,121,119,4766,1916,2046869,237,17,130,46,357169,357127,140,12,17,28,39,544728,336607,18,28,265,36,42,5,21,1,106,686807,358,0,65,1,1,0,45,0,0,39,1,1,1,2
140.477,1662571797058,5.016914055,1,2.8,36.2,0.0,60.3,0.0,0.0,0.7,112,1,64,0,2,520704,74556,352812,719272,6230,99835,294,294,35,0,0,5,7,5,2,0,1,0,0,0,0,10,542613,0,10,0,11,2015,242076,5601,0,1,23041,18023,5054,5274,1053,353,1080,126,9,105,105,114,2243,801,2035947,201,9,129,45,341332,341257,126,15,9,11,20,540260,324753,11,15,229,36,27,0,11,0,101,671596,354,0,73,1,0,0,22,0,1,23,1,0,0,1
145.495,1662571803858,5.017553322,1,2.9,34.1,0.0,63.1,0.0,0.0,0.0,112,1,64,0,2,520896,74364,352812,719464,5707,99608,56,56,35,0,0,5,7,5,2,0,1,0,0,0,0,2,486837,0,4,0,11,2908,190116,5098,0,1,22811,17884,2916,3422,438,86,458,0,9,102,102,104,876,252,1793800,201,4,130,5,336075,336027,122,15,4,5,13,484848,321475,10,11,213,23,11,0,5,0,99,600563,317,0,77,1,0,0,9,0,0,9,1,0,0,1
150.51,1662571810657,5.015211574,1,6.2,32.9,0.0,60.9,0.0,0.0,0.0,112,1,64,0,2,521216,74040,352816,719788,5245,94132,84,84,35,0,0,5,7,5,2,4,1,0,0,0,0,10,495188,0,5,0,11,2765,190605,5219,0,1,21842,17071,4437,4921,1021,354,1048,189,9,97,97,100,1838,772,1805255,189,11,124,44,344745,344691,116,16,11,12,20,493118,329144,10,17,216,31,26,0,12,0,95,578555,321,0,80,1,0,0,21,0,0,21,1,0,0,1
155.526,1662571817486,5.016028341,1,1.4,31.8,0.0,66.4,0.0,0.0,0.3,112,1,64,0,2,520688,74568,352816,719260,5322,92209,56,56,35,0,0,5,7,5,2,0,1,0,0,0,0,8,540267,0,5,1,11,2095,234407,5275,0,1,21692,16959,4020,4529,886,346,921,63,9,99,99,100,1638,694,2009704,195,7,123,45,345325,345271,122,16,7,8,17,538396,330227,10,13,216,34,25,0,8,0,95,684456,307,0,82,1,0,0,22,1,4,26,1,0,0,1
160.543,1662571824281,5.016868544,1,5.9,34.4,0.0,58.7,0.0,0.0,1.0,112,1,64,0,2,521460,73796,352816,720032,5712,99425,84,84,35,0,0,5,7,5,2,0,1,0,0,0,0,8,546072,0,5,0,10,547,237784,5189,0,1,22867,17930,2920,3385,434,23,468,126,9,104,104,106,873,266,2025198,203,4,130,5,347462,347407,123,16,4,6,12,544274,332824,10,11,214,23,12,0,5,0,101,697595,309,0,77,1,0,0,8,0,0,8,1,0,0,1
165.56,1662571831675,5.017456667,1,4.8,30.0,0.0,64.8,0.0,0.0,0.3,112,1,64,0,2,521972,73272,352828,720556,5798,99347,56,56,35,0,0,8,10,8,2,0,1,0,0,0,0,9,515748,0,3,1,9,2854,211504,5232,0,1,22775,17868,2942,3084,433,24,461,0,8,102,102,105,877,265,1866240,201,4,129,5,344112,344061,123,13,4,5,13,513731,329461,10,11,211,24,11,0,5,0,99,651990,304,0,68,1,0,0,10,0,2,12,1,0,0,1
170.582,1662571838510,5.022223970,1,3.9,30.9,0.0,63.8,0.0,0.0,1.3,112,1,64,0,2,522212,73044,352816,720788,7995,100242,84,84,35,0,0,5,7,5,2,1,1,0,0,0,0,36,486105,0,16,1,11,2436,189452,5761,0,1,24418,18937,13311,13495,2962,1115,3002,945,9,122,122,119,6168,2309,1770160,239,24,130,48,344946,344860,145,15,24,30,46,484317,321829,20,35,268,44,47,5,30,1,108,555049,380,0,82,1,0,0,59,0,0,59,1,0,0,1
175.597,1662571845378,5.015428409,1,22.1,29.4,0.0,48.2,0.0,0.0,0.3,112,1,64,0,2,522184,73068,352820,720764,5557,98304,56,56,35,0,0,5,7,5,2,0,1,0,0,0,0,1,497453,0,4,0,9,2944,191139,5138,0,1,22856,17925,2920,3367,436,87,458,0,8,102,102,104,875,257,1734989,201,4,130,5,346766,346721,120,14,4,5,13,495465,332086,10,11,213,23,11,0,5,0,100,618490,310,0,71,1,0,0,8,0,1,9,1,0,0,1
180.614,1662571852181,5.016534131,1,4.9,29.6,0.0,64.8,0.0,0.0,0.7,112,1,64,0,2,521232,74012,352828,719820,5797,99043,294,294,35,0,0,5,7,5,2,0,1,0,0,0,0,6,553572,0,4,0,11,2911,243306,5522,0,1,23326,18383,4418,4446,605,94,628,63,9,110,110,112,1573,386,2054436,211,6,130,5,352125,352073,127,16,6,5,16,551583,335179,11,13,223,23,16,0,8,0,108,704271,337,0,73,1,0,0,11,1,4,15,1,0,0,1
185.63,1662571858995,5.016315020,1,3.2,32.1,0.0,64.3,0.0,0.0,0.4,112,1,64,0,2,520640,74584,352848,719232,5721,97726,84,84,35,0,0,5,7,5,2,0,1,0,0,0,0,12,508502,0,6,1,11,784,212928,5423,0,1,22833,17862,4167,4687,888,157,912,126,9,106,106,107,1614,679,1852017,207,8,128,46,336063,336005,129,16,7,8,16,506371,320200,10,13,234,38,29,0,8,0,101,642878,318,0,77,1,0,0,23,0,0,23,1,0,0,1
190.674,1662571865808,5.044351075,1,3.6,37.5,0.0,58.9,0.0,0.0,0.0,112,1,64,0,2,520636,74560,352876,719244,6433,108995,84,84,35,0,0,5,7,5,2,0,1,0,0,0,0,4,541281,0,4,0,10,777,235835,5220,0,1,22962,18027,4009,3724,663,155,519,0,9,102,102,106,1305,425,2025114,201,6,130,13,345735,345688,122,15,6,5,16,539286,330027,10,11,218,34,15,0,7,0,99,708533,298,0,65,1,0,0,10,0,0,10,1,0,0,1
195.691,1662571873202,5.016992937,1,3.9,38.4,0.0,57.4,0.0,0.0,0.4,112,1,64,0,2,520632,74544,352896,719252,6102,98835,294,294,35,0,0,8,10,8,2,6,1,0,0,0,0,11,558079,0,10,0,10,653,247006,5845,0,1,23677,18538,5079,5232,764,172,790,126,44,108,108,117,1846,471,2077689,207,10,130,5,353625,353568,142,16,10,13,21,555997,335539,11,17,327,24,119,0,13,0,107,690465,391,0,91,1,0,0,11,0,2,13,1,0,0,1
200.714,1662571880011,5.023140332,1,2.0,37.4,0.0,60.6,0.0,0.0,0.0,112,1,64,0,2,521264,73924,352884,719876,5966,98684,56,56,35,0,0,5,7,5,2,0,1,0,0,0,0,11,479653,0,7,1,11,1238,185225,5457,0,1,22979,17971,4078,4532,891,95,918,63,9,106,106,112,1596,691,1741017,209,7,130,45,335483,335434,129,16,7,8,17,477510,319695,10,13,235,34,28,0,8,0,103,582515,331,0,79,1,0,0,19,0,0,19,1,1,1,2
205.73,1662571886828,5.016126700,1,1.7,26.7,0.0,71.3,0.0,0.0,0.3,111,1,63,0,2,522004,73200,352868,720616,5609,98565,84,84,35,0,0,5,11,5,6,0,2,0,0,0,0,8,489572,0,5,0,17,2874,190829,5216,0,1,22924,17913,3962,4448,892,221,925,126,16,103,103,105,1596,693,1754201,201,7,130,44,339546,339496,122,16,7,8,16,487472,323750,10,13,223,31,23,0,8,0,100,601763,313,0,78,1,1,6,22,1,4,26,1,1,0,2
210.744,1662571893647,5.013620423,1,20.7,33.8,0.0,44.5,0.0,0.0,1.0,112,1,64,0,2,521800,73416,352856,720408,9889,137422,294,294,35,0,0,5,7,5,2,1,1,0,0,0,0,16,516264,0,15,0,11,1039,199978,5650,0,1,24264,19316,11740,11741,2225,391,2181,315,9,124,124,122,4979,1677,1826930,237,18,130,8,362365,362323,140,16,18,29,43,515314,340070,19,31,256,32,37,5,21,1,111,612561,375,0,75,1,0,0,43,0,1,44,1,0,0,1
215.762,1662571902380,5.017551016,1,5.1,36.6,0.0,58.3,0.0,0.0,0.0,112,1,64,0,2,521500,73716,352856,720108,6098,98656,84,84,35,0,0,5,10,5,4,4,2,0,0,0,0,6,559784,0,6,0,16,1788,246275,5587,3,1,22955,18017,3063,3210,444,24,472,0,13,107,107,111,871,250,2089531,209,5,130,6,353071,353021,132,18,4,5,12,557732,338298,10,11,226,29,15,0,5,0,102,713142,332,0,82,1,1,0,11,0,0,11,1,1,1,2
220.777,1662571909174,5.015454266,1,1.0,32.8,0.0,65.6,0.0,0.0,0.7,112,1,64,0,2,520992,74224,352856,719600,5452,94210,84,84,35,0,0,9,11,9,2,0,1,0,0,0,0,9,485925,0,5,0,11,1317,189505,5042,0,1,21828,17055,3944,4109,881,283,908,126,9,99,99,101,1602,679,1760999,193,7,124,44,335251,335195,122,16,7,8,17,483755,320103,10,13,215,31,24,0,8,0,96,594029,319,0,82,1,0,0,21,0,2,23,1,0,0,1
225.793,1662571915959,5.016478582,1,3.7,34.4,0.0,61.6,0.0,0.0,0.3,112,1,64,0,2,520776,74448,352848,719376,11301,101533,9165,9165,35,0,0,5,7,5,2,0,1,0,0,0,0,12,490780,0,9,0,10,1111,193723,5547,0,1,23149,18276,6623,6380,1235,170,1032,63,8,147,148,151,2735,878,1762582,229,10,127,19,341110,341051,135,13,10,9,25,488710,322065,12,14,257,38,54,11,12,2,142,582396,359,0,74,1,0,0,14,0,0,14,1,1,1,2
230.809,1662571923014,5.016159369,1,4.1,39.2,0.0,56.1,0.0,0.0,0.7,112,1,64,0,2,521468,73752,352852,720072,5748,99649,84,84,35,0,0,5,7,5,2,0,1,0,0,0,0,1,496392,0,5,1,11,2918,190767,5135,0,1,22641,17708,974,1466,59,9,84,0,9,106,106,108,4,6,1808807,207,0,130,6,344323,344280,125,16,0,0,3,494408,331256,6,6,220,26,14,0,0,0,103,617646,301,0,69,1,0,0,2,1,4,6,1,0,0,1
235.826,1662571929815,5.017161966,1,2.8,30.3,0.0,66.6,0.0,0.0,0.3,112,1,64,0,2,521216,73992,352864,719832,5764,98643,56,56,35,0,0,5,7,5,2,0,1,0,0,0,0,8,528399,0,4,1,11,1018,232065,5196,0,1,22882,17882,3951,4424,889,157,941,126,9,102,102,105,1600,684,1969263,201,7,129,44,336356,336300,126,16,7,8,17,526259,320689,10,13,220,31,24,0,8,0,100,670179,316,0,79,1,0,0,19,0,1,20,1,0,0,1
240.842,1662571936594,5.015932344,1,2.6,34.3,0.0,62.5,0.0,0.0,0.6,112,1,64,0,2,522524,72684,352864,721140,6098,97955,294,294,35,0,0,5,7,5,2,6,1,0,0,0,0,15,492926,0,6,0,11,2875,199484,5597,0,1,23695,18659,8101,8270,1568,124,1597,63,9,110,110,115,3447,1148,1800820,207,17,132,45,342986,342923,125,16,17,20,33,491344,322733,15,24,240,37,36,0,20,0,106,594052,357,0,83,1,0,0,30,0,0,30,1,0,0,1
245.858,1662571943423,5.015706985,1,2.9,37.1,0.0,59.9,0.0,0.0,0.0,112,1,64,0,2,521940,73272,352860,720544,7964,101172,56,56,35,0,0,7,9,7,2,0,1,0,0,0,0,15,531143,0,15,2,11,2213,224414,5813,0,1,23918,18554,10031,10198,2110,457,2141,126,9,118,118,116,4556,1645,1974408,233,17,130,7,351385,351319,138,16,17,22,34,529109,331266,16,28,247,28,28,5,22,1,105,649564,360,0,79,1,0,0,38,0,2,40,1,0,0,1
250.875,1662571950272,5.016529011,1,5.4,28.6,0.0,65.4,0.0,0.0,0.6,112,1,64,0,2,521096,74116,352860,719708,5453,99347,84,84,35,0,0,5,7,5,2,0,1,0,0,0,0,11,481921,0,5,0,10,564,189030,5222,0,1,22874,17876,3956,4485,883,346,908,0,8,102,102,103,1596,691,1770476,199,7,129,44,333332,333279,123,13,7,8,16,479908,317648,10,13,221,31,23,0,8,0,98,580558,325,0,75,1,0,0,20,0,0,20,1,1,1,2
255.892,1662571957066,5.017346246,1,4.8,34.9,0.0,60.2,0.0,0.0,0.0,112,1,64,0,2,520924,74284,352864,719540,6030,98948,294,294,35,0,0,5,11,5,6,0,2,0,0,0,0,15,532185,0,10,1,23,569,232169,5850,0,1,23621,18583,7429,7968,1440,242,1460,189,17,107,107,115,3121,1052,1995351,205,13,129,45,344136,344061,130,16,13,16,28,529774,324845,15,20,234,35,28,0,16,0,104,633232,363,0,94,1,1,7,29,1,4,33,1,1,0,2
260.909,1662571963868,5.016716203,1,2.3,29.0,0.0,68.3,0.0,0.0,0.3,112,1,64,0,2,521444,73764,352864,720060,5753,98643,56,56,35,0,0,5,7,5,2,0,1,0,0,0,0,1,492302,0,3,0,12,583,190808,5030,0,1,22628,17697,1224,1651,142,14,171,0,8,103,103,104,265,73,1734581,203,1,130,5,339629,339587,121,14,1,0,7,490405,326480,8,8,214,21,11,0,2,0,101,617569,288,0,71,1,0,0,4,0,1,5,1,0,0,1
265.926,1662571970671,5.016831829,1,2.8,33.8,0.0,63.4,0.0,0.0,0.0,112,1,64,0,2,522004,73192,352876,720632,5291,93139,84,84,35,0,0,5,7,5,2,0,1,0,0,0,0,10,497371,0,6,0,11,2762,191346,5091,0,1,21716,16970,3950,4458,880,157,906,63,9,99,99,101,1607,683,1811230,193,7,123,44,345765,345714,118,16,7,8,16,495357,330655,10,13,213,31,22,0,8,0,94,590143,297,0,73,1,0,0,23,0,0,23,1,0,0,1
270.942,1662571977478,5.016290065,1,1.9,34.4,0.0,63.5,0.0,0.0,0.3,112,1,64,0,2,521468,73728,352876,720096,5846,99668,56,56,35,0,0,8,11,8,3,1,2,0,0,0,0,13,494342,0,9,0,13,1577,191618,5518,2,1,23287,18263,6139,6294,1275,298,1294,63,10,105,105,110,2471,936,1813034,207,11,130,45,345151,345093,128,16,11,13,26,492466,327669,14,18,233,35,27,0,13,0,100,586455,355,0,89,1,1,0,30,0,2,32,1,1,1,2
275.958,1662571984265,5.016169860,1,4.4,32.7,0.0,62.9,0.0,0.0,0.0,113,1,64,0,2,520888,74316,352868,719508,5850,98382,84,84,35,0,0,8,16,7,8,4,3,0,0,0,0,4,524725,0,7,0,29,576,210896,5204,2,1,22896,17966,2962,3419,431,87,458,63,21,103,103,108,870,258,1868740,203,4,130,5,353310,353264,129,17,4,5,13,522812,338706,10,11,218,23,12,0,6,0,100,660784,341,0,97,3,2,7,9,1,6,15,1,3,2,4
280.981,1662571991233,5.022928084,1,7.1,31.1,0.0,61.5,0.0,0.0,0.3,112,1,63,0,2,521192,74000,352880,719824,5712,102398,84,84,35,0,0,5,12,5,7,0,2,0,0,0,0,4,545675,0,4,1,26,2844,245459,5106,2,1,22826,17838,2553,2959,405,85,712,189,19,108,108,109,805,288,2060632,213,4,130,33,339442,339391,130,17,4,6,10,544042,325286,9,12,224,22,11,0,5,0,105,709475,328,0,90,3,2,6,21,1,4,25,1,3,2,3
285.994,1662571998054,5.012964948,1,2.5,32.9,0.0,63.6,0.0,0.0,0.9,113,1,64,0,2,522824,72364,352884,721460,13865,209943,140,140,35,0,0,0,0,0,0,0,0,0,0,0,0,8,506472,0,15,0,5,1000,197778,5363,0,0,23453,18665,7412,7355,1552,440,1389,252,5,117,117,116,3092,1230,1863844,231,10,131,7,352889,352864,133,11,10,20,25,506110,335194,14,19,245,28,27,5,13,1,106,618608,334,0,61,1,0,0,19,0,0,19,1,0,0,1
291.009,1662572010320,5.014961651,1,5.3,33.9,0.0,60.1,0.0,0.0,0.7,113,1,64,0,2,521648,73548,352876,720276,5757,97261,84,84,35,0,0,5,7,5,2,0,1,0,0,0,0,11,503700,0,5,0,11,668,193712,5116,0,1,22592,17654,3960,4130,873,220,900,0,9,101,101,105,1599,679,1835559,197,7,128,44,349846,349792,120,15,7,9,17,501699,334274,10,13,219,33,23,0,8,0,98,587009,317,0,73,1,0,0,20,0,0,20,1,0,0,1
296.025,1662572017082,5.015931176,1,1.2,36.2,0.0,62.2,0.0,0.0,0.3,113,1,64,0,2,520816,74372,352884,719452,5800,98948,294,294,35,0,0,5,7,5,2,0,1,0,0,0,0,19,525926,0,5,0,11,2081,217600,5390,0,1,23605,18577,7456,8007,1452,367,1467,63,9,107,107,109,3123,1048,1944562,205,13,129,45,351918,351844,128,16,13,16,28,523344,332466,15,20,229,35,28,0,16,0,103,638742,349,0,82,1,0,0,31,0,1,32,1,0,0,1
301.041,1662572023907,5.015890762,1,3.4,36.3,0.0,60.3,0.0,0.0,0.0,113,1,64,0,2,521220,73964,352888,719860,5546,98565,56,56,35,0,0,5,10,5,5,0,2,0,0,0,0,1,503829,0,3,1,19,2893,193852,5173,0,1,22588,17652,862,1013,51,9,77,0,15,102,102,103,3,5,1791511,201,0,131,5,347860,347817,124,18,0,0,4,501843,334844,6,6,212,21,10,0,0,0,100,629527,298,0,81,1,1,5,3,1,4,7,1,1,0,2
306.056,1662572030708,5.015185875,1,2.8,34.6,0.0,62.6,0.0,0.0,0.0,113,1,64,0,2,521572,73612,352888,720212,5487,96218,84,84,35,0,0,8,10,8,2,0,1,0,0,0,0,8,495751,0,8,0,11,2823,190945,5127,0,1,22370,17482,3950,4118,874,284,905,126,9,101,101,105,1598,687,1804624,197,7,127,44,345225,345175,120,16,7,8,16,493627,329781,10,13,219,31,20,0,8,0,96,601506,311,0,69,1,0,0,19,0,2,21,1,0,0,1
311.072,1662572037536,5.016097797,1,2.0,31.7,0.0,66.0,0.0,0.0,0.3,113,1,64,0,2,520908,74284,352880,719540,6002,98675,56,56,35,0,0,5,7,5,2,0,1,0,0,0,0,9,492447,0,9,0,11,2896,192681,5473,0,1,23307,18275,6132,6639,1268,172,1296,126,9,106,106,112,2483,930,1782669,209,12,130,45,342691,342633,126,15,11,13,26,490331,325037,14,18,237,35,27,0,13,0,102,586194,335,0,78,1,0,0,29,0,0,29,1,0,0,1
316.088,1662572044372,5.015527805,1,4.3,35.7,0.0,59.5,0.0,0.0,0.6,112,1,64,0,2,521248,73944,352880,719880,6016,99425,84,84,35,0,0,5,7,5,2,0,1,0,0,0,0,4,562579,0,5,0,11,2746,246752,5421,0,1,22611,17678,862,1040,51,10,78,0,9,104,104,108,4,5,2087995,203,0,130,5,353272,353243,127,15,0,1,4,560499,340428,6,6,213,24,11,0,0,0,101,738508,313,0,73,1,0,0,3,0,0,3,1,0,0,1
321.104,1662572051799,5.016331237,1,5.8,37.2,0.0,56.7,0.0,0.0,0.3,112,1,64,0,2,521736,73436,352900,720384,7722,102093,56,56,35,0,0,5,7,5,2,1,1,0,0,0,0,12,464341,0,15,1,10,3874,163663,5450,0,1,23968,18587,10024,10192,2140,716,2148,504,9,115,115,113,4586,1630,1601483,225,17,130,6,345774,345709,134,16,17,22,34,462564,325676,16,28,237,24,25,5,22,1,101,556494,342,0,72,1,0,0,38,0,0,38,1,0,0,1
326.121,1662572058620,5.017085192,1,1.1,37.8,0.0,60.0,0.0,0.0,1.1,113,1,64,0,2,522484,72680,352908,721140,5830,98641,84,84,35,0,0,5,10,5,5,0,2,0,0,0,0,7,528717,0,5,0,20,3044,226027,5512,0,1,23499,18318,6365,6517,1300,305,1314,63,133,105,105,107,2483,931,1974518,205,11,131,46,345948,345891,192,18,11,13,25,526681,327855,15,19,349,40,118,0,14,0,101,651406,510,0,137,1,1,6,29,1,4,33,1,1,0,2
331.137,1662572065447,5.016356450,1,19.7,33.5,0.0,45.8,0.0,0.0,0.9,113,1,64,0,2,521996,73164,352912,720656,5660,98382,84,84,35,0,0,9,11,9,2,0,1,0,0,0,0,5,501087,0,3,1,11,2915,192311,5161,0,1,22820,17885,2936,3393,434,86,460,63,9,103,103,104,876,263,1747185,203,4,130,5,349196,349139,123,15,4,5,12,499067,334543,10,11,215,22,12,0,5,0,101,623697,315,0,72,1,0,0,9,0,3,12,1,0,0,1
336.153,1662572072326,5.016303016,1,2.8,34.5,0.0,62.7,0.0,0.0,0.0,113,2,64,0,2,520564,74600,352908,719216,6034,100971,294,294,35,0,0,5,7,5,2,0,1,0,0,0,0,6,521201,0,10,0,11,2098,213819,5389,0,1,23183,18221,2383,2852,219,80,253,0,9,112,112,117,706,140,1880249,209,2,131,5,347453,347403,126,16,2,3,8,519214,332063,7,8,228,21,15,0,3,0,107,643611,328,0,69,1,0,0,5,0,0,5,1,0,0,1
341.17,1662572079139,5.016963794,1,1.7,30.0,0.0,68.4,0.0,0.0,0.0,113,2,64,0,2,521460,73704,352908,720112,6238,97754,84,84,35,0,0,5,7,5,2,0,1,0,0,0,0,7,487971,0,5,0,11,2858,191009,5082,0,1,23325,18292,6220,6453,1293,173,1319,126,9,108,108,111,2472,939,1768686,211,11,129,46,339274,339213,127,15,11,13,25,485912,321702,14,18,236,41,31,0,13,0,104,594561,328,0,79,1,0,0,27,0,0,27,1,0,0,1
346.186,1662572085900,5.015786411,1,12.8,33.2,0.0,53.3,0.0,0.0,0.7,113,1,64,0,2,521120,74040,352912,719780,5609,97522,56,56,35,0,0,5,7,5,2,0,1,0,0,0,0,6,497214,0,4,0,10,2871,194327,5040,0,1,22854,17936,4348,4139,764,95,657,0,9,102,102,104,1525,501,1743971,201,7,129,16,346071,346036,125,15,7,6,19,495283,330059,11,12,221,32,24,0,8,0,100,627316,300,0,70,1,0,0,10,0,0,10,1,0,0,1
351.202,1662572092686,5.015829486,1,4.4,34.3,0.0,61.4,0.0,0.0,0.0,113,1,64,0,2,521160,73996,352916,719820,5924,98913,294,294,35,0,0,8,18,8,10,2,3,0,0,0,0,3,563538,0,5,0,27,502,249694,5194,3,1,23130,18177,2391,2636,224,144,249,0,25,111,111,113,742,125,2096844,209,2,131,5,353722,353671,130,20,2,3,7,561583,338534,7,8,221,22,15,0,3,0,108,736125,336,0,94,1,2,7,7,1,6,13,1,3,2,2
356.219,1662572099452,5.016587606,1,4.4,24.0,0.0,71.6,0.0,0.0,0.0,112,1,63,0,2,521168,73988,352916,719824,5779,99684,84,84,35,0,0,5,7,5,2,0,1,0,0,0,0,5,525038,0,4,1,11,543,229678,5469,0,1,23273,18251,6228,6742,1273,172,1305,0,9,104,104,106,2472,938,1959656,205,11,129,46,337993,337937,124,16,11,13,25,523074,320321,14,18,231,39,30,0,13,0,102,661255,345,0,78,1,0,0,29,0,0,29,1,0,0,1
361.233,1662572106226,5.013747948,1,8.1,29.0,0.0,62.9,0.0,0.0,0.0,113,1,64,0,2,522044,73112,352916,720708,13959,208379,140,140,35,0,0,0,0,0,0,0,0,0,0,0,0,8,571450,0,20,0,5,3023,248473,5456,0,0,23454,18658,7547,7413,1581,313,1390,252,5,117,117,119,3165,1255,2142784,231,10,132,7,367467,367438,133,11,10,20,25,571135,349707,14,19,250,28,27,5,13,1,104,720425,355,0,58,1,0,0,25,0,0,25,1,0,0,1
366.249,1662572118471,5.016296991,1,3.8,32.4,0.0,63.5,0.0,0.0,0.3,113,1,64,0,2,520604,74560,352908,719260,5803,98743,84,84,35,0,0,5,7,5,2,6,1,0,0,0,0,12,490831,0,7,1,10,1718,194509,5328,0,1,23421,18366,6666,6795,1422,494,1454,126,9,105,105,107,2715,1030,1784738,205,15,129,46,341051,340992,124,15,15,17,30,488841,322838,14,22,235,39,30,0,17,0,102,593062,340,0,83,1,0,0,29,0,0,29,1,0,0,1
371.268,1662572125309,5.018552286,1,18.7,38.2,0.0,42.8,0.0,0.0,0.3,113,1,64,0,2,520712,74444,352916,719376,5603,99347,84,84,35,0,0,5,11,5,6,6,2,0,0,0,0,9,523531,0,6,0,21,1069,215171,5424,0,1,23049,18072,3435,3591,573,95,599,0,17,103,103,106,1118,355,1888253,201,8,130,5,348143,348091,128,18,8,9,16,521458,332992,10,15,222,23,17,0,9,0,100,661266,329,0,91,1,1,6,9,1,4,13,1,1,0,2
376.284,1662572132145,5.016073976,1,1.7,36.1,0.0,61.8,0.0,0.0,0.3,113,1,64,0,2,520872,74280,352920,719540,5803,98460,161,161,35,0,0,8,11,8,3,1,2,0,0,0,0,2,542940,0,3,1,13,532,230433,5147,2,1,22830,17890,1171,1241,52,10,78,0,11,107,107,108,92,6,2009367,207,0,130,5,350876,350834,127,18,0,0,5,541012,337196,6,6,217,21,13,0,0,0,104,705367,299,0,71,1,1,0,4,0,2,6,1,2,2,2
381.302,1662572139012,5.017818599,1,1.4,28.3,0.0,70.0,0.0,0.0,0.3,113,1,64,0,2,521696,73456,352920,720368,5929,99812,84,84,35,0,0,5,7,5,2,0,1,0,0,0,0,10,483411,0,6,1,11,579,188436,5410,0,1,23294,18268,6221,6375,1291,172,1301,0,9,108,108,110,2481,936,1747071,211,11,129,46,337441,337377,127,16,11,13,25,481306,319749,14,18,237,39,30,0,13,0,103,582060,326,0,78,1,0,0,28,0,1,29,1,0,0,1
386.318,1662572145802,5.015800442,1,16.0,33.5,0.0,50.2,0.0,0.0,0.4,113,1,64,0,2,521420,73720,352932,720100,5581,98519,56,56,35,0,0,5,7,5,2,0,1,0,0,0,0,3,542765,0,6,0,9,2865,229594,5086,0,1,22833,17914,2929,3074,438,86,460,0,8,102,102,104,877,262,1973449,201,4,130,5,353597,353554,124,13,4,5,13,540838,338933,10,11,213,22,12,0,5,0,98,683860,305,0,70,1,0,0,9,0,0,9,1,0,0,1
391.337,1662572152655,5.018619743,1,2.4,36.0,0.0,61.5,0.0,0.0,0.0,113,1,64,0,2,520816,74324,352932,719496,6021,99878,294,294,35,0,0,5,7,5,2,0,1,0,0,0,0,3,502022,0,5,0,15,2922,196525,5178,0,1,23115,18172,2366,2836,220,143,250,63,9,110,110,114,736,128,1765587,207,2,130,5,346278,346234,129,15,2,3,7,499945,331052,7,8,219,24,14,0,3,0,107,611000,335,0,80,1,0,0,4,0,0,4,1,0,0,1
396.352,1662572159435,5.015499512,1,4.3,36.0,0.0,59.7,0.0,0.0,0.0,113,1,64,0,2,521904,73244,352924,720576,7828,101047,84,84,35,0,0,5,12,5,7,0,2,0,0,0,0,16,522914,0,17,1,21,3825,223613,5940,0,1,24580,19122,15401,15907,3331,937,3352,882,18,117,117,117,7034,2534,1950958,231,28,129,48,349163,349083,137,15,28,35,55,520643,324294,24,40,263,45,48,5,35,1,105,590057,435,0,93,1,1,7,65,1,4,69,1,1,0,2
401.384,1662572166244,5.031840046,1,6.7,31.1,0.0,61.9,0.0,0.0,0.3,113,1,64,0,2,521304,73832,352936,719988,5919,100468,56,56,35,0,0,5,7,5,2,0,1,0,0,0,0,11,515136,0,4,0,10,2875,210702,5421,0,1,22989,18021,4347,4162,920,158,655,189,9,98,98,101,1681,658,1868289,193,8,130,16,345387,345333,118,15,7,7,19,512730,329119,11,12,215,32,26,0,8,0,96,620973,327,0,71,1,0,0,11,0,0,11,1,1,1,2
406.4,1662572173238,5.015606392,1,1.7,31.5,0.0,66.8,0.0,0.0,0.0,113,1,64,0,2,521288,73840,352944,719980,5763,98885,294,294,35,0,0,8,10,8,2,0,1,0,0,0,0,7,518510,0,6,1,11,2736,215284,5144,0,1,23031,18097,2377,2896,217,18,243,0,9,111,111,113,745,132,1862507,209,2,130,5,345437,345390,129,15,2,4,7,516569,330280,7,8,220,22,14,0,4,0,106,650981,322,0,71,1,0,0,5,0,2,7,1,0,0,1
411.422,1662572180063,5.022419406,1,5.3,38.3,0.0,56.1,0.0,0.0,0.3,113,1,64,0,2,521404,73736,352932,720084,5581,98606,56,56,35,0,0,5,7,5,2,0,1,0,0,0,0,11,537683,0,3,1,11,2742,229545,5345,0,1,23225,18208,6135,6630,1277,298,1297,63,8,105,105,104,2472,937,2001399,207,11,129,45,350594,350536,123,14,11,13,26,535642,333064,14,18,232,35,28,0,13,0,101,660973,336,0,68,1,0,0,31,0,0,31,1,0,0,1
416.439,1662572186935,5.016641907,1,2.1,32.5,0.0,65.4,0.0,0.0,0.0,113,1,64,0,2,520752,74376,352944,719444,6045,98409,84,84,35,0,0,5,7,5,2,6,1,0,0,0,0,9,524177,0,9,0,10,2992,225234,5834,0,1,23581,18352,6725,7193,1431,314,1460,126,110,101,101,109,2714,1022,1938349,197,15,131,44,342934,342874,177,16,15,17,29,521831,324094,17,25,380,35,169,0,18,0,98,608498,501,0,122,1,0,0,28,0,1,29,1,0,0,1
421.456,1662572193731,5.017287529,1,6.2,28.6,0.0,65.2,0.0,0.0,0.0,113,1,64,0,2,521216,73912,352944,719908,5947,98835,266,266,35,0,0,5,12,5,7,0,2,0,0,0,0,6,534685,0,8,0,20,533,227210,5231,0,1,23135,18183,2375,2532,217,17,247,63,18,109,109,115,742,125,1949748,207,2,131,5,347214,347187,129,16,2,3,8,532788,332108,7,8,220,22,14,0,3,0,107,672209,344,0,81,1,1,7,5,1,4,9,1,1,0,2
426.477,1662572200565,5.020601669,1,3.4,37.2,0.0,59.4,0.0,0.0,0.0,113,1,64,0,2,520752,74368,352952,719452,5695,98528,84,84,35,0,0,5,7,5,2,0,1,0,0,0,0,8,543870,0,5,1,11,689,238179,5452,0,1,23094,18110,6128,6293,1280,172,1296,63,9,104,104,106,2470,931,2032931,203,11,128,45,347374,347318,127,15,11,14,25,541814,329913,14,18,226,36,26,0,13,0,101,693871,343,0,75,1,0,0,27,0,0,27,1,1,1,2
431.494,1662572207429,5.016615405,1,1.3,29.9,0.0,68.8,0.0,0.0,0.0,112,2,63,0,2,520972,74144,352956,719676,5453,98226,84,84,35,0,0,8,14,9,5,4,2,0,0,0,0,8,478390,0,4,0,19,2875,189063,5278,3,1,23108,18098,6063,6540,1258,360,1287,126,15,101,101,102,2474,925,1701354,199,11,129,44,333016,332961,123,17,11,13,25,476341,315586,14,18,223,32,26,0,13,0,98,577117,327,0,86,1,1,0,32,0,2,34,1,1,1,2
436.508,1662572214180,5.013827934,1,0.9,36.0,0.0,63.0,0.0,0.0,0.0,113,1,64,0,2,521760,73360,352952,720460,19608,203121,9301,9301,35,0,0,0,0,0,0,1,0,0,0,0,0,15,500676,0,21,0,5,2564,195339,5648,0,0,22294,17835,14484,14370,3215,931,3013,567,5,159,160,155,6476,2473,1834842,259,25,121,50,352408,352371,148,11,25,35,55,500377,329720,23,34,293,51,72,16,27,3,137,569096,408,0,70,1,0,0,51,0,0,51,1,0,0,1
441.523,1662572226398,5.015124800,1,1.7,32.0,0.0,66.3,0.0,0.0,0.0,113,2,64,0,2,521592,73536,352944,720284,5089,88917,84,84,35,0,0,5,7,5,2,0,1,0,0,0,0,3,513889,0,5,0,11,2882,214583,5154,0,1,22598,17666,2259,2507,547,17,274,63,9,95,95,97,827,420,1858903,185,3,129,16,340001,339952,114,15,3,2,10,511904,325728,7,7,205,31,23,0,3,0,92,639318,318,0,72,1,0,0,5,0,1,6,1,0,0,1
446.54,1662572233196,5.016670934,1,2.3,30.5,0.0,67.1,0.0,0.0,0.0,113,1,64,0,2,521548,73580,352944,720244,5769,99878,294,294,35,0,0,5,7,5,2,0,1,0,0,0,0,6,519781,0,5,0,12,2870,213593,5174,0,1,23051,18120,2365,2522,219,17,251,0,8,110,110,111,741,139,1880632,207,2,130,5,348892,348844,126,14,2,3,7,517856,333646,7,8,217,22,14,0,3,0,106,651496,315,0,71,1,0,0,4,1,4,8,1,1,1,2
451.555,1662572239988,5.015206105,1,4.5,32.7,0.0,62.8,0.0,0.0,0.0,113,1,64,0,2,520892,74244,352936,719580,5664,97937,56,56,35,0,0,5,7,5,2,0,1,0,0,0,0,12,528977,0,3,0,11,2893,224941,5468,0,1,23152,18154,6132,6634,1268,173,1292,0,9,104,104,103,2470,929,1961377,205,11,133,45,346936,346879,128,16,11,13,26,526923,329406,13,17,230,35,28,0,13,0,100,644603,349,0,84,1,0,0,30,0,0,30,1,0,0,1
456.571,1662572246774,5.016489117,1,1.6,36.0,0.0,62.4,0.0,0.0,0.0,113,1,64,0,2,521428,73700,352944,720124,5752,98382,84,84,35,0,0,8,12,8,4,1,2,0,0,0,0,13,492765,0,7,0,15,669,191016,5437,3,1,23093,17933,4152,4312,894,291,926,0,142,104,104,106,1603,686,1797899,203,7,132,44,342841,342785,193,16,7,8,16,490678,326512,12,15,368,32,141,0,9,0,99,588777,501,0,127,1,1,0,23,0,2,25,1,1,1,2
461.597,1662572253555,5.026489447,1,2.4,39.6,0.0,58.0,0.0,0.0,0.0,113,1,64,0,2,520736,74392,352944,719432,6533,100772,1296,1296,35,0,0,5,7,5,2,0,1,0,0,0,0,4,536449,0,16,0,11,2902,224747,5355,0,1,23224,18254,2429,2931,223,81,245,63,9,134,134,137,739,122,1985271,221,2,131,5,352650,352599,132,15,2,3,8,534383,337229,8,9,234,24,20,22,3,4,121,660952,358,0,75,1,0,0,4,0,0,4,1,0,0,1
466.614,1662572260375,5.016673339,1,5.0,33.5,0.0,60.8,0.0,0.0,0.6,113,1,64,0,2,521492,73644,352936,720180,5644,98606,84,84,35,0,0,5,7,5,2,0,1,0,0,0,0,10,484407,0,5,0,11,2885,188998,5316,0,1,23196,18189,6131,6541,1278,172,1302,126,9,105,105,106,2473,927,1751597,205,12,129,45,337765,337709,128,15,11,13,26,482428,320299,14,18,231,36,28,0,13,0,101,584018,350,0,82,1,0,0,28,0,0,28,1,0,0,1
471.631,1662572267197,5.016568967,1,3.3,41.1,0.0,55.5,0.0,0.0,0.0,113,1,64,0,2,522064,73064,352944,720760,7946,100843,84,84,35,0,0,5,12,5,7,1,2,0,0,0,0,22,486757,0,21,0,25,3845,196103,5653,0,1,24235,18792,13125,13656,2977,739,2975,630,19,118,118,119,6172,2309,1764234,231,24,129,46,339747,339676,141,19,24,30,46,484759,317018,20,35,261,37,40,5,30,1,104,543878,412,0,96,1,1,6,57,1,4,61,1,2,1,2
476.648,1662572273967,5.016571730,1,4.2,36.4,0.0,59.4,0.0,0.0,0.0,114,1,64,0,2,521048,74088,352936,719736,6005,99096,266,266,35,0,0,5,7,5,2,0,1,0,0,0,0,9,514897,0,8,0,11,2895,205563,5133,0,1,23075,18130,2370,2496,223,17,252,0,9,108,108,115,744,140,1824188,205,2,130,5,350290,350239,124,15,2,3,8,512933,335070,6,7,220,22,14,0,3,0,107,630884,323,0,72,1,0,0,5,0,0,5,1,0,0,1
481.663,1662572280778,5.015472836,1,2.5,35.8,0.0,61.7,0.0,0.0,0.0,114,1,64,0,2,520972,74156,352944,719668,6035,98892,84,84,35,0,0,8,11,8,3,1,2,0,0,0,0,8,492686,0,5,0,14,554,189305,5426,2,1,23297,18267,6182,6336,1272,171,1305,63,11,109,109,110,2476,935,1799165,214,11,129,45,345776,345725,130,18,11,13,25,490738,328244,14,18,234,36,27,0,13,0,105,594420,330,0,80,1,1,0,31,0,2,33,1,1,1,2
486.679,1662572287529,5.016307934,1,2.8,40.3,0.0,56.2,0.0,0.0,0.7,113,1,64,0,2,520804,74320,352948,719504,5505,98382,84,84,35,0,0,5,7,5,2,0,1,0,0,0,0,15,543148,0,4,0,11,704,240878,5373,0,1,22772,17798,3947,4129,878,283,907,0,9,103,103,103,1602,683,2028337,201,7,129,44,344112,344062,126,16,7,9,16,541207,328540,10,13,223,30,23,0,8,0,98,675290,314,0,81,1,0,0,23,0,0,23,1,0,0,1
491.695,1662572294360,5.015644088,1,5.6,33.4,0.0,59.6,0.0,0.0,1.4,113,1,64,0,2,521016,74116,352940,719708,5654,98835,266,266,35,0,0,5,7,5,2,0,1,0,0,0,0,7,510900,0,3,0,11,2903,206691,5299,0,1,23071,18130,2361,2516,224,81,237,63,9,109,109,110,742,129,1880249,207,2,130,5,344874,344827,125,16,2,3,8,508916,329642,7,8,218,21,14,0,3,0,106,640235,316,0,76,1,0,0,4,0,0,4,1,0,0,1
496.712,1662572301484,5.016542677,1,2.5,34.8,0.0,62.7,0.0,0.0,0.0,113,1,64,0,2,521080,74052,352940,719772,5851,99727,84,84,35,0,0,5,11,5,6,0,2,0,0,0,0,10,515262,0,5,0,22,630,213824,5430,0,1,23200,18176,4713,5118,779,226,1108,126,17,106,106,107,1645,507,1915615,207,8,130,34,342248,342183,127,18,8,11,19,513063,326088,13,17,223,27,16,0,9,0,102,635210,327,0,94,1,1,6,17,1,4,21,1,2,1,2
501.729,1662572308341,5.016784761,1,4.6,40.3,0.0,54.5,0.0,0.0,0.7,113,1,64,0,2,521324,73808,352940,720016,5297,97261,56,56,35,0,0,5,7,5,2,0,1,0,0,0,0,5,512377,0,4,0,13,548,211808,5280,0,1,22914,17908,3953,4119,882,157,905,126,9,102,102,100,1599,683,1865398,201,7,130,44,341176,341125,126,15,7,8,17,510403,325468,10,13,222,31,23,0,8,0,95,640727,330,0,85,1,0,0,23,0,0,23,1,0,0,1
506.744,1662572315136,5.014759989,1,19.7,32.9,0.0,45.5,0.0,0.0,1.8,114,1,65,0,1,521284,73848,352940,719976,5846,100041,294,294,35,0,0,5,8,4,3,5,2,0,0,0,0,9,492529,0,6,0,14,582,190418,5226,2,1,23310,18320,2975,3125,365,152,387,126,11,113,113,115,988,212,1802639,211,7,131,6,342867,342814,127,16,6,7,11,490553,326961,7,12,233,25,22,0,8,0,108,600219,334,0,83,1,1,0,6,0,0,6,1,1,1,2
511.758,1662572321932,5.013864012,1,2.6,30.5,0.0,65.4,0.0,0.0,1.5,114,1,64,0,2,520396,74736,352940,719088,15367,226074,140,140,35,0,0,0,0,0,0,1,0,0,0,0,0,14,511670,0,15,0,5,3397,197718,5511,0,0,23775,18890,10910,10832,2483,1027,2325,567,5,118,118,119,4886,1955,1871983,233,18,130,46,361998,361961,134,12,17,29,41,511279,341141,18,29,259,39,43,5,21,1,106,604625,358,0,69,1,0,0,50,0,0,50,1,0,0,1
516.774,1662572335065,5.015947068,1,17.2,29.9,0.0,52.0,0.0,0.0,0.9,115,2,65,0,1,521688,73436,352948,720388,5956,100139,294,294,35,0,0,5,11,5,6,0,2,0,0,0,0,7,507212,0,5,0,21,556,194064,5051,0,1,23293,18310,2457,2935,223,17,240,0,16,112,112,113,743,117,1765031,211,2,131,6,353483,353431,127,12,2,3,7,505242,338099,7,8,222,25,16,0,3,0,108,624816,330,0,82,1,1,6,4,1,4,8,1,2,1,2
521.789,1662572341935,5.015439523,1,4.1,34.4,0.0,60.1,0.0,0.0,1.5,114,1,64,0,2,521120,74012,352940,719812,5869,100118,56,56,35,0,0,5,7,5,2,0,1,0,0,0,0,1,504137,0,3,0,11,542,192970,5068,0,1,23060,18101,3056,3566,445,87,472,63,9,107,107,108,879,259,1838878,211,4,130,6,350993,350946,131,15,4,5,13,502328,336083,10,11,227,26,17,0,5,0,105,611727,315,0,76,1,0,0,9,0,0,9,1,0,0,1
526.804,1662572348739,5.015141403,1,6.2,41.2,0.0,52.3,0.0,0.0,0.3,114,1,64,0,2,520884,74240,352948,719584,5631,97261,84,84,35,0,0,5,7,5,2,0,1,0,0,0,0,13,549881,0,10,0,10,525,242373,5502,0,1,22873,17876,3955,4431,886,474,912,63,8,103,103,108,1600,689,2061178,201,7,129,44,348106,348053,120,13,7,8,16,548030,332423,10,13,228,31,23,0,8,0,98,694019,322,0,75,1,0,0,22,0,0,22,1,0,0,1
531.82,1662572355561,5.016219417,1,18.1,40.6,0.0,40.3,0.0,0.0,1.0,114,1,64,0,2,520980,74144,352948,719680,6060,100093,294,294,35,0,0,8,10,8,2,6,1,0,0,0,0,10,536357,0,10,0,11,588,229768,5586,0,1,23271,18295,2945,3428,369,88,392,63,9,112,112,117,1004,212,2000277,211,6,130,6,347384,347333,127,15,6,7,11,534366,331481,7,12,228,25,16,0,7,0,108,674749,330,0,80,1,0,0,5,0,2,7,1,0,0,1
536.837,1662572362386,5.017244723,1,3.0,30.0,0.0,66.3,0.0,0.0,0.7,113,2,63,0,2,521776,73352,352944,720472,6046,98656,56,56,35,0,0,5,7,5,2,0,1,0,0,0,0,0,493296,0,5,0,11,2936,189808,5316,0,1,22958,18019,3052,3219,446,87,470,0,9,106,106,110,872,263,1721651,209,4,130,6,344109,344064,130,15,4,6,13,491460,329317,10,11,225,29,15,0,5,0,103,600268,330,0,79,1,0,0,7,0,0,7,1,0,0,1
541.853,1662572369168,5.016030256,1,2.2,36.1,0.0,61.3,0.0,0.0,0.3,113,2,64,0,2,520956,74172,352944,719652,5505,98304,84,84,35,0,0,5,11,5,6,0,2,0,0,0,0,3,527742,0,5,0,22,556,223237,5214,0,1,22881,17880,3962,4418,885,346,910,63,17,103,103,105,1602,679,1961904,201,7,130,44,345072,345020,124,18,7,8,16,525802,329390,10,13,223,31,23,0,8,0,99,663682,316,0,85,0,1,0,22,1,4,26,0,0,0,0
546.873,1662572375984,5.020151785,1,1.6,32.8,0.0,65.2,0.0,0.0,0.3,114,1,64,0,2,520328,74800,352944,719024,8381,110040,266,266,35,0,0,5,7,5,2,7,1,0,0,0,0,22,513524,0,15,0,11,1786,213770,6044,0,1,24967,19368,13715,13677,2855,616,2680,378,128,124,124,123,6273,2172,1915736,237,26,132,19,349855,349782,205,16,26,31,48,511475,324755,18,35,402,41,162,5,33,1,112,597777,533,0,130,1,0,0,45,0,0,45,1,0,0,1
551.889,1662572383285,5.016315988,1,1.8,33.6,0.0,64.3,0.0,0.0,0.4,114,1,64,0,2,520148,74980,352944,718844,5794,99649,84,84,35,0,0,5,7,5,2,0,1,0,0,0,0,2,511035,0,5,0,11,1649,208663,5342,0,1,22944,18009,3053,3195,452,150,468,0,9,106,106,109,879,258,1893936,206,4,130,6,342495,342453,128,16,4,5,12,509167,327700,10,11,222,27,15,0,5,0,103,641926,309,0,76,1,0,0,9,0,0,9,1,0,0,1
556.906,1662572390132,5.016861297,1,4.4,32.4,0.0,62.6,0.0,0.0,0.6,114,1,64,0,2,521012,74108,352952,719716,5804,98460,56,56,35,0,0,8,10,8,2,0,1,0,0,0,0,6,530845,0,3,0,11,550,230938,5571,0,1,23155,18143,6031,6192,1261,108,1291,126,9,103,103,103,2474,934,1972585,203,11,129,44,342490,342444,123,15,11,13,26,529030,325141,14,18,223,31,25,0,13,0,100,655005,333,0,78,1,0,0,28,0,2,30,1,0,0,1
561.923,1662572396947,5.016726457,1,2.5,35.2,0.0,62.3,0.0,0.0,0.0,114,1,64,0,2,521168,73952,352952,719872,6156,99209,294,294,35,0,0,8,15,8,7,1,3,0,0,0,0,11,491557,0,5,0,23,2896,199040,5341,3,1,23458,18424,5581,6125,1045,353,1076,189,19,111,111,112,2330,804,1754165,209,9,130,45,336345,336311,130,19,9,11,20,489764,318329,11,15,230,36,29,0,11,0,105,594813,354,0,89,3,2,6,23,1,6,29,1,3,2,2
566.945,1662572403763,5.021825165,1,1.9,34.6,0.0,63.2,0.0,0.0,0.3,114,1,64,0,2,521232,73888,352952,719936,5748,98606,84,84,35,0,0,5,7,5,2,0,1,0,0,0,0,5,530337,0,4,0,10,2863,219553,5025,0,1,22908,17968,2928,3445,441,86,456,0,8,102,102,104,871,250,1962924,200,4,130,5,350989,350943,124,14,4,5,13,528332,336243,10,11,213,23,11,0,5,0,100,673191,308,0,64,1,0,0,9,0,0,9,1,0,0,1
571.96,1662572410540,5.014988091,1,2.0,30.7,0.0,66.9,0.0,0.0,0.3,114,1,64,0,2,520916,74204,352952,719620,5551,98354,56,56,35,0,0,5,7,5,2,0,1,0,0,0,0,5,552123,0,5,0,11,2858,242653,5313,0,1,23000,18033,6024,6182,1270,423,1297,189,9,101,101,103,2476,924,2062687,199,12,129,44,352078,352023,125,16,11,13,26,550224,334740,14,18,222,32,24,0,13,0,98,687801,344,0,80,1,0,0,29,0,0,29,1,0,0,1
576.976,1662572417385,5.016104230,1,2.4,39.5,0.0,58.1,0.0,0.0,0.0,114,2,63,0,2,521468,73648,352956,720176,5691,97749,189,189,35,0,0,5,7,5,2,0,1,0,0,0,0,9,539406,0,5,1,10,2873,239437,5265,0,1,22956,17962,5071,5275,1057,291,1085,63,8,105,105,107,2241,803,2022270,201,9,128,45,340721,340650,120,14,9,11,19,536978,324067,11,15,224,34,27,0,11,0,101,693146,324,0,71,1,0,0,23,0,0,23,1,0,0,1
581.992,1662572424247,5.016494905,1,3.8,31.2,0.0,65.0,0.0,0.0,0.0,113,1,63,0,2,520844,74280,352948,719544,5695,99347,56,56,35,0,0,5,7,5,2,0,1,0,0,0,0,1,492860,0,7,0,11,558,189189,4964,0,1,22878,17945,2934,3374,444,86,463,0,9,102,102,107,879,257,1801994,201,4,130,5,342948,342903,122,16,4,5,13,490855,328318,10,11,216,23,11,0,5,0,99,602818,329,0,71,1,0,0,8,0,0,8,1,0,0,1
587.006,1662572431011,5.014243106,1,5.1,35.8,0.0,59.1,0.0,0.0,0.0,114,1,64,0,2,521688,73428,352956,720396,9987,130006,294,294,35,0,0,5,8,5,3,2,2,0,0,0,0,17,534475,0,18,0,14,3441,225006,5945,2,1,24418,19408,13759,13330,2693,549,2653,756,11,124,124,127,6168,1995,2009944,237,23,131,7,359116,359072,142,17,23,29,47,534105,336058,20,34,256,31,33,5,30,1,112,643374,396,0,85,1,1,0,44,1,4,48,1,2,2,2
592.021,1662572439346,5.014926227,1,3.2,34.4,0.0,62.1,0.0,0.0,0.3,114,1,64,0,2,520832,74280,352960,719544,5623,97520,84,84,35,0,0,8,10,8,2,4,1,0,0,0,0,13,499577,0,5,0,11,2742,200289,5465,0,1,23287,18084,4829,4997,1046,364,1072,63,138,104,104,106,1842,779,1805445,203,11,131,46,340666,340607,194,15,11,13,20,497595,323485,13,20,375,39,152,0,14,0,100,610018,499,0,133,1,0,0,23,0,2,25,1,0,0,1
597.439,1662572446111,5.417514528,1,2.7,35.9,0.0,61.1,0.0,0.0,0.3,114,2,63,0,2,521216,73896,352960,719928,5869,105605,56,56,35,0,0,5,7,5,2,0,1,0,0,0,0,4,528438,0,4,0,11,3069,204359,5430,0,1,24499,19157,2974,2629,629,340,539,63,9,108,108,110,1025,492,1927880,213,3,139,44,368464,368412,128,16,6,2,12,526698,351996,8,8,236,31,25,0,7,0,106,647588,324,0,72,2,0,0,21,0,0,21,2,0,0,2
602.455,1662572453268,5.016258250,1,2.9,29.5,0.0,67.3,0.0,0.0,0.3,114,1,64,0,2,520736,74372,352964,719452,5769,99878,294,294,35,0,0,8,16,8,7,4,3,0,0,0,0,4,541910,0,5,0,22,2896,235010,5381,2,1,23389,18434,4462,4939,608,157,629,126,19,110,110,112,1604,379,2023116,207,6,130,5,351185,351129,129,20,6,9,16,539957,334190,11,13,220,23,15,0,8,0,106,673123,343,0,94,3,2,6,13,1,6,19,1,3,2,3
607.471,1662572460052,5.015576124,1,2.3,34.2,0.0,63.2,0.0,0.0,0.3,114,1,64,0,2,521452,73664,352956,720160,6009,99238,56,56,35,0,0,5,11,5,6,0,2,0,0,0,0,7,539672,0,5,0,20,2884,232453,5457,2,1,23179,18186,6059,5854,1233,297,1263,0,17,107,107,108,2341,890,2007034,210,10,129,45,349465,349407,133,18,10,10,26,537644,332094,14,18,237,36,29,0,13,0,103,683422,338,0,89,3,2,6,29,1,4,33,1,3,2,2
612.487,1662572466856,5.016383723,1,3.8,32.9,0.0,63.3,0.0,0.0,0.0,114,1,64,0,2,521224,73880,352968,719944,5860,98382,84,84,35,0,0,5,7,5,2,0,1,0,0,0,0,6,540782,0,5,1,11,1357,235644,5432,0,1,22739,17769,3952,4123,880,220,905,0,9,103,103,105,1599,680,2021127,201,7,129,44,345076,345026,125,15,7,8,16,538736,329528,10,13,221,33,24,0,8,0,97,689544,319,0,73,1,0,0,21,0,0,21,1,0,0,1
617.504,1662572473712,5.016714659,1,4.1,34.4,0.0,61.2,0.0,0.0,0.3,114,1,64,0,2,521492,73612,352968,720212,5757,97870,294,294,35,0,0,5,7,5,2,0,1,0,0,0,0,6,535073,0,3,0,11,554,232203,5469,0,1,23320,18380,4443,4594,614,93,645,0,9,110,110,111,1612,399,1999541,209,6,129,5,344585,344530,126,15,6,8,16,533081,327642,11,13,221,22,16,0,8,0,108,669005,346,0,77,1,0,0,10,0,0,10,1,0,0,1
622.521,1662572480527,5.016779141,1,5.4,28.2,0.0,66.1,0.0,0.0,0.3,114,1,64,0,2,522044,73068,352960,720760,7809,101094,56,56,35,0,0,5,7,5,2,0,1,0,0,0,0,22,518279,0,15,0,10,3827,219230,5902,0,1,24512,19062,15312,15841,3327,616,3371,567,9,118,118,116,7041,2554,1903332,233,28,128,47,349435,349359,138,16,28,35,56,516260,324697,24,40,261,42,45,5,35,1,106,601172,389,0,76,1,0,0,63,0,0,63,1,0,0,1
627.536,1662572487350,5.015013064,1,4.1,33.0,0.0,62.9,0.0,0.0,0.0,114,1,64,0,2,521572,73540,352960,720288,5551,99347,84,84,35,0,0,5,7,5,2,0,1,0,0,0,0,9,502095,0,6,0,11,884,204521,5412,0,1,22897,17897,3958,4438,881,220,906,0,9,102,102,105,1603,685,1815243,199,8,130,44,338374,338325,125,16,7,8,16,500008,322657,10,13,222,31,23,0,8,0,99,615678,321,0,75,1,0,0,21,0,0,21,1,0,0,1
632.553,1662572494177,5.016512012,1,3.2,36.3,0.0,60.5,0.0,0.0,0.0,114,1,64,0,2,521932,73188,352952,720640,5717,98835,266,266,35,0,0,5,9,5,4,1,2,0,0,0,0,6,500879,0,4,0,13,2951,193531,5525,2,1,23424,18461,4459,4926,606,95,632,0,12,110,110,111,1606,385,1794655,207,6,130,5,349428,349375,125,16,6,8,17,499103,332357,11,13,219,23,15,0,8,0,107,609245,335,0,83,1,1,0,11,1,4,15,1,2,2,2
637.57,1662572501004,5.017304767,1,3.3,34.1,0.0,62.5,0.0,0.0,0.0,114,1,64,0,2,521224,73884,352964,719944,6598,97980,84,84,35,0,0,8,10,8,2,6,1,0,0,0,0,10,536775,0,9,1,11,636,230552,6068,0,1,23533,18345,5417,6329,1031,241,1256,63,117,110,110,117,1999,708,1996406,215,12,132,34,349098,349055,189,15,12,16,23,535400,332042,14,22,368,30,123,0,14,0,106,644991,490,0,124,1,0,0,26,0,2,28,1,0,0,1
642.586,1662572507846,5.016298685,1,2.6,33.9,0.0,63.3,0.0,0.0,0.3,114,1,64,0,2,521168,73940,352964,719884,5735,99397,84,84,35,0,0,5,7,5,2,0,1,0,0,0,0,9,495447,0,8,1,10,2898,190282,5164,0,1,22929,17926,3961,4441,876,94,905,0,8,102,102,108,1601,682,1753357,201,7,130,44,346324,346269,124,13,7,8,17,493402,330601,10,13,227,31,23,0,8,0,99,591995,316,0,76,1,0,0,22,0,0,22,1,0,0,1
647.604,1662572514627,5.018057474,1,5.6,35.0,0.0,58.7,0.0,0.0,0.7,114,2,64,0,1,521980,73120,352972,720708,5717,98835,266,266,35,0,0,5,7,5,2,0,1,0,0,0,0,11,518185,0,4,0,11,2883,211692,5258,0,1,23430,18470,4442,4944,603,30,625,0,9,110,110,111,1609,387,1908890,209,6,130,5,348638,348581,129,15,6,8,17,516251,331614,11,13,219,23,15,0,8,0,107,649009,328,0,83,1,0,0,11,0,0,11,1,0,0,1
652.62,1662572521817,5.016168638,1,1.7,32.2,0.0,66.1,0.0,0.0,0.0,114,1,64,0,2,520952,74156,352964,719672,10489,99816,5095,5095,35,0,0,5,7,5,2,0,1,0,0,0,0,7,497361,0,9,0,11,2915,191508,5346,0,1,23090,18128,3481,3548,591,151,473,0,9,127,127,125,1091,379,1749587,229,4,131,8,347049,347006,136,15,4,5,12,495658,331608,10,11,246,28,27,4,5,0,119,613750,340,0,77,1,0,0,10,0,0,10,1,0,0,1
657.638,1662572528689,5.017697117,1,3.8,26.0,0.0,69.2,0.0,0.0,1.0,113,1,63,0,2,520468,74632,352972,719196,5608,97339,84,84,35,0,0,5,11,5,6,0,2,0,0,0,0,8,542027,0,4,0,20,2845,239306,5175,0,1,22715,17748,3949,4120,880,220,913,0,17,102,102,104,1595,691,2025097,201,7,128,44,342827,342779,128,17,7,8,17,540070,327341,10,13,222,31,24,0,8,0,100,694873,338,0,90,1,1,6,21,1,4,25,1,2,1,2
662.65,1662572535475,5.011979932,1,2.5,31.4,0.0,64.5,0.0,0.0,1.6,114,1,64,0,2,520940,74152,352980,719668,14999,219128,378,378,35,0,0,0,0,0,0,1,0,0,0,0,0,13,497317,0,16,0,5,1050,194544,5550,0,0,23774,18918,9122,8854,1872,327,2017,252,5,122,122,119,3851,1462,1835965,239,15,130,36,348376,348345,141,11,14,20,31,496918,329286,17,25,257,32,31,5,18,1,108,608084,330,0,62,1,0,0,44,0,0,44,1,0,0,1
667.666,1662572548182,5.015938232,1,1.8,34.4,0.0,63.8,0.0,0.0,0.0,114,1,64,0,2,521160,73888,353024,719908,5453,98148,56,56,35,0,0,5,7,5,2,0,1,0,0,0,0,4,522414,0,4,1,11,2902,214560,5304,0,1,22913,17894,3955,4126,876,283,900,63,9,100,100,102,1598,687,1935028,197,7,129,44,349467,349418,120,16,7,8,17,520730,333729,10,13,218,31,23,0,8,0,97,649371,313,0,75,1,0,0,22,0,0,22,1,0,0,1
672.681,1662572555013,5.015476364,1,18.1,37.1,0.0,43.8,0.0,0.0,1.0,114,1,64,0,2,521916,73132,353024,720668,5904,99209,294,294,35,0,0,5,7,5,2,0,1,0,0,0,0,15,515678,0,5,0,11,555,209392,5370,0,1,23489,18516,4523,4995,607,93,633,63,9,110,110,112,1612,381,1881042,207,6,130,6,348850,348795,125,16,6,8,16,513773,331649,11,13,221,26,17,0,8,0,107,633020,315,0,72,1,0,0,12,0,0,12,1,0,0,1
677.697,1662572562001,5.015961101,1,4.0,38.6,0.0,56.7,0.0,0.0,0.7,114,1,64,0,2,521712,73336,353024,720464,5955,99988,56,56,35,0,0,5,11,5,6,0,2,0,0,0,0,3,544974,0,4,0,19,2743,241670,5236,0,1,22901,17819,1119,1280,70,16,95,0,124,105,105,107,4,5,2034155,207,0,133,6,345679,345637,188,18,0,0,4,543005,332100,7,7,332,27,99,0,0,0,103,704004,445,0,124,1,1,6,3,1,4,7,1,2,1,2
682.714,1662572568828,5.016510474,1,3.3,35.4,0.0,61.3,0.0,0.0,0.0,114,1,64,0,2,521832,73200,353040,720592,5551,98354,84,84,35,0,0,8,11,8,3,1,2,0,0,0,0,5,518736,0,6,0,14,2779,217829,5344,3,1,22741,17767,3986,4152,882,220,912,63,11,103,103,105,1598,679,1891996,199,7,128,44,343594,343545,123,18,7,8,16,516702,327960,10,13,224,31,25,0,8,0,98,625520,300,0,84,1,1,0,23,0,2,25,1,1,1,2
687.731,1662572575683,5.016660370,1,18.8,36.2,0.0,44.1,0.0,0.0,1.0,113,1,64,0,2,521076,73944,353052,719848,6133,98948,294,294,35,0,0,5,7,5,2,0,1,0,0,0,0,7,538080,0,6,0,11,2062,229890,5469,0,1,23393,18440,4533,5030,613,157,637,63,9,111,111,116,1615,377,2005956,209,6,130,6,350156,350098,126,16,6,8,16,536121,333066,11,13,224,27,17,0,8,0,108,666959,325,0,76,1,0,0,11,0,0,11,1,0,0,1
692.747,1662572582512,5.016021315,1,5.5,32.3,0.0,62.2,0.0,0.0,0.0,113,1,64,0,2,520712,74300,353060,719488,6265,99935,56,56,35,0,0,5,7,5,2,0,1,0,0,0,0,4,528018,0,9,1,11,1777,218148,5392,0,1,22715,17775,1129,1563,97,14,114,0,9,108,108,115,104,28,1911094,213,0,131,6,347545,347495,132,16,0,0,5,525799,334348,7,7,232,26,16,0,1,0,106,671178,316,0,69,1,0,0,3,0,0,3,1,0,0,1
697.762,1662572589343,5.015214137,1,4.6,34.8,0.0,60.7,0.0,0.0,0.0,113,1,64,0,2,522120,72912,353040,720884,7658,100790,84,84,35,0,0,5,7,5,2,0,1,0,0,0,0,19,489982,0,18,0,10,1528,197539,5873,0,1,24212,18768,13111,13612,2943,607,2966,630,9,116,116,117,6176,2303,1785544,227,24,129,46,341140,341063,139,16,24,30,46,487970,318286,20,35,254,37,40,5,30,1,104,568305,371,0,85,1,0,0,60,0,0,60,1,0,0,1
702.778,1662572596169,5.016217672,1,4.7,33.9,0.0,60.7,0.0,0.0,0.7,113,1,64,0,2,520612,74432,353028,719372,6204,105128,266,266,35,0,0,5,11,5,6,0,2,0,0,0,0,6,500445,0,6,0,18,720,203061,5637,0,1,23559,18566,5937,5843,1065,39,837,0,16,105,105,110,2385,747,1798887,199,10,129,17,341585,341527,121,15,9,10,23,498489,323019,12,14,224,35,30,0,11,0,104,607176,338,0,84,1,1,6,11,1,4,15,1,2,1,2
707.794,1662572603280,5.015589190,1,4.7,35.1,0.0,59.8,0.0,0.0,0.3,113,1,64,0,2,520900,74144,353028,719664,6025,99879,84,84,35,0,0,5,7,5,2,6,1,0,0,0,0,2,500955,0,8,0,12,619,192435,5241,0,1,23144,18156,3526,3988,588,96,612,0,9,109,109,111,1118,350,1744636,213,8,131,6,348605,348547,128,16,8,9,16,499067,333293,10,15,231,27,16,0,9,0,104,618374,317,0,77,1,0,0,9,0,0,9,1,0,0,1
712.81,1662572610079,5.016200958,1,4.7,33.2,0.0,61.4,0.0,0.0,0.6,113,1,64,0,2,521420,73632,353020,720176,5861,98565,56,56,35,0,0,8,10,8,2,0,1,0,0,0,0,13,488987,0,4,0,10,577,189410,5316,0,1,22873,17876,3973,4140,887,158,913,126,9,102,102,105,1603,680,1768980,201,7,129,44,341343,341293,126,16,7,8,17,487027,325644,10,13,221,33,24,0,8,0,98,592357,326,0,76,1,0,0,21,0,2,23,1,0,0,1
717.83,1662572616828,5.019942541,1,1.6,33.2,0.0,64.5,0.0,0.0,0.7,112,1,64,0,2,521152,73896,353024,719912,5644,95819,294,294,35,0,0,5,7,5,2,0,1,0,0,0,0,13,544385,0,5,0,10,2305,233428,5642,0,1,22613,17820,7592,8072,1443,304,1467,63,9,107,107,109,3204,1046,2026819,201,13,124,45,353713,353650,122,16,13,16,29,542210,334488,15,20,225,35,30,0,16,0,104,660434,342,0,76,1,0,0,30,0,0,30,1,0,0,1
722.846,1662572623657,5.015884194,1,5.4,29.7,0.0,64.2,0.0,0.0,0.7,112,2,63,0,2,521192,73856,353024,719952,5709,98708,84,84,35,0,0,5,7,5,2,0,1,0,0,0,0,1,501090,0,6,0,11,2865,193624,5047,0,1,22870,17942,3032,3182,438,86,469,0,9,107,107,107,877,261,1748178,209,4,130,6,346891,346854,125,16,4,5,12,499222,332144,10,11,224,26,15,0,5,0,102,618245,314,0,70,1,0,0,10,0,0,10,1,0,0,1
727.863,1662572630436,5.016922572,1,2.6,37.2,0.0,59.9,0.0,0.0,0.3,112,1,64,0,2,521104,73952,353016,719856,5447,97261,56,56,35,0,0,5,7,5,2,4,1,0,0,0,0,11,492384,0,3,0,9,2885,189923,5019,0,1,22889,17891,4449,4621,1018,165,1046,63,8,101,101,101,1836,771,1789715,199,11,128,44,344107,344055,123,13,11,12,21,490532,327955,10,17,229,30,29,0,12,0,97,592925,320,0,76,1,0,0,21,1,4,25,1,1,1,2
732.879,1662572637234,5.015804303,1,4.5,26.2,0.0,68.3,0.0,0.0,1.0,111,1,63,0,2,520892,74152,353028,719652,5943,97955,294,294,35,0,0,5,7,5,2,0,1,0,0,0,0,7,496000,0,7,0,13,2902,201535,5521,0,1,23806,18754,7617,8122,1440,304,1470,252,9,112,112,115,3194,1054,1783253,211,13,129,45,341683,341625,131,15,13,16,29,493915,321833,15,20,235,35,31,0,16,0,107,594550,357,0,86,1,0,0,29,0,0,29,1,0,0,1
737.893,1662572643967,5.013651356,1,10.3,34.6,0.0,55.1,0.0,0.0,0.0,113,3,65,0,1,521680,73372,353020,720436,9279,120339,84,84,35,0,0,5,7,5,2,0,1,0,0,0,0,13,547776,0,16,0,11,1475,232754,5626,0,1,24016,18976,12200,11816,2538,472,2496,252,9,121,121,121,5492,1882,2011249,237,21,131,7,361651,361615,140,14,21,26,42,546812,340430,19,30,253,31,29,5,27,1,107,679661,349,0,79,1,0,0,41,0,0,41,1,0,0,1
742.91,1662572651785,5.016720654,1,5.2,39.3,0.0,55.2,0.0,0.0,0.3,112,1,64,0,2,521184,73872,353016,719940,5643,99347,84,84,35,0,0,8,10,8,2,0,1,0,0,0,0,3,565921,0,7,0,11,2479,251016,4952,0,1,22585,17666,862,1018,51,10,77,0,9,101,101,105,5,5,2121919,199,0,130,5,352486,352444,125,16,0,0,3,563998,339611,6,6,213,22,10,0,0,0,98,735980,308,0,68,1,0,0,3,0,2,5,1,0,0,1
747.927,1662572658610,5.016574875,1,4.8,32.8,0.0,62.1,0.0,0.0,0.3,112,2,64,0,2,520956,74100,353016,719712,5668,99304,56,56,35,0,0,5,7,5,2,0,1,0,0,0,0,4,514575,0,8,0,10,2314,217373,5505,0,1,22959,17941,4031,4540,885,283,911,126,8,100,100,106,1604,679,1892641,197,7,130,45,337863,337809,118,13,7,8,17,512497,322014,10,13,223,34,25,0,8,0,98,640403,329,0,68,1,0,0,22,0,0,22,1,0,0,1
752.944,1662572665387,5.016667846,1,23.7,26.3,0.0,49.0,0.0,0.0,1.0,112,1,64,0,2,520956,74084,353032,719720,5706,98432,84,84,35,0,0,5,7,5,2,0,1,0,0,0,0,4,546376,0,6,0,11,570,236495,5512,0,1,22903,17959,2924,3078,436,23,462,0,9,106,106,107,883,252,2013480,207,4,130,5,349531,349505,124,15,4,5,12,544360,334898,10,11,219,23,12,0,5,0,101,693989,313,0,72,0,0,0,8,1,4,12,0,0,0,0
757.961,1662572672226,5.017146334,1,3.1,41.1,0.0,55.4,0.0,0.0,0.3,112,1,64,0,2,520568,74488,353016,719324,5494,99347,56,56,35,0,0,5,7,5,2,0,1,0,0,0,0,2,541639,0,3,0,11,2920,232814,5480,0,1,22529,17622,852,1361,51,10,77,0,9,102,102,103,3,5,1994061,201,1,130,5,347278,347232,126,15,0,0,4,539657,334374,6,6,212,21,10,0,0,0,99,696177,310,0,72,1,0,0,2,0,0,2,1,0,0,1
762.978,1662572679057,5.016508164,1,4.6,36.1,0.0,59.0,0.0,0.0,0.3,111,1,64,0,2,520252,74808,353012,719004,6031,97937,84,84,35,0,0,5,7,5,2,0,1,0,0,0,0,8,481248,0,5,0,12,2876,188757,5220,0,1,22820,17843,4142,4350,892,220,920,0,9,105,105,108,1601,684,1733137,205,7,129,46,335539,335487,124,16,7,8,16,479005,319654,10,13,231,40,29,0,8,0,101,584267,315,0,77,1,0,0,23,0,0,23,1,0,0,1
767.995,1662572685885,5.016988735,1,12.2,36.5,0.0,50.6,0.0,0.0,0.6,111,2,63,0,2,520656,74404,353012,719408,5557,99347,84,84,35,0,0,8,10,8,2,0,1,0,0,0,0,0,503586,0,4,0,12,2884,192997,5021,0,1,22799,17878,2918,3411,434,86,459,0,9,102,102,104,876,262,1757071,201,4,130,5,350857,350810,122,14,4,5,14,501660,336181,10,11,216,23,14,0,6,0,99,619267,303,0,80,1,0,0,8,0,2,10,1,0,0,1
773.01,1662572692849,5.014919589,1,2.5,37.8,0.0,58.5,0.0,0.0,1.1,111,1,64,0,2,521452,73612,353008,720204,7980,101372,294,294,35,0,0,5,7,5,2,4,1,0,0,0,0,21,509008,0,17,0,10,1606,200473,5759,0,1,24671,19231,12032,12203,2418,600,2467,819,8,126,126,124,5496,1835,1816975,239,23,130,7,356546,356474,143,14,23,30,42,507023,333601,17,34,263,28,37,5,29,1,112,604044,378,0,83,1,0,0,40,0,0,40,1,0,0,1
778.027,1662572699622,5.016533326,1,3.9,31.7,0.0,64.4,0.0,0.0,0.0,111,1,64,0,2,521508,73568,352996,720256,5727,98641,84,84,35,0,0,5,11,5,6,0,2,0,0,0,0,4,527773,0,5,0,20,552,228704,5485,0,1,23009,17998,4167,4336,887,157,914,126,17,105,105,107,1603,691,1958850,205,7,130,46,339896,339845,130,18,7,8,16,525884,323949,10,13,232,38,30,0,8,0,102,658788,353,0,92,1,1,6,23,1,4,27,1,1,0,2
783.113,1662572706409,5.086421146,1,2.8,34.8,0.0,62.4,0.0,0.0,0.0,111,1,64,0,2,521076,74008,352988,719816,5637,100598,56,56,35,0,0,5,7,5,2,0,1,0,0,0,0,9,526904,0,4,0,10,1614,223149,5356,0,1,23206,18201,4342,4562,932,222,652,0,8,105,105,105,1690,679,1943431,207,7,131,16,345661,345611,123,13,7,8,19,524739,329291,11,12,227,32,25,0,8,0,100,656265,325,0,68,1,0,0,10,0,0,10,1,0,0,1
788.13,1662572713359,5.016881296,1,3.5,32.0,0.0,64.4,0.0,0.0,0.0,111,1,64,0,2,520696,74380,352996,719444,6021,97792,294,294,35,0,0,8,12,8,4,4,2,0,0,0,0,2,495773,0,5,0,19,2956,191701,5357,3,1,23057,18113,2377,2530,223,80,247,126,13,110,110,114,734,130,1723986,207,2,130,5,344861,344815,127,18,2,3,7,493768,329691,7,8,219,24,14,0,3,0,106,607096,329,0,84,1,1,0,6,0,2,8,1,1,1,2
793.146,1662572720130,5.015815839,1,4.8,31.2,0.0,64.0,0.0,0.0,0.0,111,2,64,0,2,520508,74576,352988,719248,5716,98824,56,56,35,0,0,5,7,5,2,0,1,0,0,0,0,13,528307,0,3,0,11,2877,225749,5380,0,1,22956,17943,4055,4532,892,220,917,126,9,103,103,104,1597,685,1946370,202,7,130,45,343834,343785,126,16,7,8,17,526635,328053,10,13,225,34,27,0,8,0,100,664394,338,0,76,1,0,0,23,0,0,23,1,0,0,1
798.162,1662572726899,5.015723341,1,3.1,35.4,0.0,60.5,0.0,0.0,0.9,111,1,64,0,2,521500,73576,352996,720248,5792,98432,84,84,35,0,0,5,7,5,2,0,1,0,0,0,0,11,500188,0,9,0,11,2896,198890,5330,0,1,23156,18147,6014,6477,1263,298,1283,126,9,105,105,110,2467,933,1823013,203,12,129,44,343992,343933,123,16,11,13,26,498172,326616,14,18,230,32,25,0,13,0,100,610431,330,0,78,1,0,0,27,0,0,27,1,0,0,1
803.177,1662572733668,5.015260224,1,2.7,36.4,0.0,60.9,0.0,0.0,0.0,111,1,64,0,2,520932,74140,353000,719684,5918,99956,294,294,35,0,0,5,11,5,6,0,2,0,0,0,0,10,548891,0,6,0,20,1068,239116,5424,0,1,23147,18188,2361,2825,218,17,252,63,17,111,111,114,737,139,2030205,209,2,131,5,349778,349729,128,18,2,3,7,546855,334561,7,8,222,22,15,0,3,0,108,706706,332,0,84,1,1,6,4,1,4,8,1,1,0,2
808.193,1662572740499,5.015508348,1,5.2,29.3,0.0,65.1,0.0,0.0,0.3,110,1,63,0,2,520900,74176,352996,719648,5948,99805,56,56,35,0,0,5,7,5,2,0,1,0,0,0,0,4,483572,0,5,0,11,575,187944,5271,0,1,22962,17949,4068,4239,899,348,921,126,9,107,107,108,1602,680,1770306,211,7,129,45,336487,336434,127,15,7,8,17,481591,320673,10,13,236,35,29,0,8,0,102,587655,316,0,73,1,0,0,22,0,0,22,1,1,1,2
813.206,1662572747276,5.013295507,1,3.8,32.5,0.0,62.8,0.0,0.0,0.9,111,1,64,0,2,520720,74348,353004,719476,14262,210059,378,378,35,0,0,0,0,0,0,5,0,0,0,0,0,8,556352,0,16,0,5,1201,240239,5993,0,0,24420,19366,9607,9654,1886,649,1801,378,161,125,125,125,4034,1428,2069017,237,16,134,7,363837,363813,222,11,16,26,33,556132,342710,16,25,409,31,142,5,20,1,112,662272,560,0,125,1,0,0,22,0,0,22,1,0,0,1
818.221,1662572759557,5.015471479,1,1.3,32.0,0.0,65.7,0.0,0.0,1.0,111,1,64,0,2,520652,74424,352996,719400,5819,98769,84,84,35,0,0,5,7,5,2,0,1,0,0,0,0,2,532476,0,6,0,10,2866,232150,5308,0,1,23041,18016,4165,4695,900,283,932,63,8,107,107,109,1593,687,1998006,209,7,129,46,343414,343362,128,13,7,8,16,530642,327451,10,13,236,38,29,0,8,0,103,661434,340,0,79,1,0,0,21,0,0,21,1,0,0,1
823.236,1662572766331,5.014980548,1,2.6,31.1,0.0,65.2,0.0,0.0,1.0,111,1,64,0,2,520636,74440,352996,719384,5481,98857,56,56,35,0,0,8,16,5,8,0,2,0,0,0,0,4,500324,0,4,0,24,750,193664,5155,0,1,22974,18023,4332,4237,922,158,655,0,21,98,98,99,1674,670,1755845,193,7,130,16,347586,347533,123,17,7,7,19,498426,331504,11,12,213,32,25,0,8,0,95,631548,329,0,91,1,1,6,10,0,0,10,1,1,0,2
828.252,1662572773109,5.016096686,1,3.6,38.4,0.0,57.6,0.0,0.0,0.3,111,1,64,0,2,520916,74164,352992,719664,5907,100139,294,294,35,0,0,5,7,5,2,0,1,0,0,0,0,3,557127,0,5,0,11,867,243608,5301,0,1,23131,18174,2350,2512,218,17,245,63,9,110,110,112,738,127,2059447,207,2,130,5,353289,353245,125,15,2,3,7,555066,337977,7,8,217,22,14,0,3,0,106,709793,312,0,72,1,0,0,6,1,4,10,1,1,1,2
833.27,1662572779935,5.017522352,1,4.7,37.1,0.0,57.6,0.0,0.0,0.6,111,1,64,0,2,520924,74156,352992,719672,5612,97520,84,84,35,0,0,5,7,5,2,0,1,0,0,0,0,5,532506,0,3,0,10,1147,230407,5331,0,1,22910,17912,4142,4337,888,95,919,126,9,103,103,104,1600,679,1972556,203,8,129,46,342367,342302,123,16,7,9,16,530582,326512,10,13,228,37,29,0,9,0,101,678406,332,0,72,1,0,0,22,0,0,22,1,0,0,1
838.287,1662572786772,5.016773611,1,3.5,31.0,0.0,65.2,0.0,0.0,0.3,111,1,64,0,2,520964,74112,352996,719716,5757,98148,84,84,35,0,0,5,8,5,3,1,2,0,0,0,0,5,490817,0,4,1,13,599,193660,5106,2,1,23213,18195,6019,6545,1272,171,1299,126,11,100,100,104,2473,930,1745079,197,11,130,44,339144,339088,126,18,11,13,26,488785,321771,14,18,219,34,24,0,13,0,98,610246,343,0,86,1,1,0,30,0,0,30,1,1,1,2
843.305,1662572793550,5.017657668,1,4.3,35.6,0.0,59.8,0.0,0.0,0.4,111,1,64,0,2,521060,74008,353004,719820,5815,99928,294,294,35,0,0,8,10,8,2,0,1,0,0,0,0,3,530019,0,6,0,10,964,216389,5264,0,1,23170,18198,2359,2516,222,17,249,0,9,111,111,113,736,125,1907710,208,2,130,5,352483,352430,126,16,2,3,7,527860,337165,7,8,222,22,14,0,3,0,107,664204,319,0,71,1,0,0,4,0,2,6,1,0,0,1
848.322,1662572800357,5.017316162,1,3.6,32.3,0.0,64.0,0.0,0.0,0.0,111,1,64,0,2,521704,73372,352996,720456,7705,99893,56,56,35,0,0,5,7,5,2,1,1,0,0,0,0,18,499998,0,15,0,10,2126,200507,5740,0,1,24169,18739,13228,13407,2939,485,2974,441,9,117,117,114,6181,2300,1827337,229,24,129,47,346867,346792,136,16,24,30,47,498021,323887,20,35,256,41,44,5,30,1,104,582221,370,0,82,1,0,0,56,0,0,56,1,0,0,1
853.339,1662572807160,5.016568775,1,3.7,29.0,0.0,67.3,0.0,0.0,0.0,111,1,64,0,2,520840,74228,353004,719600,5735,98565,84,84,35,0,0,8,16,5,8,0,2,0,0,0,0,2,494374,0,10,0,23,2905,191210,5373,0,1,23164,18159,6040,6196,1273,423,1292,63,21,102,102,108,2482,929,1809243,199,11,129,44,346211,346159,127,17,11,13,25,492476,328887,14,18,229,32,26,0,13,0,98,590391,353,0,96,1,1,6,27,0,0,27,1,2,1,2
858.355,1662572813976,5.015649046,1,6.1,38.4,0.0,55.2,0.0,0.0,0.3,111,1,64,0,2,520688,74384,353000,719444,5947,97792,294,294,35,0,0,5,7,5,2,0,1,0,0,0,0,2,507730,0,8,0,13,3006,202348,5358,0,1,23411,18260,2525,3036,231,87,256,0,130,109,109,114,740,131,1797562,207,2,132,5,348928,348882,194,15,2,3,7,505696,332952,8,8,358,23,122,0,3,0,106,622275,479,0,124,1,0,0,5,1,4,9,1,0,0,1
863.372,1662572820763,5.016542582,1,6.5,33.6,0.0,59.6,0.0,0.0,0.4,111,1,64,0,2,520972,74104,352996,719724,5890,98500,56,56,35,0,0,5,7,5,2,0,1,0,0,0,0,3,544497,0,5,0,10,2871,241738,5428,0,1,22848,17862,4077,4248,886,32,912,63,8,103,103,107,1602,679,2042643,204,7,129,45,344067,344011,121,14,7,8,17,542455,328239,10,13,228,37,27,0,8,0,100,689851,336,0,74,1,0,0,24,0,0,24,1,0,0,1
868.389,1662572827608,5.017423669,1,3.7,33.7,0.0,61.9,0.0,0.0,0.7,111,1,64,0,2,521532,73536,353004,720292,10913,102217,9035,9035,35,0,0,8,10,8,2,0,1,0,0,0,0,9,480847,0,10,0,10,2875,187738,5419,0,1,23201,18198,6722,7199,1480,365,1500,63,9,148,149,142,2853,1112,1742115,235,12,128,46,339433,339373,140,16,12,14,27,478886,321317,15,19,263,35,49,11,14,2,133,569714,358,0,79,1,0,0,27,0,2,29,1,0,0,1
873.405,1662572834459,5.015867071,1,5.9,34.9,0.0,58.6,0.0,0.0,0.7,111,1,64,0,2,520996,74072,353004,719756,5872,98913,266,266,35,0,0,5,7,5,2,0,1,0,0,0,0,4,495100,0,3,0,11,2889,190364,5057,0,1,23116,18168,2352,2840,220,142,247,0,9,110,110,111,739,132,1724607,209,3,130,5,345617,345571,130,16,2,3,8,493022,330294,7,8,220,21,15,0,3,0,108,607567,332,0,77,1,0,0,4,0,0,4,1,0,0,1
878.422,1662572841738,5.016967688,1,2.9,33.2,0.0,63.5,0.0,0.0,0.3,111,1,64,0,2,520760,74308,353004,719520,5690,97613,84,84,35,0,0,5,7,5,2,0,1,0,0,0,0,4,522785,0,6,0,10,2875,213353,5048,0,1,22674,17732,972,1127,58,72,85,63,9,107,107,108,5,5,1883110,209,0,130,6,348936,348890,126,15,0,0,3,520711,335848,6,6,225,26,14,0,0,0,102,665033,297,0,65,0,0,0,4,0,0,4,0,0,0,0
883.439,1662572848535,5.017307062,1,3.4,31.5,0.0,64.8,0.0,0.0,0.3,110,1,63,0,2,521736,73340,352996,720488,5499,98304,56,56,35,0,0,5,11,5,6,0,2,0,0,0,0,7,506642,0,5,0,20,602,205191,5557,0,1,23188,18168,6019,6498,1265,360,1297,126,17,101,101,105,2465,930,1873114,199,11,129,44,343531,343476,123,18,11,13,26,504674,326159,14,18,222,32,24,0,13,0,100,622859,319,0,87,1,1,6,26,1,4,30,1,1,0,2
888.454,1662572855289,5.015440677,1,1.3,28.4,0.0,69.9,0.0,0.0,0.3,111,1,64,0,2,522824,72244,353004,721584,16132,225267,1410,1410,35,0,0,0,2,0,2,3,1,0,0,0,0,10,518200,0,16,0,10,3382,201881,5349,3,0,23758,18944,8458,8843,1700,255,1543,315,9,122,122,119,3305,1257,1896222,239,13,131,8,363174,363136,143,14,12,26,27,517915,344028,16,20,258,33,32,5,12,1,108,616359,355,0,70,1,1,0,27,0,0,27,1,1,1,2
893.469,1662572868316,5.014587613,1,2.0,30.0,0.0,67.6,0.0,0.0,0.3,111,1,64,0,2,521388,73688,352996,720140,5453,98304,56,56,35,0,0,5,7,5,2,0,1,0,0,0,0,11,525670,0,4,0,10,2896,215004,5421,0,1,23084,18093,6005,6164,1271,486,1288,63,9,101,101,103,2474,928,1941325,199,11,128,44,353576,353522,121,16,11,13,26,523571,336275,14,18,221,32,24,0,13,0,99,653821,339,0,83,1,0,0,27,0,0,27,1,0,0,1
898.484,1662572875067,5.014786936,1,16.7,33.3,0.0,50.0,0.0,0.0,0.0,112,3,64,0,1,521720,73356,352996,720472,5898,99131,294,294,35,0,0,5,7,5,2,0,1,0,0,0,0,9,535266,0,6,0,12,2864,220778,5177,0,1,22935,18014,2280,2462,215,80,243,0,9,109,109,111,740,129,1923875,205,2,130,6,354611,354569,124,16,2,3,7,533490,339515,7,8,216,21,14,0,3,0,104,671745,311,0,75,1,0,0,4,0,0,4,1,0,0,1
903.5,1662572881995,5.016302081,1,1.3,38.7,0.0,60.0,0.0,0.0,0.0,111,1,64,0,2,521280,73796,352996,720032,5765,98606,84,84,35,0,0,5,7,5,2,4,1,0,0,0,0,5,537924,0,6,0,11,2891,229876,5227,0,1,22710,17770,1501,1656,201,18,228,0,9,104,104,108,249,100,1981523,205,4,129,6,347251,347202,124,15,4,4,7,536037,333659,6,10,232,25,21,0,4,0,101,681872,319,0,79,1,0,0,4,0,0,4,1,1,1,2
908.517,1662572888808,5.016984837,1,3.0,36.8,0.0,59.9,0.0,0.0,0.3,111,1,64,0,2,520980,74096,352996,719732,5763,98484,84,84,35,0,0,5,7,5,2,0,1,0,0,0,0,2,539074,0,9,0,10,562,240190,5586,0,1,23203,18187,6019,6493,1266,235,1290,126,9,104,104,110,2467,910,2025380,205,11,130,44,340909,340853,127,15,11,13,26,536906,323541,14,18,230,32,25,0,13,0,100,672812,342,0,77,1,0,0,25,1,4,29,1,0,0,1
913.534,1662572895592,5.016935465,1,22.4,35.4,0.0,41.3,0.0,0.0,0.9,111,1,64,0,2,520476,74588,353008,719240,5852,99991,294,294,35,0,0,5,7,5,2,0,1,0,0,0,0,4,527555,0,5,0,11,2913,221988,5306,0,1,23136,18184,2432,2589,229,80,254,63,8,111,111,112,740,131,1924923,209,2,130,6,345545,345493,124,14,2,3,7,525435,330225,7,8,222,25,16,0,3,0,107,668486,307,0,73,1,0,0,4,0,0,4,1,0,0,1
918.551,1662572902407,5.016631772,1,2.8,35.3,0.0,61.2,0.0,0.0,0.6,111,1,64,0,2,521272,73796,353004,720032,5926,98606,56,56,35,0,0,8,10,8,2,0,1,0,0,0,0,0,491385,0,9,1,10,2895,189950,5048,0,1,22653,17715,990,1521,60,10,87,0,9,105,105,112,4,5,1798229,207,0,130,6,340170,340127,125,16,0,0,4,489415,327084,6,6,226,26,14,0,0,0,103,610852,325,0,69,1,0,0,3,0,2,5,1,0,0,1
923.567,1662572909208,5.016098810,1,7.6,30.9,0.0,61.1,0.0,0.0,0.3,111,1,64,0,2,521020,74044,353008,719784,7710,96877,84,84,35,0,0,5,7,5,2,1,1,0,0,0,0,30,493010,0,18,0,9,2167,193352,5716,0,1,23685,18416,15160,15335,3334,933,3343,882,8,114,114,114,7032,2543,1803719,223,28,125,46,348645,348569,135,14,28,35,55,490978,324498,24,40,251,38,41,5,35,1,100,575800,380,0,79,1,0,0,64,0,0,64,1,0,0,1
928.604,1662572916027,5.037077480,1,4.2,38.6,0.0,56.8,0.0,0.0,0.3,111,1,64,0,2,520608,74456,353008,719372,6469,108724,266,266,35,0,0,5,7,5,2,0,1,0,0,0,0,12,504175,0,5,1,11,2909,200389,5161,0,1,23289,18301,3681,3495,618,278,425,0,9,110,110,113,1469,452,1813314,209,5,131,17,346273,346221,130,15,5,4,13,502092,329651,8,9,228,24,28,0,6,0,107,623190,329,0,78,1,0,0,5,0,0,5,1,1,1,2
933.62,1662572923330,5.015989231,1,1.2,38.1,0.0,60.4,0.0,0.0,0.3,111,1,64,0,2,521596,73464,353012,720364,5696,98606,84,84,35,0,0,8,16,5,8,0,2,0,0,0,0,4,499279,0,5,0,28,2946,192794,5146,0,1,22626,17704,982,1528,58,9,96,0,21,106,106,108,4,8,1733887,207,0,130,6,345147,345101,127,18,0,0,3,497242,332104,6,6,222,26,14,0,0,0,103,632620,325,0,93,1,1,6,3,0,0,3,1,1,0,2
938.637,1662572930088,5.016899069,1,2.2,32.9,0.0,64.2,0.0,0.0,0.6,111,1,64,0,2,520792,74260,353020,719568,5850,98565,56,56,35,0,0,5,7,5,2,0,1,0,0,0,0,4,542667,0,3,0,10,1790,234450,5334,0,1,23136,18127,5969,6535,1256,297,1281,0,8,100,100,100,2467,926,2015644,197,11,130,44,350346,350287,122,13,11,13,25,540673,332930,14,18,221,31,26,0,13,0,96,681156,335,0,80,1,0,0,30,1,4,34,1,0,0,1
943.662,1662572936886,5.024566607,1,3.6,37.9,0.0,58.2,0.0,0.0,0.3,111,1,64,0,2,521312,73740,353020,720088,5950,100041,294,294,35,0,0,5,7,5,2,0,1,0,0,0,0,10,496340,0,6,0,11,2906,191913,5357,0,1,23533,18487,5536,6009,1050,291,1076,252,9,112,112,115,2343,801,1761705,211,9,129,45,347841,347784,131,15,9,11,21,494051,329629,11,15,235,34,29,0,11,0,109,601947,345,0,76,1,0,0,24,0,0,24,1,0,0,1
948.678,1662572943726,5.015677574,1,4.6,41.1,0.0,54.3,0.0,0.0,0.0,111,1,64,0,2,521556,73492,353024,720336,5696,97563,84,84,35,0,0,8,10,8,2,6,1,0,0,0,0,7,555750,0,5,1,11,2896,244601,5368,0,1,22973,17853,1651,1800,216,26,241,63,122,105,105,108,243,93,2079535,205,4,132,6,350942,350891,185,15,4,4,7,553913,336689,8,12,359,27,128,0,5,0,103,724073,444,0,119,1,0,0,3,0,2,5,1,0,0,1
953.694,1662572950510,5.015547525,1,3.6,39.6,0.0,56.1,0.0,0.0,0.7,111,1,64,0,2,522060,72988,353024,720840,5585,98512,56,56,35,0,0,5,7,5,2,0,1,0,0,0,0,14,471753,0,4,1,11,2869,184791,5411,0,1,23037,18056,6014,6173,1264,423,1277,189,9,103,103,105,2479,917,1723232,203,11,128,44,333950,333889,123,16,11,13,26,469606,316548,14,18,225,32,25,0,13,0,101,570298,315,0,78,1,0,0,28,0,0,28,1,1,1,2
958.711,1662572957320,5.017255168,1,4.2,31.1,0.0,64.0,0.0,0.0,0.7,110,2,62,0,2,521580,73460,353032,720364,5932,97877,294,294,35,0,0,5,7,5,2,0,1,0,0,0,0,9,529545,0,9,0,11,2888,226162,5599,0,1,23424,18395,5541,6036,1058,290,1086,252,9,111,111,115,2345,799,1972883,207,9,130,45,346490,346438,129,16,9,12,20,527699,328493,11,15,234,34,29,0,11,0,106,651517,367,0,78,1,0,0,22,0,0,22,1,0,0,1
963.732,1662572964151,5.020719410,1,18.4,31.3,0.0,50.3,0.0,0.0,0.0,111,1,64,0,2,522596,72452,353024,721372,9751,120547,84,84,35,0,0,5,11,5,6,0,2,0,0,0,0,16,499074,0,19,1,20,3389,196665,5533,0,1,23638,18654,10158,10200,2144,591,2157,819,17,120,120,123,4609,1631,1788349,235,18,131,7,350179,350149,141,17,18,21,34,498573,331123,15,27,253,30,29,5,22,1,107,602803,370,0,88,1,1,6,36,1,4,40,1,1,0,2
968.752,1662572972067,5.020392019,1,7.9,29.8,0.0,62.3,0.0,0.0,0.0,111,1,64,0,2,521496,73548,353028,720280,5598,99608,56,56,35,0,0,5,7,5,2,0,1,0,0,0,0,4,525382,0,3,0,11,2255,207600,5275,0,1,22962,17999,2856,3019,435,24,455,0,9,102,102,102,873,261,1875478,201,4,131,5,357013,356964,126,15,4,5,12,523221,342278,10,11,212,19,12,0,5,0,98,648894,314,0,73,1,0,0,8,0,0,8,1,0,0,1
973.769,1662572978882,5.016789449,1,1.5,36.6,0.0,61.8,0.0,0.0,0.0,111,1,64,0,2,520840,74204,353028,719624,5322,91166,84,84,35,0,0,8,10,8,2,0,1,0,0,0,0,10,506558,0,6,0,10,1689,201058,5237,0,1,21831,17118,6081,6590,1278,234,1289,0,8,99,99,100,2473,920,1855707,193,11,122,45,345704,345643,116,14,11,13,26,504516,328878,14,18,218,35,26,0,13,0,94,609941,299,0,77,1,0,0,30,0,2,32,1,0,0,1
978.784,1662572985657,5.015405088,1,23.7,29.8,0.0,46.1,0.0,0.0,0.3,111,1,64,0,2,521596,73440,353036,720388,5764,99425,84,84,35,0,0,5,7,5,2,0,1,0,0,0,0,2,566903,0,5,0,11,718,248937,5318,0,1,22637,17699,870,1026,50,9,78,0,9,105,105,107,3,5,2106330,205,0,130,5,355516,355470,124,16,0,0,3,564882,342554,6,6,215,22,11,0,0,0,101,753064,287,0,68,1,0,0,4,0,0,4,1,1,1,2
983.801,1662572992513,5.016639506,1,4.9,34.3,0.0,60.8,0.0,0.0,0.0,111,1,64,0,2,521012,74020,353040,719808,5665,99425,161,161,35,0,0,5,7,5,2,0,1,0,0,0,0,3,520252,0,4,1,11,2560,213243,5275,0,1,23008,18068,3083,3176,436,87,464,0,9,105,105,107,972,260,1928100,202,4,130,5,347672,347629,127,16,4,5,14,518304,332591,10,11,213,23,13,0,5,0,103,661188,312,0,75,1,0,0,9,0,0,9,1,0,0,1
988.817,1662572999335,5.016150189,1,2.6,33.9,0.0,62.9,0.0,0.0,0.6,111,1,64,0,2,521108,73916,353048,719908,6077,97726,84,84,35,0,0,5,11,5,6,0,2,0,0,0,0,8,519433,0,6,1,20,2891,218707,5480,0,1,23296,18268,6227,6379,1291,361,1313,189,17,107,107,112,2473,928,1924787,209,11,130,46,345064,345007,132,18,11,13,25,517380,327470,14,18,235,41,30,0,13,0,103,643183,351,0,94,1,1,6,30,1,4,34,1,1,0,2
993.834,1662573006147,5.016648937,1,2.7,40.2,0.0,56.8,0.0,0.0,0.3,111,1,64,0,2,520140,74880,353052,718940,6358,106152,56,56,35,0,0,5,7,5,2,6,1,0,0,0,0,2,552185,0,4,0,11,581,245485,5597,0,1,22946,17853,2946,3154,628,97,424,0,141,102,102,106,994,445,2067891,201,7,132,16,346667,346616,192,15,7,6,13,550057,331306,8,12,355,32,118,0,7,0,100,716352,473,0,126,1,0,0,4,0,0,4,1,0,0,1
998.851,1662573013340,5.016888468,1,5.4,30.5,0.0,64.1,0.0,0.0,0.0,111,1,64,0,2,521344,73668,353060,720152,7882,102366,294,294,35,0,0,8,10,8,2,0,1,0,0,0,0,18,541362,0,16,0,11,3837,234360,5838,0,1,24361,18984,11529,12006,2302,338,2328,378,9,124,124,122,5336,1779,2014805,235,19,130,7,354623,354556,143,16,19,25,37,539450,332276,17,30,250,28,31,5,25,1,111,654496,377,0,75,1,0,0,41,0,2,43,1,0,0,1
1003.87,1662573020171,5.016239153,1,2.5,30.5,0.0,67.0,0.0,0.0,0.0,111,1,64,0,2,521580,73440,353052,720380,5814,98952,56,56,35,0,0,5,7,5,2,0,1,0,0,0,0,13,507305,0,4,0,11,2147,209161,5455,0,1,23161,18152,6124,6255,1270,108,1300,126,9,104,104,104,2474,928,1859277,205,12,129,45,340935,340875,124,16,11,13,25,505325,323471,14,18,231,35,28,0,13,0,100,620903,344,0,85,1,0,0,29,0,0,29,1,1,1,2
1008.89,1662573026971,5.017050606,1,1.8,36.8,0.0,61.3,0.0,0.0,0.0,111,2,63,0,2,521312,73696,353064,720124,5499,99347,84,84,35,0,0,5,7,5,2,0,1,0,0,0,0,8,514617,0,6,1,11,2876,212758,5379,0,1,22851,17848,3953,4437,878,95,910,126,9,103,103,103,1598,686,1867530,201,7,129,44,342443,342392,121,15,7,8,17,512775,326825,9,12,222,31,23,0,8,0,97,643952,331,0,74,1,0,0,22,0,0,22,1,0,0,1
1013.91,1662573033739,5.015573746,1,1.5,32.0,0.0,66.5,0.0,0.0,0.0,111,1,64,0,2,520824,74188,353060,719632,6257,99878,294,294,35,0,0,5,7,5,2,0,1,0,0,0,0,10,504647,0,9,0,10,1099,200199,5377,0,1,23150,18194,2369,2877,224,18,243,63,9,111,111,119,737,118,1851216,209,2,130,5,344449,344406,126,15,2,3,7,502494,329244,7,8,223,24,14,0,3,0,107,625380,327,0,71,1,0,0,4,1,4,8,1,0,0,1
1018.93,1662573040554,5.016966548,1,2.2,23.9,0.0,73.9,0.0,0.0,0.0,111,1,64,0,2,520808,74204,353060,719616,5822,97563,56,56,35,0,0,8,11,8,3,2,2,0,0,0,0,6,495665,0,9,0,14,603,190231,5533,2,1,23118,18131,6144,6604,1282,362,1306,63,11,104,104,109,2466,939,1812553,205,11,129,45,347444,347387,130,17,11,13,26,493773,330020,14,18,235,36,28,0,13,0,100,594967,354,0,89,1,1,0,28,0,2,30,1,1,1,2
1023.95,1662573047321,5.015752863,1,2.1,36.8,0.0,60.4,0.0,0.0,0.6,111,1,64,0,2,521548,73460,353064,720360,5551,98354,84,84,35,0,0,5,7,5,2,0,1,0,0,0,0,9,505467,0,6,0,10,542,202618,5286,0,1,22798,17806,3975,4141,882,411,908,126,9,103,103,105,1596,690,1860093,201,7,129,44,343527,343477,122,16,7,8,16,503563,327822,10,13,226,31,25,0,8,0,98,627846,314,0,78,1,0,0,23,0,0,23,1,0,0,1
1028.97,1662573054091,5.015416773,1,1.5,32.0,0.0,66.5,0.0,0.0,0.0,111,1,64,0,2,521060,73948,353064,719872,5769,99991,266,266,35,0,0,5,7,5,2,0,1,0,0,0,0,5,530797,0,4,0,11,1990,216429,5430,0,1,23175,18208,2352,2516,220,79,248,0,9,110,110,112,740,124,1908057,209,2,130,5,354329,354285,126,16,2,3,7,528807,339001,7,8,217,21,12,0,3,0,106,657570,310,0,72,1,0,0,4,0,0,4,1,1,1,2
1033.99,1662573060855,5.016064322,1,3.4,30.4,0.0,65.5,0.0,0.0,0.6,110,1,63,0,2,520728,74288,353056,719532,5592,96442,56,56,35,0,0,5,7,5,2,0,1,0,0,0,0,5,555887,0,4,0,10,2844,243865,5364,0,1,22837,17904,6125,6283,1281,171,1315,126,9,102,102,104,2468,941,2079964,201,11,127,45,354446,354394,122,16,11,13,26,553997,337052,14,18,227,36,29,0,13,0,99,688265,340,0,76,1,0,0,26,0,0,26,1,0,0,1
1039,1662573067602,5.014602568,1,3.0,33.2,0.0,63.8,0.0,0.0,0.0,112,1,64,0,2,521248,73768,353056,720060,13977,198949,350,350,35,0,0,0,0,0,0,1,0,0,0,0,0,13,567650,0,15,0,5,2807,244756,5801,0,0,24217,19380,11917,12313,2370,596,2304,504,5,126,126,124,5349,1778,2124236,241,22,131,7,371573,371532,138,11,22,29,42,566827,348679,19,30,256,29,34,5,21,1,114,690402,373,0,61,1,0,0,41,0,0,41,1,0,0,1
1044.02,1662573079634,5.015381834,1,1.6,32.8,0.0,65.3,0.0,0.0,0.3,112,1,64,0,2,521516,73496,353060,720328,5726,99528,84,84,35,0,0,8,10,8,2,0,1,0,0,0,0,8,517705,0,4,1,11,569,218171,5490,0,1,23190,18188,6221,6696,1275,299,1302,63,9,103,103,104,2470,931,1929403,201,11,129,46,341751,341694,126,16,11,14,25,515654,324154,14,18,228,38,31,0,14,0,100,632708,369,0,82,1,0,0,27,0,2,29,1,0,0,1
1049.04,1662573086472,5.015280118,1,1.6,32.9,0.0,65.5,0.0,0.0,0.0,112,1,64,0,2,520564,74452,353056,719372,5130,91003,56,56,35,0,0,5,7,5,2,0,1,0,0,0,0,5,489401,0,3,0,11,552,191504,5122,0,1,22574,17654,2259,2540,550,17,270,0,9,95,95,97,829,420,1710849,187,3,129,16,336903,336853,118,16,3,2,10,487233,322529,7,7,206,30,23,0,3,0,93,605668,302,0,69,1,0,0,4,0,0,4,1,0,0,1
1054.05,1662573093348,5.014945331,1,4.9,28.2,0.0,66.3,0.0,0.0,0.6,112,1,64,0,2,520644,74368,353060,719456,5769,99878,294,294,35,0,0,5,7,5,2,0,1,0,0,0,0,7,498142,0,5,0,10,595,192875,5247,0,1,23454,18472,4421,4571,615,94,647,189,8,110,110,112,1609,400,1821775,207,6,131,5,347135,347083,123,14,6,8,16,495821,330057,11,13,220,23,15,0,8,0,107,602549,314,0,74,1,0,0,8,0,0,8,1,1,1,2
1059.06,1662573100134,5.014862260,1,2.3,32.6,0.0,64.8,0.0,0.0,0.3,112,1,64,0,2,520680,74324,353068,719500,5883,98902,56,56,35,0,0,8,16,5,8,0,2,0,0,0,0,9,509646,0,4,0,29,549,206464,5391,0,1,23164,18145,6041,6261,1273,297,1295,63,21,103,103,104,2474,913,1875357,203,11,129,45,345221,345178,125,18,11,13,25,507696,327826,14,18,226,34,28,0,13,0,100,624571,339,0,99,1,1,6,27,0,0,27,1,1,0,2
1064.08,1662573106962,5.016734590,1,2.5,36.5,0.0,61.0,0.0,0.0,0.0,112,1,64,0,2,520972,74036,353064,719788,5653,94132,84,84,35,0,0,5,7,5,2,0,1,0,0,0,0,7,501777,0,5,0,11,2466,195686,5016,0,1,21657,16930,3941,4462,889,94,916,63,9,97,97,100,1595,693,1768751,189,7,123,44,345267,345211,120,15,7,8,17,499496,330238,10,12,211,31,23,0,8,0,94,619693,300,0,74,1,0,0,22,1,4,26,1,0,0,1
1069.1,1662573113747,5.015409446,1,1.6,35.3,0.0,63.1,0.0,0.0,0.0,112,1,64,0,2,521680,73324,353068,720500,5953,99878,294,294,35,0,0,8,12,8,4,2,2,0,0,0,0,10,550212,0,9,0,15,2182,237372,5495,3,1,23413,18458,4448,4921,606,94,628,63,13,110,110,115,1618,379,2054801,207,6,131,5,354439,354370,127,18,6,8,16,547892,337524,11,13,222,23,15,0,8,0,106,684769,334,0,78,1,1,0,11,0,2,13,1,1,1,2
1074.12,1662573120570,5.016149703,1,4.7,33.2,0.0,60.9,0.0,0.0,1.2,112,1,64,0,2,521948,73056,353068,720768,7745,97935,56,56,35,0,0,5,7,5,2,0,1,0,0,0,0,21,487885,0,17,0,11,1546,189440,5594,0,1,24010,18672,15281,15760,3320,812,3343,630,9,116,116,116,7053,2542,1777376,229,28,126,47,347660,347578,136,16,28,35,56,485656,323207,24,40,259,42,45,5,35,1,103,564102,364,0,80,1,0,0,61,0,0,61,1,0,0,1
1079.14,1662573127338,5.017226310,1,4.6,30.5,0.0,64.5,0.0,0.0,0.4,112,2,64,0,2,521256,73744,353072,720080,5637,99555,84,84,35,0,0,5,7,5,2,0,1,0,0,0,0,2,439689,0,5,0,11,2960,142426,5192,0,1,23033,17994,3955,4478,879,347,922,126,9,106,106,106,1600,696,1518969,205,7,130,44,338218,338165,124,16,7,8,16,438073,322456,10,13,227,31,24,0,8,0,101,518832,319,0,74,1,0,0,22,0,0,22,1,1,1,2
1084.16,1662573134095,5.016611005,1,3.8,30.7,0.0,65.2,0.0,0.0,0.3,112,1,64,0,2,520728,74272,353072,719552,11264,103635,9193,9193,35,0,0,5,7,5,2,6,1,0,0,0,0,20,508882,0,9,0,10,2940,203635,5532,0,1,23738,18733,5643,5790,957,107,977,0,9,153,154,152,2245,643,1776664,241,12,130,7,350136,350080,147,16,11,13,22,507227,331848,12,18,267,26,46,11,13,2,142,599496,380,0,80,0,0,0,12,0,0,12,0,0,0,0
1089.18,1662573140852,5.015445496,1,4.2,29.8,0.0,66.0,0.0,0.0,0.0,112,2,63,0,2,521012,73980,353080,719836,6155,98684,56,56,35,0,0,5,11,5,6,0,2,0,0,0,0,6,490496,0,4,0,20,749,191702,5255,0,1,23014,17992,4074,4246,895,284,925,63,17,106,106,110,1602,684,1798702,208,7,133,45,339345,339295,128,18,7,8,17,488326,323528,10,13,233,37,28,0,8,0,104,593375,332,0,81,1,1,6,22,1,4,26,1,1,0,2
1094.2,1662573147616,5.016047367,1,3.5,31.2,0.0,65.0,0.0,0.0,0.3,112,1,64,0,2,521192,73808,353072,720016,5505,98304,84,84,35,0,0,5,7,5,2,0,1,0,0,0,0,4,504234,0,5,0,11,2539,198715,5455,0,1,22804,17819,3945,4443,879,157,907,189,9,102,102,104,1605,683,1818237,199,7,129,44,345507,345453,121,16,7,9,16,502034,329852,10,13,221,31,23,0,8,0,98,620014,327,0,78,1,0,0,21,0,0,21,1,0,0,1
1099.22,1662573154372,5.015453677,1,2.9,31.3,0.0,65.5,0.0,0.0,0.3,112,1,64,0,2,521412,73588,353072,720236,5821,99096,266,266,35,0,0,8,10,8,2,0,1,0,0,0,0,14,534568,0,4,0,11,2908,219706,5357,0,1,23301,18355,4421,4958,606,93,630,0,9,108,108,110,1619,378,1959925,205,6,130,5,356660,356606,124,16,6,8,17,532328,339696,11,13,217,23,15,0,8,0,106,663820,336,0,79,1,0,0,12,0,2,14,1,0,0,1
1104.24,1662573161154,5.018378392,1,3.2,33.7,0.0,62.5,0.0,0.0,0.6,112,1,64,0,2,520988,74012,353072,719812,6527,110418,84,84,35,0,0,5,7,5,2,0,1,0,0,0,0,2,545300,0,5,0,10,2895,234981,5416,0,1,22938,17997,3039,3182,446,86,471,63,9,106,106,108,875,257,2027084,207,4,130,6,349797,349738,125,15,4,5,12,543040,334932,10,11,223,27,15,0,5,0,102,692265,301,0,67,1,0,0,9,0,0,9,1,1,1,2
1109.26,1662573168634,5.016149091,1,3.1,24.5,0.0,72.4,0.0,0.0,0.0,111,1,63,0,2,521208,73792,353072,720032,5499,99397,56,56,35,0,0,5,7,5,2,0,1,0,0,0,0,5,486027,0,5,0,11,2882,189721,5168,0,1,22863,17857,3975,4457,884,220,912,63,9,102,102,103,1606,679,1779606,201,7,129,44,338634,338582,122,15,7,8,17,483880,322906,10,13,225,31,25,0,8,0,98,586524,314,0,81,1,0,0,22,0,0,22,1,0,0,1
1114.27,1662573175395,5.013198287,1,4.0,38.6,0.0,57.3,0.0,0.0,0.0,112,1,64,0,2,520752,74248,353072,719576,14431,203588,350,350,35,0,0,0,0,0,0,0,0,0,0,0,0,19,509967,0,15,0,4,3386,197738,5542,0,0,23764,18879,11260,11264,2568,714,2460,315,4,120,120,116,5034,1988,1868459,237,20,130,47,360886,360848,134,9,19,29,43,509496,339665,18,31,264,41,44,5,21,1,105,606714,366,0,62,1,0,0,53,0,0,53,1,0,0,1
1119.29,1662573187385,5.015102803,1,2.9,29.2,0.0,66.2,0.0,0.0,1.6,112,1,64,0,2,520752,74248,353072,719576,5792,98487,84,84,35,0,0,5,7,5,2,0,1,0,0,0,0,4,508007,0,9,0,10,2913,204067,5288,0,1,22950,17926,3952,4504,881,284,911,0,9,102,102,108,1602,683,1875731,199,7,129,44,345730,345680,120,15,7,8,16,506152,330001,10,13,223,31,24,0,8,0,99,613712,326,0,71,1,0,0,21,0,2,23,1,0,0,1
1124.31,1662573194109,5.017170703,1,2.9,33.2,0.0,63.8,0.0,0.0,0.0,112,1,64,0,2,520932,74076,353064,719748,6052,100188,294,294,35,0,0,8,11,8,3,5,2,0,0,0,0,10,543640,0,8,0,12,2973,230097,5715,2,1,23918,18741,5110,5622,759,46,785,126,111,112,112,116,1841,474,1998128,213,10,133,5,357718,357662,189,16,10,12,20,541513,339542,12,18,359,23,118,0,12,0,109,649440,497,0,123,1,1,0,13,0,2,15,1,1,1,2
1129.33,1662573200897,5.016342067,1,2.0,35.5,0.0,62.2,0.0,0.0,0.3,112,1,64,0,2,520304,74696,353072,719128,5696,98606,56,56,35,0,0,5,7,5,2,0,1,0,0,0,0,9,526816,0,4,0,10,616,216531,5360,0,1,22828,17845,4060,4229,884,347,907,63,9,104,104,106,1602,685,1939047,205,7,128,45,350471,350415,128,16,7,8,17,524683,334748,10,13,229,35,27,0,8,0,101,659393,326,0,74,1,0,0,22,0,0,22,1,0,0,1
1134.35,1662573207727,5.016585961,1,3.5,37.4,0.0,59.1,0.0,0.0,0.0,112,1,64,0,2,519972,75028,353072,718796,5321,93191,84,84,35,0,0,5,7,5,2,6,1,0,0,0,0,7,535348,0,7,0,10,2087,238532,5203,0,1,21854,17081,4415,4583,1031,417,1051,252,8,99,99,102,1843,772,2010262,193,11,124,44,336382,336324,115,14,11,12,20,533144,320781,10,17,214,31,23,0,12,0,95,672951,317,0,75,1,0,0,21,0,0,21,1,0,0,1
1139.37,1662573214565,5.016263767,1,3.6,30.8,0.0,65.6,0.0,0.0,0.0,112,1,64,0,2,520404,74592,353076,719232,5711,97842,266,266,35,0,0,5,7,5,2,0,1,0,0,0,0,5,528211,0,5,0,11,2886,222430,5446,0,1,23223,18294,4417,4969,602,94,634,189,9,109,109,112,1611,381,1955201,207,6,129,5,349262,349207,125,15,6,8,17,526249,332390,11,13,218,23,15,0,8,0,106,649228,332,0,81,1,0,0,10,0,0,10,1,0,0,1
1144.39,1662573221938,5.016663976,1,3.3,36.2,0.0,60.2,0.0,0.0,0.3,112,1,64,0,2,521004,73992,353076,719832,5696,99649,84,84,35,0,0,5,7,5,2,0,1,0,0,0,0,2,494917,0,5,0,10,2250,191741,5063,0,1,22886,17957,3038,3181,450,87,477,63,9,106,106,108,876,262,1737281,207,4,130,6,342729,342680,125,16,4,5,12,492937,327979,10,11,220,27,15,0,5,0,102,612820,307,0,72,1,0,0,7,1,4,11,1,0,0,1
1149.41,1662573228748,5.015775082,1,4.2,27.0,0.0,66.8,0.0,0.0,2.0,112,1,64,0,2,521344,73660,353068,720164,7618,100790,56,56,35,0,0,5,7,5,2,0,1,0,0,0,0,16,499592,0,15,0,11,1550,196744,5678,0,1,24300,18837,13127,13661,2957,923,2985,756,9,116,116,114,6161,2305,1781180,229,24,130,46,350785,350707,136,16,24,30,47,497583,327850,20,35,253,37,40,5,30,1,104,571601,355,0,79,1,0,0,57,0,0,57,1,0,0,1
1154.43,1662573235553,5.015461391,1,20.0,35.2,0.0,44.5,0.0,0.0,0.3,112,1,64,0,2,520620,74384,353068,719440,5852,99991,294,294,35,0,0,8,10,8,2,0,1,0,0,0,0,5,522623,0,5,0,11,566,208872,5185,0,1,23514,18530,4508,4656,614,94,633,126,9,111,111,112,1620,374,1863491,209,6,131,6,355637,355584,126,16,6,8,16,520548,338514,11,13,223,25,17,0,8,0,108,671211,323,0,78,1,0,0,11,0,2,13,1,0,0,1
1159.45,1662573242308,5.016590291,1,4.5,37.1,0.0,58.4,0.0,0.0,0.0,112,1,64,0,2,520484,74520,353068,719308,5892,99988,56,56,35,0,0,5,7,5,2,0,1,0,0,0,0,4,556414,0,3,0,11,2851,244770,5278,0,1,22866,17946,3041,3549,445,24,472,0,9,105,105,106,875,263,2065872,207,4,129,6,351560,351509,129,16,4,5,12,554266,336762,10,11,223,26,17,0,5,0,103,727626,314,0,75,1,0,0,9,0,0,9,1,0,0,1
1164.47,1662573249094,5.019247665,1,3.2,35.8,0.0,60.6,0.0,0.0,0.4,112,1,64,0,2,521020,73992,353060,719836,5297,94132,84,84,35,0,0,5,7,5,2,0,1,0,0,0,0,7,498816,0,5,0,10,1446,198135,5125,0,1,21873,17090,3932,4099,880,283,905,0,9,98,98,101,1599,692,1834737,191,7,124,44,339153,339107,117,16,7,8,17,496794,324001,10,13,213,31,23,0,8,0,96,602654,299,0,74,1,0,0,21,0,0,21,1,0,0,1
1169.49,1662573255934,5.016230926,1,13.4,34.1,0.0,52.2,0.0,0.0,0.3,112,1,64,0,2,520080,74928,353064,718896,6133,99234,294,294,35,0,0,5,7,5,2,0,1,0,0,0,0,5,521152,0,5,1,10,2949,212766,5495,0,1,23691,18539,4681,5126,623,100,648,0,105,114,114,116,1615,382,1867939,215,6,131,6,352793,352743,181,16,6,8,16,518975,335065,12,14,354,27,125,0,8,0,110,640459,456,0,109,1,0,0,13,1,4,17,1,0,0,1
1174.52,1662573262758,5.032672027,1,1.8,28.3,0.0,69.9,0.0,0.0,0.0,112,1,64,0,2,519956,75040,353076,718780,5880,98656,56,56,35,0,0,5,7,5,2,0,1,0,0,0,0,1,501597,0,8,0,9,2923,192597,5067,0,1,23056,18099,3076,3202,443,86,473,0,8,107,107,111,874,248,1830949,209,5,131,6,349695,349647,128,14,4,5,13,499575,334814,10,11,228,27,15,0,5,0,103,602965,334,0,71,1,0,0,9,0,0,9,1,0,0,1
1179.54,1662573269578,5.015729741,1,3.1,33.4,0.0,63.4,0.0,0.0,0.0,112,1,64,0,2,520500,74500,353072,719328,5683,97183,84,84,35,0,0,8,11,8,3,1,2,0,0,0,0,8,528470,0,10,0,14,553,215608,5169,3,1,22913,17911,3973,4442,880,221,907,63,11,102,102,108,1603,679,1921471,199,7,129,44,353107,353061,126,17,7,8,16,526654,337502,10,13,224,31,23,0,8,0,98,646370,342,0,85,1,1,0,23,0,2,25,1,2,2,2
1184.56,1662573276364,5.017669101,1,3.0,29.7,0.0,67.0,0.0,0.0,0.3,111,1,63,0,2,520752,74240,353080,719584,6215,103303,266,266,35,0,0,5,7,5,2,0,1,0,0,0,0,9,538873,0,4,0,10,558,232170,5408,0,1,23488,18510,5910,6059,1090,228,844,0,8,105,105,107,2413,771,2018442,199,9,130,17,350099,350041,119,13,9,10,23,536900,331564,12,14,220,35,31,0,11,0,103,663874,339,0,74,1,0,0,14,0,0,14,1,0,0,1
1189.57,1662573283333,5.012792069,1,14.8,32.1,0.0,52.5,0.0,0.0,0.6,112,1,64,0,2,520736,74240,353096,719580,9684,127692,84,84,35,0,0,5,7,5,2,1,1,0,0,0,0,9,553322,0,15,1,9,3402,235707,5760,0,1,23790,18815,11973,11410,2493,790,2242,630,8,116,116,114,5295,1872,2028688,229,21,130,7,364540,364501,134,14,21,26,41,552429,343971,18,30,244,29,28,5,25,1,104,677956,349,0,75,1,0,0,41,0,0,41,1,0,0,1
1194.59,1662573292117,5.015052156,1,6.0,35.8,0.0,58.2,0.0,0.0,0.0,112,1,64,0,2,520444,74540,353088,719280,5712,99425,84,84,35,0,0,5,7,5,2,0,1,0,0,0,0,1,493995,0,4,0,11,589,191786,5065,0,1,22633,17703,856,1018,51,10,75,0,9,103,103,105,3,5,1741388,203,0,130,5,340175,340130,127,15,0,0,3,492029,327191,6,6,212,22,11,0,0,0,100,624233,294,0,71,1,0,0,2,1,4,6,1,0,0,1
1199.61,1662573298891,5.015391688,1,3.6,33.3,0.0,62.8,0.0,0.0,0.3,112,1,64,0,2,520972,74012,353088,719808,5588,97374,56,56,35,0,0,5,7,5,2,0,1,0,0,0,0,8,491515,0,4,0,11,702,192834,5244,0,1,22908,17905,4033,4201,885,283,915,126,9,103,103,104,1605,679,1768790,203,7,129,45,339399,339363,123,16,7,8,17,489656,323707,10,13,223,34,25,0,8,0,100,603838,315,0,77,1,0,0,22,0,0,22,1,0,0,1
1204.63,1662573305677,5.015458618,1,20.1,29.3,0.0,50.3,0.0,0.0,0.3,112,1,64,0,2,520720,74256,353096,719564,5557,99347,84,84,35,0,0,6,9,5,3,4,2,0,0,0,0,2,495368,0,5,0,14,537,194443,4861,2,1,22898,17957,2931,3396,433,23,461,0,11,103,103,105,877,269,1779549,201,4,130,5,341190,341136,124,18,4,5,12,493378,326500,10,11,214,23,11,0,5,0,100,613903,308,0,81,1,1,0,8,0,0,8,1,1,1,2
1209.65,1662573312462,5.015226749,1,4.7,35.2,0.0,60.1,0.0,0.0,0.0,112,1,64,0,2,520928,74048,353096,719768,5839,99866,56,56,35,0,0,8,10,8,2,0,1,0,0,0,0,3,500133,0,5,0,11,581,195633,5036,0,1,22945,17997,2929,3416,437,87,461,63,9,105,105,107,874,258,1756543,207,4,130,5,344500,344456,125,16,4,5,13,498261,329790,10,11,220,23,12,0,5,0,102,618555,309,0,74,1,0,0,8,0,2,10,1,0,0,1
1214.67,1662573319187,5.015643051,1,5.1,30.2,0.0,64.4,0.0,0.0,0.4,112,1,64,0,2,521412,73564,353096,720252,5788,96331,84,84,35,0,0,5,7,5,2,6,1,0,0,0,0,14,525011,0,5,0,11,2907,217821,5434,0,1,23014,17809,4759,4921,1036,490,1061,126,134,102,102,106,1854,768,1949924,199,11,129,45,349326,349270,194,16,11,13,21,523015,332200,14,21,401,37,185,0,14,0,98,626001,502,0,133,1,0,0,23,0,0,23,1,0,0,1
1219.69,1662573325983,5.016558203,1,12.5,36.6,0.0,50.6,0.0,0.0,0.3,112,1,64,0,2,521152,73824,353096,719992,5494,99347,84,84,35,0,0,7,15,5,8,0,2,0,0,0,0,2,545170,0,4,0,23,2862,234562,5183,0,1,22868,17928,3158,3190,495,90,473,0,21,103,103,105,1010,320,2017312,202,5,130,5,350991,350932,124,18,5,5,14,543008,336156,9,10,213,24,11,0,6,0,100,698278,330,0,88,1,1,6,9,0,0,9,1,1,0,2
1224.71,1662573332822,5.017240492,1,3.5,33.4,0.0,63.1,0.0,0.0,0.0,112,1,64,0,2,521696,73284,353092,720540,7830,102364,266,266,35,0,0,5,7,5,2,1,1,0,0,0,0,25,509475,0,15,1,10,3815,203208,5763,0,1,24742,19337,13603,14058,2688,611,2702,378,9,124,124,122,6140,2011,1851117,237,23,129,7,355323,355251,140,16,23,31,47,507313,330999,21,35,253,29,33,5,30,1,112,604586,366,0,76,1,0,0,47,1,4,51,1,1,1,2
1229.73,1662573339605,5.015061453,1,1.7,35.2,0.0,63.1,0.0,0.0,0.0,112,2,64,0,2,521792,73188,353092,720636,6026,98797,84,84,35,0,0,5,7,5,2,0,1,0,0,0,0,8,492256,0,7,0,11,2907,190299,5168,0,1,22987,17972,4152,4320,890,410,925,0,9,108,108,112,1596,687,1798055,211,7,129,46,343190,343138,127,15,7,8,16,490298,327316,10,13,239,38,30,0,8,0,104,601062,331,0,79,1,0,0,23,0,0,23,1,0,0,1
1234.9,1662573346468,5.170285324,1,1.8,37.8,0.0,60.4,0.0,0.0,0.0,112,1,64,0,2,521492,73488,353092,720336,5961,102737,56,56,35,0,0,8,10,8,2,0,1,0,0,0,0,7,502553,0,6,0,10,611,197030,5383,0,1,23840,18701,5745,5530,1207,296,1149,126,9,104,104,109,2305,879,1849377,205,10,133,44,349331,349282,128,15,10,7,24,500987,331741,13,16,229,32,24,0,13,0,102,608695,354,0,75,1,0,0,24,0,2,26,1,0,0,1
1239.92,1662573353413,5.016228065,1,2.7,32.4,0.0,64.9,0.0,0.0,0.0,112,1,64,0,2,521524,73456,353092,720368,6073,99096,294,294,35,0,0,5,7,5,2,0,1,0,0,0,0,1,499555,0,5,0,11,574,191844,5151,0,1,23454,18481,4427,4986,598,95,624,63,9,110,110,114,1613,388,1828432,207,6,130,5,349353,349300,125,15,6,8,16,497460,332300,11,13,220,25,15,0,8,0,107,609254,329,0,74,1,0,0,11,0,0,11,1,0,0,1
1244.94,1662573360228,5.017336548,1,4.2,31.7,0.0,63.8,0.0,0.0,0.3,112,1,64,0,2,520272,74716,353084,719108,5565,93554,56,56,35,0,0,5,7,5,2,0,1,0,0,0,0,8,535298,0,5,1,10,2732,233961,4858,0,1,21733,16992,4142,4302,887,94,913,63,9,102,102,103,1604,685,1991800,201,7,123,46,340723,340684,122,15,7,8,16,533491,325572,10,13,225,38,29,0,8,0,98,691314,299,0,73,1,0,0,21,0,0,21,1,0,0,1
1249.96,1662573367027,5.015907190,1,4.2,33.8,0.0,59.9,0.0,0.0,2.1,112,1,64,0,2,520736,74232,353104,719592,5505,98226,84,84,35,0,0,5,10,5,5,0,2,0,0,0,0,15,522881,0,5,1,18,2880,221321,5484,0,1,23086,18095,6013,6172,1268,423,1287,315,15,102,102,103,2463,938,1926362,199,11,129,44,344095,344044,127,17,11,13,26,521058,326733,14,18,220,32,24,0,13,0,98,648651,335,0,89,1,1,6,27,1,4,31,1,2,1,2
1254.98,1662573373846,5.017395513,1,3.4,34.3,0.0,61.7,0.0,0.0,0.6,111,1,64,0,2,521232,73732,353108,720088,5786,99043,294,294,35,0,0,5,7,5,2,0,1,0,0,0,0,3,519337,0,4,0,11,2884,217372,5305,0,1,23355,18395,4405,4930,604,93,631,0,9,112,112,112,1610,384,1881919,211,6,130,5,346700,346648,127,16,6,9,16,517385,329714,11,13,224,22,16,0,8,0,108,640667,327,0,74,1,0,0,10,0,0,10,1,0,0,1
1260,1662573380662,5.016628441,1,3.0,28.6,0.0,68.4,0.0,0.0,0.0,110,1,63,0,2,520208,74756,353108,719064,5638,98606,56,56,35,0,0,8,12,8,3,1,2,0,0,0,0,10,488708,0,4,0,14,2966,194815,5291,2,1,23255,18067,4236,4411,908,165,929,0,130,105,105,106,1594,680,1796972,207,7,132,45,336193,336144,191,18,7,9,17,486682,319813,11,14,347,36,109,0,9,0,100,577018,480,0,125,1,1,0,24,0,2,26,1,1,1,2
1265.02,1662573387399,5.020475547,1,5.5,36.7,0.0,57.8,0.0,0.0,0.0,111,1,64,0,2,521508,73460,353104,720364,12739,182487,140,140,35,0,0,0,0,0,0,1,0,0,0,0,0,11,523938,0,16,0,5,3401,205862,5278,0,0,23572,18700,8283,8990,1779,255,1799,441,5,120,120,116,3370,1308,1912370,235,13,131,7,362961,362930,135,11,13,21,29,522400,344751,14,24,250,27,28,5,13,1,106,620880,341,0,62,1,0,0,35,0,0,35,1,0,0,1
1270.04,1662573398351,5.015233620,1,4.3,20.6,0.0,74.7,0.0,0.0,0.4,111,1,64,0,2,520752,74224,353096,719600,5681,99721,56,56,35,0,0,5,7,5,2,0,1,0,0,0,0,10,524447,0,3,0,10,1241,214551,5245,0,1,22978,17956,4028,4526,879,346,902,126,9,103,103,104,1637,683,1906550,203,8,130,45,350197,350145,127,16,7,8,16,522372,334368,10,13,225,33,25,0,8,0,100,654976,323,0,76,1,0,0,21,0,0,21,1,0,0,1
1275.06,1662573405169,5.016551007,1,19.1,34.8,0.0,45.2,0.0,0.0,0.9,111,1,64,0,2,520924,74048,353100,719772,5603,99397,84,84,35,0,0,5,11,5,6,0,2,0,0,0,0,1,504496,0,6,1,20,2926,193496,5224,0,1,22915,17972,2920,3393,440,24,460,0,17,104,104,106,882,262,1841771,203,4,130,5,351649,351598,125,17,4,5,13,502627,336997,10,11,217,23,11,0,5,0,100,614131,323,0,85,1,1,6,8,1,4,12,1,2,1,2
1280.08,1662573412129,5.016883560,1,7.7,38.9,0.0,53.4,0.0,0.0,0.0,111,1,64,0,2,521136,73836,353100,719988,5505,99347,84,84,35,0,0,5,7,5,2,0,1,0,0,0,0,3,535571,0,4,0,10,2869,226403,5117,0,1,22570,17649,853,1008,51,10,76,0,9,102,102,104,5,5,1968531,201,0,130,5,347767,347724,122,15,0,0,3,533615,334845,6,6,210,22,10,0,0,0,99,690214,307,0,71,1,0,0,3,0,0,3,1,0,0,1
1285.1,1662573418972,5.016448360,1,3.2,38.1,0.0,58.7,0.0,0.0,0.0,111,1,64,0,2,521948,73028,353096,720796,5622,98417,56,56,35,0,0,8,11,8,3,1,2,0,0,0,0,4,489635,0,7,0,13,581,189074,5375,3,1,22854,17870,4061,4226,894,347,926,126,11,102,102,105,1604,687,1795764,201,7,129,45,341019,340966,128,17,7,8,17,487639,325252,9,12,227,34,26,0,8,0,97,576773,329,0,83,1,1,0,23,0,2,25,1,1,1,2
1290.12,1662573425738,5.015928265,1,22.6,31.0,0.0,45.8,0.0,0.0,0.7,111,1,64,0,2,521728,73240,353104,720584,6091,98510,84,84,35,0,0,5,7,5,2,0,1,0,0,0,0,1,499771,0,11,0,11,2903,193011,5124,0,1,22974,18024,2930,3402,438,150,459,63,9,106,106,113,881,270,1830610,207,4,130,5,347134,347083,129,15,4,5,12,497711,332471,10,11,226,23,13,0,5,0,102,603446,314,0,75,1,0,0,9,0,0,9,1,0,0,1
1295.14,1662573432511,5.016634876,1,13.2,40.3,0.0,45.8,0.0,0.0,0.7,111,2,63,0,2,520516,74444,353112,719380,5735,98773,56,56,35,0,0,5,7,5,2,0,1,0,0,0,0,2,547943,0,4,1,11,2884,241457,5259,0,1,22585,17662,862,1364,51,9,80,0,9,104,104,105,4,5,2029527,205,0,130,5,344175,344118,123,15,0,0,4,545826,331181,6,6,214,22,11,0,0,0,100,712563,295,0,70,1,0,0,2,0,0,2,1,0,0,1
1300.16,1662573439321,5.018516686,1,3.9,32.9,0.0,62.9,0.0,0.0,0.3,111,1,64,0,2,521760,73200,353112,720624,8628,105111,4024,4024,35,0,0,5,11,5,6,0,2,0,0,0,0,24,476475,0,16,0,20,3874,192968,5986,0,1,24308,18850,13498,14106,3014,739,3184,630,17,140,141,138,6336,2342,1715182,241,25,132,46,333183,333104,145,18,25,31,50,474315,310102,21,36,269,38,55,12,31,3,124,545636,395,0,92,1,1,6,58,1,4,62,1,2,1,2
1305.18,1662573446168,5.015806766,1,3.3,34.9,0.0,61.5,0.0,0.0,0.4,111,1,64,0,2,520848,74112,353112,719712,5390,96218,84,84,35,0,0,5,7,5,2,6,1,0,0,0,0,9,523765,0,3,0,12,611,217590,5559,0,1,23101,18001,4817,4621,986,110,778,0,120,100,100,101,1860,682,1904022,197,11,132,16,347486,347442,187,16,11,10,22,521747,330616,12,17,353,25,129,0,12,0,98,638677,461,0,129,1,0,0,10,0,0,10,1,0,0,1
1310.2,1662573453376,5.017493994,1,3.0,31.4,0.0,65.6,0.0,0.0,0.0,111,1,64,0,2,520688,74280,353104,719544,6597,100969,1220,1220,35,0,0,9,12,8,3,2,2,0,0,0,0,1,542138,0,21,0,13,2892,241370,5606,2,1,23018,18092,2430,2566,218,80,248,63,11,128,128,134,705,137,2008648,217,2,130,5,340714,340666,130,16,2,3,9,539994,325519,8,9,237,22,18,16,3,1,116,691105,348,0,76,1,1,0,5,0,2,7,1,1,1,2
1315.22,1662573460203,5.016559683,1,1.3,32.4,0.0,66.3,0.0,0.0,0.0,111,1,64,0,2,520416,74552,353104,719272,5823,94469,84,84,35,0,0,5,7,5,2,0,1,0,0,0,0,12,477368,0,4,0,10,2756,188378,5113,0,1,22122,17347,6185,6662,1277,297,1303,126,9,99,99,104,2465,931,1755837,195,11,123,46,330182,330117,119,16,11,13,25,475067,313095,14,18,221,41,30,0,13,0,98,568152,313,0,73,1,0,0,26,0,0,26,1,0,0,1
1320.24,1662573467077,5.020819648,1,1.7,32.2,0.0,66.1,0.0,0.0,0.0,111,2,63,0,2,520344,74616,353112,719208,5453,98304,84,84,35,0,0,5,7,5,2,0,1,0,0,0,0,6,501502,0,5,0,10,2895,204402,5530,0,1,23162,18148,6010,6488,1266,235,1292,126,9,102,102,105,2473,928,1804838,199,12,129,44,340042,339985,125,16,11,13,26,499580,322656,14,18,222,32,24,0,13,0,100,613434,347,0,78,1,0,0,28,0,0,28,1,0,0,1
1325.26,1662573473900,5.015847094,1,3.8,33.5,0.0,61.8,0.0,0.0,0.9,111,1,64,0,2,520996,73964,353112,719860,5769,98835,294,294,35,0,0,5,11,5,6,0,2,0,0,0,0,6,537600,0,5,0,19,1330,228983,5461,0,1,23033,18100,2355,2821,218,17,241,0,16,110,110,112,737,131,1959836,207,2,130,5,348948,348901,125,15,2,3,7,535381,333787,7,8,219,22,14,0,3,0,106,685952,315,0,82,1,1,6,4,1,4,8,1,2,1,2
1330.28,1662573480748,5.015843034,1,5.3,33.8,0.0,60.9,0.0,0.0,0.0,111,1,64,0,2,521168,73800,353104,720024,5742,98656,56,56,35,0,0,5,7,5,2,0,1,0,0,0,0,8,486066,0,5,0,11,2905,188872,5189,0,1,23101,18114,6125,6607,1274,235,1310,63,9,105,105,107,2472,941,1782561,207,11,129,45,339642,339584,125,15,11,13,26,484046,322177,14,18,233,36,28,0,13,0,101,584999,331,0,73,1,0,0,25,0,0,25,1,0,0,1
1335.3,1662573487509,5.016317201,1,1.3,31.9,0.0,66.4,0.0,0.0,0.3,110,1,63,0,2,520144,74824,353104,719000,5349,94393,84,84,35,0,0,8,11,8,3,2,2,0,0,0,0,16,535854,0,5,0,12,2634,232634,5362,2,1,22154,17373,6002,6109,1268,234,1293,126,10,98,98,100,2473,931,1988610,190,11,125,44,343802,343748,119,13,11,13,25,533604,326939,14,18,214,32,24,0,13,0,95,673033,316,0,75,1,1,0,27,0,2,29,1,1,1,2
1340.31,1662573494270,5.013406036,1,2.2,28.5,0.0,69.3,0.0,0.0,0.0,111,1,64,0,2,520372,74596,353104,719228,15107,214150,350,350,35,0,0,0,0,0,0,1,0,0,0,0,0,20,507762,0,15,0,5,1502,198331,5661,0,0,23610,18844,12869,12761,2813,984,2619,567,5,121,121,119,5602,2159,1865971,239,21,127,48,357041,357002,141,11,21,33,46,507270,334981,22,31,269,44,49,5,26,1,109,582536,378,0,66,1,0,0,52,0,0,52,1,0,0,1
1345.33,1662573506911,5.023364541,1,4.3,29.5,0.0,66.2,0.0,0.0,0.0,111,1,64,0,2,520672,74288,353112,719536,5994,99475,56,56,35,0,0,5,7,5,2,0,1,0,0,0,0,15,529388,0,8,0,11,594,224186,5670,0,1,23469,18288,6190,6344,1284,305,1298,63,136,104,104,110,2467,929,1979058,205,11,132,44,348102,348039,192,16,11,13,26,527200,330033,16,20,365,33,134,0,14,0,100,644042,500,0,126,1,0,0,27,0,0,27,1,0,0,1
1350.35,1662573513719,5.016450235,1,2.3,30.4,0.0,66.7,0.0,0.0,0.7,111,1,64,0,2,520656,74300,353116,719524,5924,99956,294,294,35,0,0,5,7,5,2,0,1,0,0,0,0,7,511698,0,5,0,11,586,205431,5341,0,1,23103,18146,2353,2835,219,17,242,0,9,111,111,113,740,129,1838154,209,3,130,5,346370,346323,125,16,2,3,7,509606,331155,7,8,219,22,15,0,3,0,108,631546,326,0,70,1,0,0,5,1,4,9,1,0,0,1
1355.37,1662573520501,5.016314250,1,3.6,29.1,0.0,66.9,0.0,0.0,0.4,111,1,64,0,2,521192,73772,353108,720052,5779,97859,56,56,35,0,0,5,7,5,2,0,1,0,0,0,0,8,542957,0,4,0,11,2442,238689,5411,0,1,22772,17848,6115,6541,1276,423,1299,63,9,101,101,103,2467,937,2041800,199,11,127,45,345804,345752,121,16,11,13,25,540982,328553,14,18,224,36,28,0,13,0,99,679214,342,0,78,1,0,0,27,0,0,27,1,0,0,1
1360.39,1662573527349,5.016382586,1,2.0,31.4,0.0,66.2,0.0,0.0,0.3,111,1,64,0,2,520916,74040,353116,719784,6016,98565,84,84,35,0,0,8,10,8,2,0,1,0,0,0,0,5,483011,0,5,0,10,607,189657,5454,0,1,23156,18141,6041,6199,1263,173,1275,126,9,102,102,107,2469,915,1713352,196,11,129,43,335535,335464,123,16,11,13,26,480846,318189,14,18,218,30,25,0,13,0,98,581960,327,0,74,1,0,0,27,0,2,29,1,0,0,1
1365.41,1662573534110,5.015793480,1,5.5,35.3,0.0,58.9,0.0,0.0,0.3,111,1,64,0,2,521180,73776,353116,720048,5815,99928,294,294,35,0,0,5,7,5,2,0,1,0,0,0,0,4,518677,0,5,0,9,2866,209811,4987,0,1,23209,18231,2355,2513,220,17,253,0,9,111,111,113,738,140,1883906,211,2,130,5,348786,348731,127,15,2,3,7,516528,333413,7,8,223,22,14,0,3,0,107,644816,303,0,67,1,0,0,4,0,0,4,1,0,0,1
1370.43,1662573540915,5.015274010,1,1.2,34.2,0.0,63.7,0.0,0.0,0.9,111,1,64,0,2,520412,74552,353108,719272,5644,98606,56,56,35,0,0,5,7,5,2,0,1,0,0,0,0,10,486855,0,4,1,10,2910,190804,5433,0,1,23167,18161,6129,6281,1271,298,1317,63,9,104,104,106,2479,954,1785079,203,11,129,45,341265,341208,123,15,11,13,26,484646,323682,14,18,228,36,28,0,13,0,102,582442,328,0,74,1,0,0,30,0,0,30,1,0,0,1
1375.45,1662573547700,5.015430574,1,1.7,38.4,0.0,59.9,0.0,0.0,0.0,111,1,64,0,2,522460,72492,353120,721332,7721,98781,84,84,35,0,0,8,16,5,8,0,2,0,0,0,0,18,485405,0,15,0,24,1573,189818,5895,0,1,24561,19090,15190,15354,3326,623,3347,756,20,118,118,115,7042,2552,1736355,231,28,130,46,345762,345681,141,16,28,35,55,483238,321146,24,40,257,37,42,5,35,1,105,562003,385,0,91,1,1,6,60,0,0,60,1,1,0,2
1380.47,1662573554490,5.015449588,1,3.3,28.7,0.0,67.3,0.0,0.0,0.7,111,2,63,0,2,520208,74744,353120,719080,5810,101182,266,266,35,0,0,5,7,5,2,0,1,0,0,0,0,5,529419,0,3,0,11,549,215382,4904,0,1,23195,18230,2349,2878,217,143,241,0,9,109,109,110,738,131,1920458,207,2,130,5,355129,355079,129,15,2,3,7,527379,339855,7,8,218,21,14,0,3,0,107,641241,331,0,77,1,0,0,5,1,4,9,1,0,0,1
1385.49,1662573561823,5.015730631,1,1.6,32.6,0.0,64.9,0.0,0.0,0.9,111,1,64,0,2,521296,73664,353112,720160,5794,99699,84,84,35,0,0,5,7,5,2,0,1,0,0,0,0,3,500169,0,6,0,11,2913,194203,5173,0,1,22890,17953,3035,3259,439,24,466,0,9,107,107,109,877,256,1747170,207,4,129,6,347864,347817,125,16,4,5,12,498049,333038,10,11,224,27,15,0,5,0,102,607557,315,0,69,1,0,0,11,0,0,11,1,0,0,1
1390.51,1662573568635,5.015347930,1,4.3,34.8,0.0,60.6,0.0,0.0,0.3,111,1,64,0,2,520916,74036,353120,719788,5453,97183,56,56,35,0,0,8,10,8,2,0,1,0,0,0,0,11,531356,0,4,0,10,2567,229551,5431,0,1,23094,18093,6004,6447,1273,109,1300,126,8,100,100,102,2461,925,1979305,197,11,129,44,345631,345580,122,14,11,13,26,529512,328331,14,18,219,32,24,0,13,0,98,657843,337,0,80,1,0,0,28,0,2,30,1,0,0,1
1395.53,1662573575438,5.017331301,1,23.2,27.3,0.0,48.6,0.0,0.0,1.0,111,1,64,0,2,520852,74108,353112,719716,6186,100252,294,294,35,0,0,5,7,5,2,4,1,0,0,0,0,5,534586,0,10,0,12,2897,225874,5411,0,1,23322,18338,2949,3075,369,25,397,0,9,111,111,118,988,217,1953390,209,6,130,6,349820,349772,130,15,6,7,12,532568,333948,7,12,235,25,22,0,7,0,107,672103,337,0,84,1,0,0,5,0,0,5,1,1,1,2
1400.55,1662573582250,5.016711518,1,4.0,34.2,0.0,61.2,0.0,0.0,0.7,111,1,64,0,2,520940,74016,353116,719808,5834,99649,84,84,35,0,0,5,7,5,2,0,1,0,0,0,0,4,535648,0,7,0,11,525,231064,5254,0,1,22901,17967,2666,2902,344,81,374,63,9,105,105,110,445,151,1986665,207,2,130,6,343952,343873,125,15,1,5,8,533260,329461,8,9,225,27,15,0,1,0,103,692958,299,0,67,1,0,0,7,0,0,7,1,0,0,1
1405.57,1662573589038,5.015520283,1,3.1,35.5,0.0,60.8,0.0,0.0,0.6,112,1,64,0,2,521272,73684,353116,720140,5550,98432,56,56,35,0,0,5,10,5,5,0,2,0,0,0,0,8,518699,0,5,0,20,567,218398,5504,0,1,23074,18082,6028,6181,1266,298,1298,63,15,104,104,102,2474,933,1927827,203,11,129,44,342592,342538,121,14,11,14,26,516862,325256,14,18,226,32,25,0,14,0,97,636758,343,0,89,1,1,6,26,1,4,30,1,1,0,2
1410.59,1662573595849,5.015988564,1,17.0,32.8,0.0,49.6,0.0,0.0,0.6,111,1,63,0,2,521988,72968,353116,720856,5916,99128,294,294,35,0,0,5,7,5,2,6,1,0,0,0,0,5,493261,0,6,0,11,2958,189031,5180,0,1,23313,18332,2923,3443,362,88,393,63,9,113,113,114,989,223,1805770,213,6,130,6,345185,345133,132,16,6,7,11,491658,329366,7,12,227,24,17,0,7,0,109,610185,329,0,79,1,0,0,5,0,0,5,1,0,0,1
1415.6,1662573602578,5.012987660,1,1.7,37.1,0.0,60.8,0.0,0.0,0.3,112,1,64,0,2,521160,73788,353124,720036,14532,217470,140,140,35,0,0,0,0,0,0,1,0,0,0,0,0,8,514680,0,14,0,5,3434,200520,5713,0,0,23879,19032,12822,12841,2850,669,2729,378,5,117,117,114,5687,2196,1860965,231,21,130,46,363711,363675,137,12,21,34,50,514308,341447,22,35,256,37,42,5,26,1,105,604123,384,0,72,1,0,0,51,0,0,51,1,1,1,2
1420.62,1662573615279,5.019335105,1,22.6,28.8,0.0,48.6,0.0,0.0,0.0,112,1,65,0,1,520940,74016,353116,719808,5815,99928,294,294,35,0,0,5,7,5,2,0,1,0,0,0,0,3,542298,0,6,0,10,2650,225579,5225,0,1,23183,18214,2359,2636,219,17,244,0,8,111,111,113,739,131,1985045,209,2,131,5,356860,356808,124,14,2,3,8,540206,341483,7,8,222,22,14,0,3,0,107,678055,322,0,74,1,0,0,5,0,0,5,1,0,0,1
1425.64,1662573622098,5.015884099,1,2.6,33.6,0.0,63.5,0.0,0.0,0.3,112,1,64,0,2,520184,74772,353116,719052,5799,98684,84,84,35,0,0,5,11,5,6,0,2,0,0,0,0,4,551556,0,4,0,22,2839,236757,4950,0,1,22866,17939,3039,3189,451,25,462,0,17,106,106,107,871,254,2034490,209,4,130,6,353816,353784,128,18,4,5,12,549519,339072,10,11,222,27,16,0,5,0,103,700448,325,0,86,1,1,6,9,1,4,13,1,1,0,2
1430.66,1662573628912,5.018191945,1,2.5,35.3,0.0,62.2,0.0,0.0,0.0,112,1,64,0,2,521120,73836,353116,719988,5499,98304,56,56,35,0,0,5,7,5,2,0,1,0,0,0,0,9,484229,0,5,0,10,2538,189249,5329,0,1,23015,18044,6011,6170,1265,234,1308,252,8,101,101,104,2472,947,1746163,199,11,129,44,336975,336916,123,14,11,13,26,482138,319673,14,18,222,32,24,0,13,0,99,584635,330,0,83,1,0,0,27,0,0,27,1,0,0,1
1435.68,1662573635696,5.017304979,1,21.7,36.4,0.0,41.3,0.0,0.0,0.6,113,2,63,0,2,521200,73744,353128,720080,6180,99050,294,294,35,0,0,5,7,5,2,12,1,0,0,0,0,6,551554,0,7,0,11,717,239658,5749,0,1,23757,18572,3605,4072,520,167,545,0,125,112,112,116,1230,317,2060185,211,10,133,6,353787,353725,193,15,10,11,15,549618,336891,8,17,357,28,121,0,12,0,108,675897,494,0,132,1,0,0,7,0,0,7,1,0,0,1
1440.7,1662573642548,5.016264054,1,2.6,32.9,0.0,64.5,0.0,0.0,0.0,113,1,64,0,2,521184,73756,353132,720064,5846,99960,56,56,35,0,0,5,7,5,2,0,1,0,0,0,0,4,547155,0,5,0,11,2772,247829,5431,0,1,22833,17916,3044,3526,448,23,461,0,9,106,106,107,876,251,2064321,207,4,130,6,344245,344200,125,15,4,5,12,545191,329475,10,11,223,27,15,0,5,0,102,705524,319,0,75,1,0,0,9,0,0,9,1,0,0,1
1445.72,1662573649360,5.018023937,1,2.6,29.8,0.0,66.9,0.0,0.0,0.7,113,1,64,0,2,521184,73756,353132,720064,5343,94132,84,84,35,0,0,8,10,8,2,0,1,0,0,0,0,6,506339,0,6,0,11,1373,205366,5406,0,1,22380,17536,6046,6201,1266,108,1296,63,9,100,100,102,2462,926,1868661,195,11,125,44,342039,341982,118,15,11,13,26,504421,325003,14,18,219,32,26,0,13,0,96,612666,334,0,81,1,0,0,29,0,2,31,1,0,0,1
1450.84,1662573656158,5.119705081,1,5.1,33.8,0.0,60.7,0.0,0.0,0.4,113,1,64,0,2,520412,74528,353132,719292,8455,104826,294,294,35,0,0,5,11,5,6,1,2,0,0,0,0,20,516569,0,19,0,20,3824,214257,5938,0,1,24054,18756,12870,12799,2755,733,2522,504,17,123,123,125,6090,2121,1889711,234,22,128,19,354342,354291,145,18,22,27,43,514655,330927,18,31,263,32,46,5,28,1,111,615418,401,0,93,1,1,6,41,1,4,45,1,1,0,2
1455.86,1662573663439,5.017199265,1,3.4,34.6,0.0,61.5,0.0,0.0,0.6,113,1,64,0,2,520220,74720,353132,719100,5990,99960,84,84,35,0,0,5,7,5,2,0,1,0,0,0,0,4,520519,0,8,0,11,1558,213771,5184,0,1,22638,17712,977,1469,59,10,86,0,9,107,107,111,6,5,1878964,209,0,130,6,344499,344455,126,16,0,0,4,518502,331479,6,6,227,26,14,0,0,0,102,655419,310,0,72,1,0,0,4,0,0,4,1,0,0,1
1460.88,1662573670249,5.015561523,1,4.6,32.5,0.0,62.3,0.0,0.0,0.6,113,2,64,0,2,520576,74360,353136,719456,5757,98304,84,84,35,0,0,5,7,5,2,0,1,0,0,0,0,3,488755,0,4,0,11,562,189889,5483,0,1,23050,18063,6019,6506,1264,298,1279,315,9,101,100,105,2470,921,1778533,197,11,129,44,341132,341070,120,15,11,13,25,486556,323737,14,18,219,34,24,0,13,0,99,598355,313,0,81,1,0,0,25,0,0,25,1,0,0,1
1465.9,1662573677030,5.016513653,1,5.8,31.1,0.0,63.1,0.0,0.0,0.0,113,1,64,0,2,520500,74428,353144,719388,6035,99234,266,266,35,0,0,5,7,5,2,0,1,0,0,0,0,12,506411,0,4,0,11,2060,202338,5399,0,1,23477,18439,5553,6011,1049,355,1074,126,9,112,112,113,2330,802,1810632,213,9,130,45,347143,347089,132,15,9,11,21,504312,329010,11,15,235,34,31,0,11,0,109,611845,340,0,79,1,0,0,25,0,0,25,1,0,0,1
1470.92,1662573683805,5.016244076,1,2.9,33.2,0.0,63.8,0.0,0.0,0.0,113,1,64,0,2,520492,74444,353136,719372,5903,99727,84,84,35,0,0,8,10,8,2,0,1,0,0,0,0,5,562495,0,5,0,10,2856,248301,5198,0,1,22670,17734,985,1459,60,11,87,63,9,107,107,109,3,5,2093068,209,0,130,6,351851,351809,126,15,0,1,3,560345,338789,6,6,224,26,15,0,1,0,104,728954,303,0,69,1,0,0,2,0,2,4,1,0,0,1
1475.94,1662573690624,5.016708346,1,1.9,33.4,0.0,64.4,0.0,0.0,0.3,113,1,64,0,2,520648,74284,353140,719536,5551,97311,56,56,35,0,0,5,11,5,6,0,2,0,0,0,0,5,482830,0,5,0,20,592,184922,5272,0,1,23149,18144,6033,6502,1261,299,1275,0,17,103,103,104,2473,923,1760452,203,12,129,44,340256,340196,124,18,11,13,25,481240,322854,14,18,225,32,25,0,13,0,99,584123,334,0,89,1,1,6,26,1,4,30,1,1,0,2
1480.96,1662573697442,5.015222113,1,5.5,33.5,0.0,60.4,0.0,0.0,0.6,113,1,64,0,2,520640,74292,353140,719528,5644,92951,294,294,35,0,0,5,7,5,2,6,1,0,0,0,0,9,528493,0,5,0,10,2339,226397,5553,0,1,22542,17578,6235,6444,1197,369,1221,126,165,105,105,106,2592,890,1962038,197,13,126,45,344341,344281,211,14,13,15,25,526487,325713,14,22,398,35,172,0,16,0,101,644168,527,0,145,1,0,0,27,0,0,27,1,0,0,1
1485.98,1662573704243,5.022405383,1,3.2,29.4,0.0,67.1,0.0,0.0,0.3,112,1,63,0,2,519996,74940,353136,718876,6013,98708,84,84,35,0,0,5,7,5,2,6,1,0,0,0,0,2,560395,0,5,0,11,2879,249038,5363,0,1,22672,17748,1455,1610,200,18,226,0,9,106,106,109,246,100,2104809,209,4,129,6,350141,350097,130,16,4,4,7,558384,336639,6,10,224,27,14,0,4,0,102,717389,324,0,80,1,0,0,4,0,0,4,1,0,0,1
1490.99,1662573711011,5.014063957,1,1.9,38.6,0.0,58.8,0.0,0.0,0.6,113,1,64,0,2,520720,74216,353136,719604,14198,214604,350,350,35,0,0,0,0,0,0,1,0,0,0,0,1,10,557981,0,15,0,5,1083,240947,6047,0,0,24138,19283,12093,11932,2539,781,2380,378,5,124,124,123,5410,2018,2084636,237,19,130,47,365210,365176,140,11,19,30,42,557742,342545,19,28,260,40,46,5,24,1,112,677538,403,0,78,1,0,0,41,0,0,41,1,0,0,1
1496.01,1662573723597,5.016002692,1,2.6,31.8,0.0,65.2,0.0,0.0,0.3,113,1,64,0,2,520216,74720,353136,719100,5949,98734,84,84,35,0,0,5,7,5,2,0,1,0,0,0,0,3,556402,0,6,0,10,2502,242857,5307,0,1,22608,17687,976,1132,59,10,87,0,8,108,108,110,5,5,2070874,210,0,130,6,351953,351913,125,13,0,0,4,554397,338909,6,6,227,26,15,0,0,0,103,727307,299,0,71,1,0,0,3,0,0,3,1,0,0,1
1501.03,1662573730371,5.015680043,1,4.4,30.5,0.0,65.1,0.0,0.0,0.0,113,1,64,0,2,520664,74268,353140,719548,5579,93350,56,56,35,0,0,10,19,8,9,0,2,0,0,0,0,6,495169,0,8,0,26,2746,190106,5268,1,1,22015,17255,6031,6536,1268,297,1291,126,23,97,97,103,2485,932,1800482,191,11,123,44,345875,345808,119,17,11,13,25,492799,329132,14,18,211,28,22,0,13,0,93,591695,330,0,96,3,2,6,28,1,6,34,1,3,2,2
1506.05,1662573737168,5.016116188,1,5.2,33.3,0.0,61.5,0.0,0.0,0.0,113,1,64,0,2,520404,74520,353148,719296,6058,100121,294,294,35,0,0,5,7,5,2,0,1,0,0,0,0,6,508072,0,10,1,10,2916,208929,5652,0,1,23549,18504,5564,6056,1050,417,1074,126,8,111,111,117,2334,797,1843537,209,10,134,45,341892,341835,128,13,9,11,21,505688,323667,11,15,237,34,30,0,11,0,107,616329,363,0,79,1,0,0,23,1,4,27,1,0,0,1
1511.07,1662573744015,5.018765124,1,1.5,35.8,0.0,62.1,0.0,0.0,0.6,113,2,63,0,2,519788,75136,353148,718680,6484,103447,3972,3972,35,0,0,5,7,5,2,0,1,0,0,0,0,1,490440,0,5,0,11,552,190623,5295,0,1,22803,17848,1269,1509,124,13,282,0,9,130,131,131,173,52,1773685,223,1,131,6,338439,338392,134,16,1,1,6,488264,325020,7,7,240,28,29,7,1,2,123,612359,319,0,70,1,0,0,3,0,0,3,1,0,0,1
1516.09,1662573750796,5.016221975,1,3.2,33.1,0.0,63.7,0.0,0.0,0.0,113,1,64,0,2,520624,74308,353140,719512,5505,98304,56,56,35,0,0,5,7,5,2,0,1,0,0,0,0,5,494340,0,4,0,11,2900,191295,5232,0,1,23141,18133,6019,6173,1269,234,1306,126,9,101,101,103,2473,938,1804778,199,11,129,44,346190,346126,121,15,11,13,26,492285,328717,14,18,221,32,24,0,13,0,99,594599,321,0,74,1,0,0,27,0,0,27,1,0,0,1
1521.11,1662573757616,5.016966242,1,5.7,30.7,0.0,62.9,0.0,0.0,0.8,114,1,64,0,2,519844,75084,353144,718736,5943,98920,294,294,35,0,0,5,7,5,2,0,1,0,0,0,0,5,528724,0,6,0,10,2880,225648,5482,0,1,23452,18421,5543,6045,1073,355,1082,126,9,110,110,113,2340,798,1952585,207,9,130,45,346837,346779,125,16,9,11,21,526635,328689,11,15,232,33,30,0,12,0,105,653738,353,0,77,1,0,0,24,0,0,24,1,0,0,1
1526.13,1662573764441,5.016702082,1,1.8,37.2,0.0,61.0,0.0,0.0,0.0,114,1,64,0,2,520112,74816,353144,719004,8057,103521,56,56,35,0,0,5,7,5,2,7,1,0,0,0,0,12,501531,0,14,0,11,3881,192301,5702,0,1,24553,19116,12718,13210,2648,546,2685,441,9,121,121,118,5686,1974,1790816,238,25,131,8,356897,356822,145,16,25,31,46,499366,334183,20,37,265,32,39,5,31,1,108,593291,371,0,81,1,0,0,47,0,0,47,1,1,1,2
1531.15,1662573771832,5.016715002,1,8.0,31.2,0.0,60.8,0.0,0.0,0.0,114,1,64,0,2,520460,74476,353136,719344,5453,98304,84,84,35,0,0,11,19,8,8,0,2,0,0,0,0,4,494737,0,5,0,24,2892,190944,5121,0,1,22865,17935,2953,3093,436,23,461,0,21,104,104,105,876,263,1744476,201,4,130,5,344047,343995,123,17,4,5,12,492661,329360,10,11,212,23,11,0,5,0,98,614904,318,0,88,1,1,6,8,0,2,10,1,1,0,2
1536.17,1662573778629,5.016379331,1,2.0,32.4,0.0,64.9,0.0,0.0,0.7,114,1,64,0,2,520664,74264,353144,719556,5944,98417,56,56,35,0,0,5,7,5,2,0,1,0,0,0,0,5,496817,0,4,0,10,580,191348,5206,0,1,22988,17974,4045,4212,889,472,917,63,8,103,103,107,1639,679,1811342,203,7,129,45,345920,345868,125,14,7,8,16,494582,330063,10,13,226,36,26,0,8,0,100,603914,313,0,73,1,0,0,21,1,4,25,1,0,0,1
1541.19,1662573785427,5.015557155,1,23.8,26.7,0.0,48.8,0.0,0.0,0.7,114,1,64,0,2,521104,73832,353136,719988,5713,99608,84,84,35,0,0,5,7,5,2,0,1,0,0,0,0,6,560059,0,5,0,11,526,245775,5429,0,1,22899,17944,2844,3337,431,23,451,0,9,102,102,104,871,263,2088370,197,4,131,5,353793,353742,124,16,4,5,13,558285,339283,10,11,212,19,11,0,5,0,98,725962,306,0,72,1,0,0,8,0,0,8,1,0,0,1
1546.21,1662573792231,5.016606055,1,6.1,33.3,0.0,60.2,0.0,0.0,0.3,114,1,64,0,2,520372,74560,353140,719260,5499,98354,84,84,35,0,0,5,7,5,2,0,1,0,0,0,0,3,547940,0,5,1,10,2866,236699,5476,0,1,22842,17916,2933,3079,435,86,461,63,8,103,103,105,875,256,2033552,203,4,130,5,351144,351089,121,13,4,5,12,545818,336440,10,11,216,23,11,0,5,0,99,700086,300,0,72,1,0,0,9,0,0,9,1,0,0,1
1551.23,1662573799096,5.016111532,1,4.5,29.8,0.0,65.7,0.0,0.0,0.0,114,1,64,0,2,520836,74092,353144,719728,5536,98339,56,56,35,0,0,5,7,5,2,0,1,0,0,0,0,9,492632,0,4,0,11,1759,197021,5334,0,1,22876,17875,4033,4550,889,348,921,63,9,101,101,104,1602,687,1802039,199,7,129,45,336378,336322,121,15,7,8,17,490303,320447,10,13,221,34,25,0,8,0,100,597962,314,0,78,1,0,0,23,0,0,23,1,1,1,2
1556.25,1662573805915,5.015534718,1,16.2,33.4,0.0,50.3,0.0,0.0,0.0,114,1,64,0,2,520796,74132,353144,719688,5580,98304,84,84,35,0,0,8,11,8,3,2,2,0,0,0,0,1,502253,0,7,0,11,2871,192490,4988,0,1,22555,17639,869,1346,51,10,78,0,9,103,103,107,4,5,1828873,201,0,130,5,348208,348165,126,15,0,0,3,500316,335270,6,6,216,21,10,0,0,0,100,615075,314,0,67,0,0,0,3,0,2,5,0,0,0,0
1561.27,1662573812712,5.016763459,1,4.9,23.5,0.0,71.7,0.0,0.0,0.0,113,1,63,0,2,520072,74848,353152,718972,6039,99347,56,56,35,0,0,5,11,5,6,0,2,0,0,0,0,5,536932,0,8,0,20,2885,223339,5568,0,1,22845,17922,2942,3092,440,24,473,0,17,101,101,109,870,262,1950088,199,4,130,5,352836,352786,123,18,4,5,12,534794,338142,10,11,215,25,11,0,5,0,99,669346,341,0,85,1,1,6,9,1,4,13,1,1,0,2
1566.28,1662573819462,5.013619797,1,7.8,24.8,0.0,67.0,0.0,0.0,0.3,115,2,65,0,1,520364,74564,353144,719256,14227,207231,140,140,35,0,0,0,0,0,0,5,0,0,0,0,0,16,560050,0,15,0,5,1682,242203,5992,0,0,24143,19138,10129,9763,2091,725,1933,441,172,119,119,116,4158,1561,2104240,233,18,135,7,364514,364472,239,11,18,29,38,559557,344062,19,29,419,30,146,5,22,1,106,698244,557,0,145,1,0,0,29,0,0,29,1,0,0,1
1571.3,1662573832141,5.015804103,1,5.4,34.4,0.0,59.9,0.0,0.0,0.3,114,1,64,0,2,520948,73968,353156,719852,5557,99347,84,84,35,0,0,5,7,5,2,0,1,0,0,0,0,2,496624,0,5,1,11,2584,192560,4913,0,1,22896,17946,2931,3078,433,86,459,63,9,103,103,105,879,258,1825471,201,4,130,5,343826,343772,122,15,4,5,12,494746,329147,10,11,214,23,11,0,5,0,100,612978,304,0,70,1,0,0,10,0,0,10,1,1,1,2
1576.32,1662573838910,5.016294727,1,5.3,40.7,0.0,53.7,0.0,0.0,0.3,114,1,64,0,2,520420,74504,353148,719316,5120,89030,56,56,35,0,0,5,7,5,2,0,1,0,0,0,0,9,525938,0,4,0,10,2663,216350,5056,0,1,20782,16253,4004,4507,886,220,920,63,8,93,93,96,1609,693,1922201,183,7,119,45,346542,346493,115,14,7,8,17,523622,331837,10,13,205,34,25,0,8,0,91,658684,300,0,76,1,0,0,23,0,0,23,1,0,0,1
1581.34,1662573845714,5.016732278,1,24.0,28.6,0.0,47.0,0.0,0.0,0.3,114,1,64,0,2,520428,74488,353156,719332,6223,99503,84,84,35,0,0,9,12,8,3,2,2,0,0,0,0,8,523862,0,5,0,14,2921,210727,5435,2,1,22992,18027,2960,3107,436,86,462,63,11,106,106,110,872,275,1877808,207,4,131,5,352897,352848,131,18,4,5,13,521925,338154,10,11,218,25,13,0,5,0,102,648751,323,0,76,1,1,0,10,0,2,12,1,1,1,2
1586.36,1662573852522,5.016154735,1,6.0,32.3,0.0,61.7,0.0,0.0,0.0,114,1,64,0,2,520996,73916,353160,719904,5816,99686,56,56,35,0,0,5,7,5,2,0,1,0,0,0,0,1,521787,0,4,0,10,547,215670,5244,0,1,22897,17957,2928,3080,443,86,464,0,8,103,103,105,877,259,1893249,200,4,131,5,345698,345650,120,14,4,5,12,519783,331000,10,11,213,23,11,0,5,0,100,657781,319,0,70,1,0,0,9,1,4,13,1,0,0,1
1591.38,1662573859364,5.016389475,1,5.0,30.6,0.0,64.0,0.0,0.0,0.3,114,1,64,0,2,521080,73840,353152,719980,5634,98467,84,84,35,0,0,8,11,8,3,1,2,0,0,0,0,6,484703,0,6,0,14,2898,190056,5142,2,1,22805,17824,4054,4225,882,94,909,63,11,104,104,106,1612,693,1754451,203,7,129,45,335079,335026,125,15,7,8,17,482625,319381,10,13,227,34,25,0,8,0,100,589935,321,0,81,3,5,4,24,1,6,30,1,3,2,2
1596.61,1662573866121,5.234103869,1,4.4,26.8,0.0,68.8,0.0,0.0,0.0,114,1,64,0,2,520728,74180,353164,719640,6014,107874,84,84,35,0,0,5,7,5,2,0,1,0,0,0,0,8,517652,0,4,0,11,569,199652,5429,0,1,23818,18660,4171,3979,882,32,641,0,9,102,102,104,1656,651,1894435,197,8,135,16,360194,360141,124,15,7,6,18,515622,343806,11,12,220,24,24,0,8,0,99,628354,313,0,74,1,0,0,9,0,1,10,1,0,0,1
1601.63,1662573873388,5.015944799,1,2.2,35.2,0.0,61.9,0.0,0.0,0.6,114,1,64,0,2,520956,73964,353152,719860,7916,101323,294,294,35,0,0,5,7,5,2,1,1,0,0,0,0,26,524021,0,16,0,10,3860,217212,5828,0,1,24774,19365,13627,14135,2655,605,2681,504,9,125,125,123,6161,2007,1916769,237,23,130,7,356449,356376,140,16,23,30,47,521994,332111,21,35,254,29,33,5,30,1,111,619340,374,0,71,1,0,0,45,0,0,45,1,0,0,1
1606.65,1662573880198,5.015445068,1,4.7,34.9,0.0,60.4,0.0,0.0,0.0,114,1,64,0,2,520916,74004,353152,719820,5609,88289,84,84,35,0,0,5,7,5,2,0,1,0,0,0,0,12,534743,0,5,0,11,2634,224124,4994,0,1,20716,16208,4120,4286,888,94,922,126,9,96,96,100,1609,688,1966316,187,7,118,46,349610,349564,115,16,7,8,16,533367,334964,10,13,213,40,29,0,8,0,93,677577,312,0,76,1,0,0,26,0,0,26,1,0,0,1
1611.67,1662573887004,5.016352354,1,3.3,30.1,0.0,66.0,0.0,0.0,0.7,114,1,64,0,2,520160,74748,353164,719076,5683,98148,56,56,35,0,0,5,7,5,2,4,1,0,0,0,0,3,519699,0,9,1,10,678,223709,5942,0,1,23305,18111,4646,4811,1035,173,1059,63,136,100,100,108,1846,768,1912317,197,11,132,44,337550,337494,193,16,11,12,21,517672,320816,11,18,357,32,119,0,12,0,98,628397,521,0,128,1,0,0,24,0,0,24,1,0,0,1
1616.69,1662573893829,5.016936206,1,6.9,38.4,0.0,54.4,0.0,0.0,0.3,113,1,64,0,2,521208,73700,353164,720124,5809,99928,294,294,35,0,0,5,8,5,3,1,2,0,0,0,0,2,544193,0,7,0,13,572,246528,5462,2,1,23392,18428,4454,4626,606,31,626,63,11,111,111,114,1607,380,2052767,209,6,130,5,340978,340932,128,17,6,9,16,542231,324026,11,13,224,23,15,0,8,0,107,682364,350,0,81,1,1,0,12,1,4,16,1,2,2,2
1621.71,1662573900633,5.016619129,1,5.6,34.2,0.0,60.1,0.0,0.0,0.0,113,1,64,0,2,520420,74484,353168,719340,5644,98606,56,56,35,0,0,8,10,8,2,0,1,0,0,0,0,3,537413,0,4,0,11,2205,236861,5267,0,1,22797,17822,4068,4234,888,157,916,126,9,103,103,105,1599,679,2007766,203,7,128,45,340825,340774,123,15,7,8,16,535482,325110,10,13,227,35,27,0,8,0,101,674093,348,0,76,1,0,0,21,0,2,23,1,0,0,1
1626.73,1662573907485,5.016680955,1,3.5,30.7,0.0,65.5,0.0,0.0,0.3,113,1,64,0,2,520736,74168,353168,719656,5505,98409,84,84,35,0,0,5,7,5,2,0,1,0,0,0,0,5,489903,0,5,0,11,2118,195961,5175,0,1,22846,17846,3941,4107,885,94,922,189,9,101,101,103,1596,682,1752737,197,7,129,44,334527,334478,123,16,7,8,17,487921,318925,10,13,217,31,23,0,8,0,97,608709,317,0,72,1,0,0,21,0,0,21,1,0,0,1
1631.75,1662573914267,5.020442955,1,4.2,31.6,0.0,63.6,0.0,0.0,0.6,113,1,64,0,2,520336,74568,353168,719256,5706,99878,294,294,35,0,0,5,7,5,2,0,1,0,0,0,0,1,502370,0,3,1,11,599,192521,5402,0,1,23480,18507,4431,4579,605,30,630,0,9,109,109,109,1602,382,1753878,207,6,131,5,351700,351648,129,16,6,8,16,500110,334671,11,13,219,22,15,0,8,0,106,629210,329,0,81,1,0,0,10,0,0,10,1,0,0,1
1636.77,1662573921090,5.017392466,1,5.7,28.6,0.0,65.7,0.0,0.0,0.0,112,1,63,0,2,520412,74488,353172,719332,5724,96728,56,56,35,0,0,5,7,5,2,0,1,0,0,0,0,7,552402,0,4,0,10,529,240936,5427,0,1,22468,17575,2820,3317,575,274,737,126,8,105,105,106,937,436,2064630,207,4,128,34,350206,350167,123,14,4,7,11,550798,335885,9,12,224,33,18,0,5,0,102,709430,303,0,73,1,0,0,19,0,0,19,1,0,0,1
1641.78,1662573927858,5.013469903,1,8.7,31.8,0.0,59.4,0.0,0.0,0.0,112,1,64,0,2,521840,73052,353180,720768,12948,187830,140,140,35,0,0,0,2,0,1,1,1,0,0,0,0,13,514426,0,15,0,7,3469,199418,5610,2,0,23684,18871,10747,10689,2238,336,2103,315,6,120,120,117,4780,1668,1889482,237,19,130,7,362696,362657,140,12,19,26,40,513896,342128,18,29,253,28,30,5,18,1,107,615068,347,0,69,1,1,0,44,0,0,44,1,2,2,2
1646.8,1662573939377,5.016167486,1,1.0,33.9,0.0,64.5,0.0,0.0,0.7,112,1,64,0,2,520692,74204,353176,719616,5536,99304,84,84,35,0,0,5,7,5,2,0,1,0,0,0,0,4,532295,0,5,0,11,2908,227141,5180,0,1,22923,17914,4023,4446,891,283,913,126,9,101,101,103,1600,679,1967501,197,7,130,45,345567,345515,124,16,7,8,17,530292,329782,10,13,220,34,25,0,8,0,98,672699,323,0,80,1,0,0,21,0,1,22,1,0,0,1
1651.82,1662573946162,5.016222176,1,12.0,33.7,0.0,53.6,0.0,0.0,0.7,112,1,64,0,2,519916,74976,353180,718840,5557,99347,84,84,35,0,0,5,7,5,2,0,1,0,0,0,0,7,543694,0,5,0,10,2854,243079,5464,0,1,22793,17863,4172,4070,811,284,648,0,8,103,103,104,1581,589,2037130,201,8,129,16,345212,345154,120,14,7,7,18,541513,329340,11,12,219,25,21,0,8,0,99,701159,306,0,74,1,0,0,10,0,0,10,1,0,0,1
1656.84,1662573953014,5.016790819,1,4.1,34.9,0.0,61.0,0.0,0.0,0.0,112,1,64,0,2,521200,73684,353188,720136,6124,99503,161,161,35,0,0,5,7,5,2,6,1,0,0,0,0,4,505222,0,4,1,11,555,203681,5327,0,1,23197,18262,3869,3879,587,158,610,126,9,105,105,109,1207,331,1861466,203,8,130,5,342669,342619,123,15,8,9,18,503155,326189,10,15,223,25,19,0,9,0,102,617517,327,0,78,1,0,0,8,0,0,8,1,0,0,1
1661.87,1662573959860,5.026429015,1,4.2,33.6,0.0,62.3,0.0,0.0,0.0,112,2,64,0,2,521688,73204,353180,720616,6107,99812,84,84,35,0,0,5,11,5,6,0,2,0,0,0,0,5,496896,0,10,0,21,2928,198453,5320,0,1,23113,18082,4175,4343,901,158,927,126,17,108,108,114,1614,679,1825689,211,7,130,46,339138,339084,133,17,7,8,16,494613,323172,10,13,243,38,30,0,8,0,103,602320,353,0,91,1,1,7,20,1,4,24,1,1,0,2
1666.89,1662573966699,5.016265206,1,2.9,37.5,0.0,59.6,0.0,0.0,0.0,112,1,64,0,2,521452,73436,353184,720384,5752,98304,56,56,35,0,0,5,7,5,2,0,1,0,0,0,0,9,535850,0,6,0,10,2846,232938,5219,0,1,23103,18117,6015,5816,1268,361,1211,0,9,102,102,107,2470,933,1989763,201,11,129,44,345326,345268,122,16,11,7,25,533738,327929,14,18,225,32,25,0,13,0,101,667053,333,0,71,1,0,0,30,0,1,31,1,1,1,2
1671.91,1662573973591,5.017468688,1,4.8,34.9,0.0,60.2,0.0,0.0,0.0,112,1,64,0,2,520680,74172,353220,719632,5873,100139,294,294,35,0,0,8,11,8,3,1,2,0,0,0,0,4,493395,0,5,0,13,599,189172,5357,3,1,23342,18393,4437,4586,605,94,616,63,11,110,110,111,1566,369,1807696,207,6,130,5,345742,345687,127,18,6,8,17,491428,328851,11,13,218,23,15,0,8,0,106,614157,336,0,77,1,1,0,12,0,2,14,1,1,1,2
1676.93,1662573980378,5.015820426,1,5.1,34.0,0.0,60.9,0.0,0.0,0.0,112,1,64,0,2,521860,72992,353220,720808,7777,101204,84,84,35,0,0,5,7,5,2,1,1,0,0,0,0,22,487314,0,14,1,10,3856,191382,5567,0,1,24382,18910,13325,13833,2956,670,2991,756,8,120,120,116,6159,2304,1760397,237,24,129,48,346681,346595,142,14,24,30,46,484945,323437,20,35,265,43,46,5,30,1,107,574065,362,0,82,1,0,0,58,0,0,58,1,0,0,1
1681.95,1662573987189,5.019628935,1,3.8,39.9,0.0,56.3,0.0,0.0,0.0,112,1,64,0,2,521280,73564,353228,720240,5653,94132,56,56,35,0,0,5,7,5,2,0,1,0,0,0,0,6,546209,0,4,0,11,2810,237957,5402,0,1,22433,17579,5789,5968,1196,169,1221,63,9,98,98,103,2246,881,2046428,193,10,125,44,349790,349712,122,16,10,14,22,544120,333017,12,16,215,34,24,0,10,0,97,680935,327,0,74,1,0,0,23,0,0,23,1,0,0,1
1686.97,1662573994005,5.018077078,1,2.6,30.1,0.0,67.0,0.0,0.0,0.3,112,1,64,0,2,521344,73540,353188,720284,5815,99928,294,294,35,0,0,7,16,5,9,0,2,0,0,0,0,10,498405,0,6,0,31,1546,191727,5256,0,1,23394,18437,4433,4952,608,94,637,63,22,111,111,113,1615,382,1747472,209,6,131,5,348050,347996,126,15,6,8,16,496337,331108,11,13,221,23,15,0,8,0,107,614960,331,0,93,1,1,7,10,0,0,10,1,1,0,2
1691.99,1662574000837,5.015881008,1,2.6,30.8,0.0,66.2,0.0,0.0,0.3,112,1,64,0,2,520956,73924,353192,719900,5696,98606,56,56,35,0,0,5,7,5,2,0,1,0,0,0,0,6,546702,0,4,1,11,555,240951,5254,0,1,22829,17845,4062,4557,896,348,922,63,9,104,104,106,1600,679,2049575,205,7,129,45,346138,346083,124,15,7,8,16,544743,330406,10,13,229,35,27,0,8,0,102,690396,336,0,73,1,0,0,22,1,4,26,1,1,1,2
1697.01,1662574007634,5.016704962,1,3.1,34.4,0.0,62.3,0.0,0.0,0.3,112,1,64,0,2,520776,74104,353192,719720,5551,98565,84,84,35,0,0,5,7,5,2,0,1,0,0,0,0,11,502880,0,5,0,12,2128,203058,5371,0,1,22896,17892,3976,4198,876,31,910,0,9,103,103,104,1600,678,1806118,201,7,130,44,340383,340327,126,15,7,9,17,500791,324664,10,13,226,31,25,0,8,0,97,608622,338,0,79,1,0,0,25,0,0,25,1,0,0,1
1702.03,1662574014517,5.015773151,1,4.4,39.1,0.0,56.6,0.0,0.0,0.0,113,1,64,0,2,520492,74392,353188,719432,6028,100217,266,266,35,0,0,8,10,8,2,6,1,0,0,0,0,13,551980,0,4,0,11,1145,240018,5564,0,1,23869,18686,5144,5235,761,110,775,63,135,110,110,112,1851,466,2045777,209,10,133,5,354595,354539,198,16,10,12,20,550023,336569,13,19,373,24,138,0,14,0,107,680713,497,0,133,1,0,0,11,0,3,14,1,0,0,1
1707.06,1662574021945,5.029868128,1,4.0,34.6,0.0,61.1,0.0,0.0,0.3,113,1,64,0,2,520428,74464,353180,719360,6144,99727,84,84,35,0,0,5,7,5,2,0,1,0,0,0,0,2,496292,0,4,0,10,527,192509,4973,0,1,22824,17852,1008,1459,61,10,86,0,8,108,108,111,4,5,1724663,211,0,131,6,341944,341903,129,14,0,0,3,494271,328836,6,6,224,27,15,0,0,0,104,623978,303,0,71,1,0,0,3,0,0,3,1,0,0,1
1712.08,1662574028769,5.016272528,1,2.4,28.7,0.0,68.6,0.0,0.0,0.3,112,1,63,0,2,520592,74300,353180,719524,5499,98276,56,56,35,0,0,5,7,5,2,0,1,0,0,0,0,8,542794,0,5,0,12,558,237937,5418,0,1,22872,17872,3944,4115,871,220,899,0,9,101,101,103,1602,679,2023994,199,8,130,44,345002,344954,126,16,7,9,16,540970,329361,10,13,223,31,23,0,8,0,98,692291,328,0,80,1,0,0,22,0,0,22,1,0,0,1
1717.11,1662574035545,5.028270912,1,3.1,31.3,0.0,65.6,0.0,0.0,0.0,113,1,64,0,2,521052,73828,353192,719996,14374,202674,350,350,35,0,0,0,0,0,0,1,0,0,0,0,1,20,511846,0,20,0,4,1043,202111,5707,0,0,23905,19021,10623,11100,2408,778,2346,378,4,123,123,123,4723,1904,1835407,243,18,135,47,356622,356585,141,10,18,29,36,511384,336035,18,25,275,41,46,5,21,1,108,619335,384,0,66,1,0,0,40,0,0,40,1,0,0,1
1722.13,1662574047403,5.015510251,1,2.4,31.6,0.0,65.3,0.0,0.0,0.7,113,1,64,0,2,521460,73420,353192,720404,11103,103104,8983,8983,35,0,0,8,11,8,3,2,2,0,0,0,0,17,508700,0,14,0,14,584,201987,5740,2,1,23435,18390,6755,6904,1470,303,1500,0,11,146,147,147,2853,1112,1800395,233,12,130,46,349776,349720,145,18,12,14,28,506627,331592,15,19,264,36,49,11,14,2,134,588356,388,0,86,1,1,0,28,0,2,30,1,1,1,2
1727.15,1662574054170,5.015895772,1,2.5,35.9,0.0,60.1,0.0,0.0,1.5,113,1,64,0,2,521068,73808,353196,720016,6325,100538,1326,1326,35,0,0,5,7,5,2,0,1,0,0,0,0,9,516393,0,17,0,12,572,205259,5370,0,1,23237,18256,2419,2573,218,17,244,0,8,133,133,136,740,129,1824818,217,2,131,5,351255,351207,128,13,2,3,8,514214,335897,8,9,229,24,19,22,3,4,118,636763,353,0,69,1,0,0,6,0,0,6,1,0,0,1
1732.17,1662574060917,5.016116450,1,4.0,32.2,0.0,63.8,0.0,0.0,0.0,112,1,64,0,2,521296,73588,353188,720236,5838,94484,56,56,35,0,0,5,7,5,2,0,1,0,0,0,0,7,498917,0,5,0,11,641,191637,5230,0,1,21930,17148,4055,4593,892,157,918,126,9,101,101,105,1606,683,1817830,199,7,124,45,346514,346466,121,15,7,9,17,496903,331241,10,13,225,37,27,0,8,0,98,587909,304,0,69,1,0,0,23,0,0,23,1,0,0,1
1737.19,1662574067727,5.016503533,1,2.1,28.8,0.0,68.5,0.0,0.0,0.7,112,1,64,0,2,521516,73360,353196,720464,5401,97183,84,84,35,0,0,8,15,8,6,4,3,0,0,0,0,6,508707,0,5,0,19,2859,208157,5371,2,1,23027,18040,6031,6195,1266,298,1282,63,16,100,100,103,2467,942,1886583,195,12,129,44,343519,343467,125,17,11,13,26,506802,326242,14,18,218,32,24,0,13,0,98,609970,339,0,93,3,2,6,31,1,6,37,1,3,2,3
1742.21,1662574074462,5.016755825,1,6.0,30.4,0.0,63.5,0.0,0.0,0.0,112,1,64,0,2,520948,73920,353204,719900,5872,98913,266,266,35,0,0,8,15,8,7,4,3,0,0,0,0,4,522385,0,4,0,23,1417,215066,5391,3,1,23461,18327,2524,2678,228,23,254,0,128,111,111,112,738,130,1874320,209,2,133,5,348638,348597,191,18,2,3,7,520560,332905,8,9,330,23,96,0,3,0,108,650056,469,0,132,3,2,6,6,1,6,12,1,3,2,3
1747.23,1662574081292,5.017503374,1,2.8,32.8,0.0,64.4,0.0,0.0,0.0,112,1,64,0,2,520256,74608,353208,719208,6268,110262,84,84,35,0,0,5,11,5,6,0,2,0,0,0,0,0,497528,0,4,0,20,514,191066,4803,1,1,22721,17776,981,1136,58,9,85,0,17,107,107,107,4,5,1816888,209,0,130,6,344102,344049,127,18,0,0,4,495675,331013,6,6,220,25,14,0,0,0,101,616421,298,0,82,3,2,6,3,1,4,7,1,3,2,2
1752.25,1662574088630,5.016480158,1,3.4,40.4,0.0,56.2,0.0,0.0,0.0,112,1,64,0,2,520144,74688,353240,719116,7756,98056,56,56,35,0,0,5,7,5,2,1,1,0,0,0,0,21,497025,0,15,0,10,3781,194463,5617,0,1,23832,18525,15164,15660,3340,1006,3344,693,8,115,115,112,7031,2544,1831425,227,28,126,46,351260,351193,137,14,28,35,55,495096,327125,24,40,251,37,42,5,35,1,102,574139,370,0,80,1,0,0,63,0,0,63,1,0,0,1
1757.27,1662574095450,5.016713909,1,19.4,34.1,0.0,46.2,0.0,0.0,0.3,112,1,64,0,2,519664,75144,353264,718648,6021,98835,294,294,35,0,0,5,7,5,2,0,1,0,0,0,0,2,533943,0,5,0,13,2930,221759,5274,0,1,23431,18464,4428,4573,615,157,631,63,9,111,111,114,1610,378,1933945,207,6,131,5,354457,354401,129,15,6,8,17,532015,337479,11,13,220,25,15,0,8,0,107,661001,337,0,82,1,0,0,10,0,0,10,1,0,0,1
1762.29,1662574102232,5.015785588,1,3.0,35.5,0.0,60.9,0.0,0.0,0.6,112,1,64,0,2,520112,74696,353264,719096,5903,99727,84,84,35,0,0,5,7,5,2,0,1,0,0,0,0,2,505628,0,5,0,10,2947,195649,5350,0,1,22771,17805,976,1132,58,9,85,0,9,108,108,110,5,5,1782448,211,0,130,6,348104,348054,127,15,0,0,3,503548,334837,6,6,223,26,15,0,0,0,104,630155,302,0,63,1,0,0,4,0,1,5,1,0,0,1
1767.31,1662574109007,5.016554386,1,1.6,37.9,0.0,60.6,0.0,0.0,0.0,112,1,64,0,2,519872,74964,353236,718840,5734,98434,56,56,35,0,0,5,7,5,2,0,1,0,0,0,0,4,526199,0,5,0,10,2887,222415,5241,0,1,23212,18189,6014,6493,1264,360,1294,63,9,103,103,106,2476,932,1950927,203,11,129,44,346244,346184,123,15,11,13,26,524002,328735,14,18,226,32,26,0,13,0,101,644636,357,0,80,1,0,0,26,0,0,26,1,0,0,1
1772.33,1662574115848,5.016210434,1,19.7,34.7,0.0,44.7,0.0,0.0,1.0,112,1,64,0,2,521068,73768,353236,720036,5852,99991,294,294,35,0,0,5,8,5,3,1,2,0,0,0,0,7,495004,0,5,0,14,2158,191878,5195,2,1,23465,18493,4512,4997,605,156,628,0,11,111,111,113,1614,371,1815232,209,6,130,6,345838,345783,132,17,6,8,17,493062,328739,11,13,221,26,17,0,8,0,107,594004,342,0,87,1,1,0,12,1,4,16,1,2,2,2
1777.35,1662574122621,5.015369090,1,3.4,33.0,0.0,62.2,0.0,0.0,1.4,112,1,64,0,2,520380,74456,353236,719348,6076,98917,56,56,35,0,0,8,10,8,2,0,1,0,0,0,0,1,503784,0,10,0,13,581,193279,5338,0,1,22656,17722,989,1152,59,10,86,0,9,106,106,112,5,5,1749625,209,0,131,6,348145,348100,126,16,0,0,3,501778,335116,6,6,228,26,14,0,0,0,102,625706,302,0,71,1,0,0,3,0,2,5,1,0,0,1
1782.37,1662574129437,5.016636218,1,3.0,36.4,0.0,60.3,0.0,0.0,0.3,112,1,64,0,2,519876,74960,353236,718840,5861,99347,84,84,35,0,0,5,8,5,3,0,1,0,0,0,0,6,494025,0,5,1,14,2887,195538,5471,0,1,23208,18187,6046,6200,1272,171,1288,63,11,103,103,107,2481,932,1808885,201,12,129,44,341328,341270,123,18,11,13,26,491642,323766,14,18,224,34,26,0,13,0,99,580367,328,0,79,1,0,0,29,0,1,30,1,0,0,1
1787.41,1662574136244,5.041769894,1,5.7,35.7,0.0,58.3,0.0,0.0,0.3,111,1,63,0,2,519536,75292,353244,718512,5685,97905,294,294,35,0,0,5,7,5,2,0,1,0,0,0,0,4,527742,0,4,0,12,2937,217274,5456,0,1,23505,18498,5849,5721,1046,166,827,126,123,109,109,111,2384,747,1910587,205,9,132,17,354506,354445,191,16,9,10,22,525460,336147,13,15,284,27,41,0,11,0,106,643936,484,0,128,1,0,0,13,0,0,13,1,0,0,1
1792.42,1662574143122,5.013999895,1,4.7,33.5,0.0,61.8,0.0,0.0,0.0,112,1,64,0,2,520712,74144,353216,719676,11846,171054,112,112,35,0,0,7,16,5,9,0,2,0,0,0,0,13,565487,0,15,0,26,3349,244095,5679,0,1,23820,18879,11620,11638,2597,711,2250,378,23,118,118,115,5291,1997,2104571,233,21,130,18,368114,368068,140,18,21,28,44,564837,346832,19,30,255,31,39,5,21,1,105,683485,387,0,93,1,1,7,41,0,0,41,1,1,0,2
1797.44,1662574153488,5.016460605,1,4.3,30.6,0.0,64.8,0.0,0.0,0.4,112,1,64,0,2,520104,74760,353208,719060,5901,99928,294,294,35,0,0,8,12,8,3,2,2,0,0,0,0,10,504068,0,6,0,14,2842,194714,5263,2,1,23181,18221,2376,2535,220,17,241,63,11,111,111,113,706,124,1838252,209,2,131,5,350430,350388,132,18,2,3,8,502177,335148,7,8,222,22,14,0,3,0,107,609772,329,0,78,1,1,0,5,1,6,11,1,2,2,2
1802.46,1662574160269,5.016229933,1,1.7,27.6,0.0,70.1,0.0,0.0,0.7,112,1,64,0,2,520776,74092,353204,719728,5716,98719,84,84,35,0,0,5,7,5,2,0,1,0,0,0,0,9,497883,0,4,0,10,1526,197791,5329,0,1,23240,18214,5961,6090,1188,293,1211,126,8,105,105,107,2100,824,1835469,207,10,129,46,341584,341503,123,14,8,12,21,495433,324260,12,16,231,38,30,0,9,0,103,601802,333,0,80,1,0,0,27,0,1,28,1,0,0,1
1807.48,1662574167060,5.016505714,1,5.0,27.5,0.0,67.1,0.0,0.0,0.3,112,1,64,0,2,520444,74416,353212,719404,5941,99555,56,56,35,0,0,5,7,5,2,0,1,0,0,0,0,7,515715,0,4,0,10,2937,213756,5351,0,1,23155,18136,5835,5996,1256,235,1280,189,9,104,104,107,2465,930,1867668,203,11,129,44,344493,344436,123,16,11,13,26,513786,327280,14,18,225,27,25,0,13,0,101,630995,328,0,78,1,0,0,26,0,0,26,1,0,0,1
1812.5,1662574173838,5.015935619,1,1.8,33.5,0.0,63.1,0.0,0.0,1.5,112,1,64,0,2,520744,74120,353208,719704,5717,98835,294,294,35,0,0,5,7,5,2,0,1,0,0,0,0,1,496082,0,5,1,12,2916,194447,5140,0,1,23157,18203,2364,2516,223,79,247,0,8,111,111,112,704,132,1735149,209,2,131,5,344819,344794,128,13,2,3,8,494294,329622,7,8,219,22,14,0,3,0,107,614159,308,0,74,1,0,0,4,0,0,4,1,0,0,1
1817.52,1662574180581,5.016251713,1,4.4,33.5,0.0,61.8,0.0,0.0,0.3,112,1,64,0,2,520948,73912,353212,719912,5883,99945,56,56,35,0,0,5,7,5,2,0,1,0,0,0,0,8,542609,0,4,0,12,2849,241277,5519,0,1,23144,18132,4892,5551,1009,97,1140,63,9,103,103,105,1812,742,2036216,203,8,129,45,345454,345380,127,15,8,11,21,540259,329010,12,16,228,36,28,0,9,0,101,683989,330,0,80,1,0,0,25,0,0,25,1,0,0,1
1822.54,1662574187381,5.015933125,1,2.3,32.7,0.0,63.4,0.0,0.0,1.6,112,1,64,0,2,520712,74148,353212,719676,5809,97467,84,84,35,0,0,5,11,5,6,0,2,0,0,0,0,6,525592,0,6,0,18,2862,217692,5464,0,1,22932,17956,5845,6013,1258,424,1286,0,16,104,104,107,2456,942,1943504,203,11,128,44,350551,350497,123,15,11,13,26,523592,333463,14,18,227,25,26,0,13,0,101,646810,337,0,85,1,1,7,28,1,4,32,1,1,0,2
1827.56,1662574194205,5.017271450,1,2.2,37.5,0.0,60.4,0.0,0.0,0.0,112,1,64,0,2,520664,74204,353204,719620,8112,102364,294,294,35,0,0,8,10,8,2,0,1,0,0,0,0,18,513492,0,21,0,11,3847,208807,5663,0,1,24460,19060,11544,12036,2281,720,2301,441,9,125,125,128,5305,1753,1903945,237,20,130,7,351997,351929,140,15,19,25,37,511515,329623,17,30,255,28,31,5,25,1,111,597633,389,0,73,1,0,0,39,0,3,42,1,0,0,1
1832.58,1662574201001,5.015781310,1,2.6,31.9,0.0,64.5,0.0,0.0,1.0,112,2,64,0,2,520564,74304,353204,719520,6000,97563,56,56,35,0,0,5,7,5,2,2,1,0,0,0,0,8,543465,0,4,0,10,622,240459,5572,0,1,23309,18104,4496,4554,975,169,964,126,140,104,104,108,1720,725,2037783,205,9,132,45,344671,344621,201,15,9,8,19,541665,328024,11,15,374,38,135,0,10,0,102,682191,498,0,131,1,0,0,22,0,0,22,1,0,0,1
1837.6,1662574207844,5.017215727,1,4.3,33.2,0.0,62.1,0.0,0.0,0.3,112,1,64,0,2,521044,73820,353208,720004,5505,98304,84,84,35,0,0,5,7,5,2,0,1,0,0,0,0,13,494932,0,4,0,11,573,192821,5273,0,1,23185,18165,6009,6495,1271,361,1307,0,9,103,103,102,2478,945,1803014,201,11,129,44,343859,343796,122,16,11,13,26,493255,326508,14,18,222,31,24,0,13,0,98,598968,321,0,76,1,0,0,29,0,0,29,1,0,0,1
1842.62,1662574214631,5.016870213,1,2.2,33.7,0.0,63.8,0.0,0.0,0.3,112,1,64,0,2,519908,74948,353216,718876,5758,99096,266,266,35,0,0,5,7,5,2,0,1,0,0,0,0,8,536444,0,3,0,11,521,228828,5216,0,1,23094,18140,2355,2511,228,79,249,0,9,109,109,110,737,132,1956211,207,2,130,5,347719,347667,125,16,2,3,7,534427,332483,7,8,218,21,14,0,3,0,106,690518,319,0,70,1,0,0,4,0,0,4,1,0,0,1
1847.64,1662574222015,5.016558864,1,3.4,42.4,0.0,53.9,0.0,0.0,0.3,112,1,64,0,2,520640,74224,353208,719600,5897,99777,84,84,35,0,0,5,11,5,6,0,2,0,0,0,0,1,562051,0,6,0,20,2879,250671,5330,0,1,22783,17842,1163,1325,73,9,100,0,17,108,108,110,5,12,2103016,211,0,130,6,349423,349378,133,18,0,0,3,559898,336179,6,6,227,33,15,0,0,0,104,729044,323,0,83,1,1,7,3,1,4,7,1,1,0,2
1852.66,1662574228854,5.017944376,1,5.1,33.1,0.0,60.8,0.0,0.0,0.9,112,1,64,0,2,520592,74272,353208,719552,5637,98434,56,56,35,0,0,8,10,8,2,0,1,0,0,0,0,9,482758,0,4,0,11,1277,187627,5426,0,1,23142,18130,6025,6178,1265,234,1287,189,8,103,102,104,2459,931,1731942,201,11,129,44,337249,337194,120,13,11,13,25,480806,319803,14,18,224,32,26,0,13,0,100,584394,335,0,77,1,0,0,28,0,2,30,1,0,0,1
1857.68,1662574235665,5.016340800,1,21.1,36.8,0.0,41.5,0.0,0.0,0.6,112,1,64,0,2,520728,74128,353216,719696,6208,100252,294,294,35,0,0,5,7,5,2,0,1,0,0,0,0,4,523959,0,5,0,11,2870,215829,5296,0,1,23229,18250,2444,2983,229,80,255,0,9,112,112,116,740,131,1884210,209,3,130,6,348116,348069,126,15,2,3,8,521826,332703,7,8,222,27,16,0,3,0,108,653308,339,0,77,1,0,0,5,0,0,5,1,0,0,1
1862.7,1662574242472,5.016264241,1,2.8,27.6,0.0,69.3,0.0,0.0,0.3,111,1,63,0,2,520900,73964,353208,719860,5696,98606,84,84,35,0,0,5,7,5,2,0,1,0,0,0,0,1,498217,0,4,0,10,557,190852,5098,0,1,22682,17763,1152,1618,73,10,99,0,8,105,105,107,7,5,1727695,207,0,130,6,345096,345057,127,14,0,0,3,496046,331855,6,6,219,33,14,0,0,0,102,632308,287,0,66,1,0,0,3,0,0,3,1,0,0,1
1867.71,1662574249225,5.012779331,1,3.5,32.0,0.0,63.0,0.0,0.0,1.4,113,1,64,0,2,520784,74072,353216,719752,13849,208231,350,350,35,0,0,0,4,0,4,1,1,0,0,0,0,15,543014,0,15,0,14,3394,220615,5648,0,0,23979,19162,7860,8496,1518,496,1408,252,13,125,125,123,3409,1171,1958775,239,12,131,7,369137,369109,139,13,12,22,23,542679,349309,13,18,253,28,31,5,10,1,112,673821,354,0,78,1,1,6,22,0,0,22,1,1,0,2
1872.73,1662574261935,5.015588267,1,5.8,33.1,0.0,61.2,0.0,0.0,0.0,113,1,64,0,2,521288,73568,353216,720252,5858,98786,84,84,35,0,0,8,11,8,3,1,2,0,0,0,0,4,569891,0,7,0,14,568,248102,5364,2,1,23117,18126,2305,2713,224,13,332,0,51,109,109,110,278,100,2112192,213,1,131,6,360431,360379,148,18,1,4,9,567582,345920,9,10,249,33,30,0,1,0,102,732400,372,0,93,1,1,0,9,0,4,13,1,2,2,2
1877.75,1662574268774,5.015889569,1,2.7,36.7,0.0,60.3,0.0,0.0,0.3,113,1,64,0,2,520980,73876,353216,719948,5890,98304,56,56,35,0,0,5,7,5,2,6,1,0,0,0,0,12,507667,0,9,0,11,835,208688,5519,0,1,23285,18251,6533,6689,1425,369,1436,126,9,102,102,108,2710,1012,1868961,199,15,129,44,342605,342536,121,16,15,17,29,505547,324704,14,22,234,32,31,0,17,0,99,612340,356,0,80,1,0,0,27,0,0,27,1,0,0,1
1882.78,1662574275556,5.030060066,1,21.5,33.9,0.0,44.0,0.0,0.0,0.6,113,1,64,0,2,520452,74412,353208,719412,6197,99287,294,294,35,0,0,5,7,5,2,0,1,0,0,0,0,6,524328,0,7,0,11,2872,216704,5354,0,1,23095,18147,2412,2862,223,80,245,0,9,111,111,115,736,130,1879703,207,2,130,4,348250,348187,124,16,2,3,8,522256,333111,7,8,217,18,13,0,3,0,105,653394,330,0,74,1,0,0,4,0,0,4,1,0,0,1
1887.8,1662574282349,5.016111083,1,1.1,26.1,0.0,72.5,0.0,0.0,0.4,113,1,64,0,2,520280,74580,353212,719244,5748,99649,84,84,35,0,0,5,7,5,2,0,1,0,0,0,0,5,504278,0,4,0,11,2421,201071,5204,0,1,22748,17816,1152,1308,73,10,99,0,9,105,105,107,4,5,1778907,206,1,130,6,341505,341461,129,16,0,0,3,502233,328201,6,6,219,33,14,0,0,0,102,639266,310,0,72,1,0,0,3,0,1,4,1,0,0,1
1892.82,1662574289192,5.015866297,1,2.6,33.3,0.0,64.1,0.0,0.0,0.0,113,1,64,0,2,521200,73656,353216,720164,5631,99605,56,56,35,0,0,7,16,5,9,0,2,0,0,0,0,7,531837,0,5,0,26,2893,225069,5566,0,1,23250,18223,6032,6549,1260,299,1292,126,22,104,104,105,2468,937,1959136,205,11,129,44,348597,348532,124,16,11,14,26,529603,331127,14,18,228,32,25,0,14,0,100,646661,364,0,90,1,1,7,29,0,0,29,1,1,0,2
1897.84,1662574296021,5.022104316,1,15.5,33.2,0.0,49.8,0.0,0.0,1.4,114,2,64,0,2,521396,73456,353220,720364,6007,100069,294,294,35,0,0,5,7,5,2,0,1,0,0,0,0,11,541132,0,5,0,11,2865,226971,5150,0,1,23146,18193,2447,2921,228,17,257,0,9,112,112,114,747,132,1967584,211,2,130,6,354349,354290,126,16,2,3,7,538815,338904,7,8,222,25,17,0,3,0,109,681675,313,0,77,1,0,0,5,1,4,9,1,1,1,2
1902.86,1662574302908,5.016810461,1,4.1,39.5,0.0,55.8,0.0,0.0,0.7,113,2,64,0,2,521092,73752,353228,720068,8039,101094,56,56,35,0,0,8,12,8,3,5,2,0,0,0,0,27,548079,0,20,0,13,2450,238049,5761,3,1,23979,18607,10165,10719,2135,466,2172,504,10,120,120,122,4566,1656,2046300,237,17,130,8,355086,355018,144,15,17,22,33,545933,334850,16,28,256,32,31,5,22,1,107,684789,358,0,80,1,1,0,41,0,2,43,1,1,1,2
1907.88,1662574309777,5.017327595,1,3.6,31.9,0.0,64.5,0.0,0.0,0.0,113,1,64,0,2,521256,73596,353220,720224,5505,98304,84,84,35,0,0,5,7,5,2,0,1,0,0,0,0,6,532592,0,4,0,11,2868,231639,5563,0,1,22953,17980,6029,6181,1273,234,1297,63,9,101,101,102,2472,928,1982125,197,11,128,44,342703,342638,120,16,11,13,26,530397,325378,14,18,220,31,24,0,13,0,98,661771,319,0,76,1,0,0,30,0,0,30,1,0,0,1
1912.9,1662574316644,5.016355992,1,5.2,34.8,0.0,59.4,0.0,0.0,0.6,112,1,64,0,2,520240,74608,353224,719212,5893,99209,266,266,35,0,0,5,7,5,2,0,1,0,0,0,0,7,525726,0,3,0,12,527,223291,5210,0,1,23031,18086,3686,3971,718,88,429,0,9,110,110,111,1558,534,1929140,209,5,129,17,343214,343163,125,16,5,6,13,523649,326688,8,9,229,26,29,0,6,0,108,637306,337,0,79,1,0,0,5,0,0,5,1,0,0,1
1917.92,1662574323477,5.016144434,1,3.8,39.5,0.0,56.4,0.0,0.0,0.3,112,1,64,0,2,520744,74112,353216,719708,5828,98656,84,84,35,0,0,5,7,5,2,0,1,0,0,0,0,3,485826,0,6,0,11,2854,189703,4898,0,1,22615,17690,979,1486,59,10,86,0,9,107,107,108,5,5,1775439,207,0,130,6,338318,338275,125,16,0,0,4,484127,325201,6,6,224,25,15,0,0,0,102,599868,299,0,72,1,0,0,4,0,1,5,0,0,0,0
1922.93,1662574330263,5.013991801,1,3.2,42.5,0.0,53.9,0.0,0.0,0.3,112,1,64,0,2,520436,74420,353216,719400,5453,98304,84,84,35,0,0,5,11,5,6,4,2,0,0,0,0,9,533928,0,5,0,20,916,230333,5624,0,1,23282,18235,6526,6696,1413,242,1449,126,17,102,102,102,2716,1024,1986851,199,15,129,44,346075,346012,127,18,15,17,29,531701,328204,14,22,230,32,30,0,17,0,97,643466,368,0,100,1,1,7,28,1,4,32,1,2,1,2
1927.95,1662574337085,5.016214075,1,1.3,35.3,0.0,62.7,0.0,0.0,0.7,112,1,64,0,2,520208,74636,353228,719184,5748,98792,266,266,35,0,0,5,7,5,2,0,1,0,0,0,0,9,526222,0,4,0,10,2637,226502,5333,0,1,23253,18244,5354,5854,1037,291,1062,63,8,108,108,111,2344,800,1949222,204,9,132,45,342016,341957,122,13,9,11,21,524140,324187,11,15,227,27,29,0,11,0,106,657278,352,0,75,1,0,0,22,0,0,22,1,0,0,1
1932.97,1662574343941,5.016993134,1,5.8,30.1,0.0,63.7,0.0,0.0,0.3,112,1,64,0,2,520696,74148,353228,719672,6282,99649,84,84,35,0,0,8,10,8,2,0,1,0,0,0,0,0,499523,0,9,0,9,2917,192424,5374,0,1,22710,17767,990,1460,60,11,86,0,9,107,106,114,5,5,1762138,207,0,130,6,344830,344783,125,15,0,0,4,497360,331653,6,6,226,28,14,0,0,0,103,617325,326,0,70,1,0,0,2,0,2,4,1,0,0,1
1937.99,1662574350778,5.015525963,1,3.6,25.0,0.0,71.4,0.0,0.0,0.0,111,1,63,0,2,520676,74172,353224,719644,11057,103104,8955,8955,35,0,0,5,7,5,2,0,1,0,0,0,0,10,505441,0,12,0,11,2893,208454,5690,0,1,23157,18175,6731,6884,1477,177,1477,252,9,144,145,145,2852,1108,1845971,232,13,129,46,342721,342661,142,15,12,14,27,503255,324615,15,19,260,36,49,11,14,2,134,611290,379,0,86,1,0,0,29,0,0,29,1,0,0,1
1943,1662574357533,5.012966825,1,3.6,31.1,0.0,62.2,0.0,0.0,3.0,112,1,64,0,2,521988,72852,353232,720968,14276,201632,350,350,35,0,0,0,5,0,5,0,1,0,0,0,0,20,551583,0,15,0,16,3373,230035,5740,0,0,23715,18923,9669,9920,1981,267,1914,315,15,121,121,118,4009,1480,2007303,239,14,130,8,367837,367799,139,13,14,26,37,551366,348368,18,28,257,33,32,5,18,1,108,679767,359,0,79,1,1,7,30,0,0,30,1,1,0,2
1948.02,1662574369480,5.015147380,1,3.1,28.7,0.0,68.2,0.0,0.0,0.0,112,1,64,0,2,520576,74272,353224,719548,5608,97261,84,84,35,0,0,5,9,5,4,4,2,0,0,0,0,7,528424,0,5,0,16,2889,227038,5234,2,1,23132,18123,6052,6245,1260,423,1292,252,12,102,102,104,2463,947,1950722,199,11,129,44,344355,344301,125,15,11,10,26,526536,326947,14,18,224,32,27,0,13,0,99,661051,347,0,89,1,1,0,31,0,3,34,1,1,1,2
1953.19,1662574376246,5.170807199,1,4.1,31.5,0.0,62.7,0.0,0.0,1.6,112,1,64,0,2,520428,74420,353224,719404,6624,106510,294,294,35,0,0,8,10,8,2,0,1,0,0,0,0,8,527557,0,4,0,11,2967,215951,5339,0,1,23740,18649,3692,3956,672,151,426,63,9,110,110,114,1524,510,1915043,207,5,133,17,354256,354207,129,16,5,5,13,525507,337404,8,9,227,28,26,0,6,0,108,656474,336,0,81,1,0,0,6,0,2,8,1,0,0,1
1958.21,1662574383454,5.017172576,1,2.0,30.3,0.0,67.4,0.0,0.0,0.3,112,1,64,0,2,520892,73964,353216,719860,5794,99649,84,84,35,0,0,5,7,5,2,0,1,0,0,0,0,5,493210,0,5,0,11,546,193447,5289,0,1,22977,18028,3035,3184,445,150,471,126,9,106,106,109,870,259,1737522,207,4,130,6,340007,339960,125,16,4,5,13,491266,325163,10,11,224,27,15,0,5,0,103,625394,320,0,76,1,0,0,9,0,0,9,1,0,0,1
1963.23,1662574390216,5.016023527,1,4.4,29.7,0.0,64.7,0.0,0.0,1.3,113,1,64,0,2,520964,73880,353228,719944,5493,98198,84,84,35,0,0,5,7,5,2,4,1,0,0,0,0,18,492678,0,7,1,10,3088,194276,5605,0,1,23674,18411,6733,7224,1429,441,1451,63,122,102,102,105,2703,1032,1785019,199,15,132,44,344113,344049,191,14,15,18,29,490624,325333,17,25,383,33,157,0,20,0,97,586397,510,0,134,1,0,0,25,0,0,25,1,0,0,1
1968.24,1662574397029,5.014825781,1,3.1,26.5,0.0,70.1,0.0,0.0,0.3,113,1,64,0,2,521404,73440,353228,720384,5834,97905,266,266,35,0,0,5,11,5,6,0,2,0,0,0,0,7,497070,0,7,0,22,2924,197578,5392,0,1,23434,18399,5374,5546,1039,102,1066,63,17,110,110,113,2329,800,1765704,209,9,129,45,344579,344523,132,17,9,11,20,495179,326698,11,15,234,27,29,0,11,0,105,608933,366,0,95,1,1,7,24,1,4,28,1,1,0,2
1973.26,1662574403821,5.015336769,1,3.2,32.6,0.0,63.9,0.0,0.0,0.4,113,1,64,0,2,521412,73436,353224,720384,5748,99649,84,84,35,0,0,5,7,5,2,0,1,0,0,0,0,9,495887,0,5,0,10,2786,189533,5128,0,1,23045,18078,3040,3523,439,24,471,0,9,106,106,109,874,248,1774192,207,4,130,6,346527,346482,125,15,4,5,13,494263,331564,10,11,223,27,15,0,5,0,104,619650,308,0,72,1,0,0,9,0,0,9,1,1,1,2
1978.28,1662574410612,5.024968350,1,1.5,35.1,0.0,63.4,0.0,0.0,0.0,113,1,64,0,2,520720,74120,353232,719700,7698,101261,56,56,35,0,0,8,10,8,2,1,1,0,0,0,0,18,500136,0,15,0,10,1550,200909,5728,0,1,24596,19118,15214,15736,3321,999,3361,693,9,118,118,114,7058,2556,1847159,233,28,130,46,349107,349031,138,16,28,35,55,498136,324403,24,40,259,38,43,5,35,1,104,561962,385,0,81,1,0,0,64,0,2,66,1,0,0,1
1983.3,1662574417411,5.016555200,1,3.2,31.5,0.0,65.3,0.0,0.0,0.0,113,1,64,0,2,520720,74120,353232,719700,6191,99026,294,294,35,0,0,5,7,5,2,0,1,0,0,0,0,9,496077,0,9,0,11,2922,193280,5326,0,1,23386,18354,5365,5529,1049,291,1074,0,9,112,112,117,2335,798,1754610,209,9,129,45,345830,345774,130,16,9,11,21,494228,327997,11,15,236,27,30,0,11,0,108,599060,351,0,83,1,0,0,23,0,0,23,1,0,0,1
1988.32,1662574424246,5.016098072,1,5.5,29.1,0.0,64.7,0.0,0.0,0.7,113,1,64,0,2,520468,74372,353232,719448,5777,99699,84,84,35,0,0,5,7,5,2,0,1,0,0,0,0,4,458854,0,6,0,10,988,149933,5125,0,1,23031,18072,3046,3199,450,87,475,0,9,108,108,110,879,265,1592172,211,5,130,6,347405,347364,127,16,4,5,12,457292,332547,10,11,229,26,15,0,5,0,103,559326,314,0,69,1,0,0,10,0,0,10,1,0,0,1
1993.34,1662574431031,5.017208586,1,2.2,33.2,0.0,63.9,0.0,0.0,0.7,113,2,64,0,2,520940,73900,353232,719920,5529,97363,56,56,35,0,0,5,10,5,5,6,2,0,0,0,0,8,499709,0,6,0,18,644,192458,5468,0,1,23273,18241,6501,6856,1404,368,1418,126,15,102,102,104,2708,994,1826455,201,15,130,44,350035,349974,124,18,15,13,29,497759,332135,14,22,224,32,24,0,17,0,99,586602,338,0,92,1,1,6,24,1,4,28,1,1,0,2
1998.36,1662574437767,5.016879113,1,1.7,31.0,0.0,67.0,0.0,0.0,0.3,113,1,64,0,2,520232,74608,353232,719216,5644,93881,294,294,35,0,0,5,7,5,2,0,1,0,0,0,0,12,534300,0,5,0,11,2739,232400,5217,0,1,22251,17476,5528,6055,1063,290,1087,0,9,105,105,108,2346,804,1987895,197,9,124,45,342979,342924,120,15,9,11,21,532299,325530,11,15,220,34,29,0,11,0,102,669243,322,0,73,1,0,0,21,0,0,21,1,1,1,2
2003.38,1662574444566,5.016599483,1,2.6,33.4,0.0,64.0,0.0,0.0,0.0,113,1,64,0,2,520688,74152,353232,719672,6006,98762,84,84,35,0,0,8,10,8,2,0,1,0,0,0,0,2,563225,0,4,0,11,564,248386,5493,0,1,22905,17976,3048,3195,450,87,470,0,9,106,106,108,876,258,2112004,209,4,130,6,354270,354219,130,15,4,5,12,561197,339524,10,11,224,27,17,0,5,0,104,722005,321,0,74,1,0,0,9,0,3,12,1,0,0,1
2008.4,1662574451949,5.015668505,1,3.8,35.5,0.0,60.7,0.0,0.0,0.0,113,1,64,0,2,520624,74224,353224,719600,5551,98354,84,84,35,0,0,5,7,5,2,0,1,0,0,0,0,7,500659,0,6,0,11,683,198508,5377,0,1,23231,18107,3285,3743,464,94,477,0,117,104,104,106,881,250,1843580,203,4,132,5,342545,342496,186,16,4,5,13,498731,327087,12,13,355,31,127,0,6,0,100,613194,442,0,121,1,0,0,7,0,0,7,1,0,0,1
2013.42,1662574458723,5.015353928,1,4.8,26.6,0.0,68.3,0.0,0.0,0.3,111,1,62,0,2,520396,74444,353232,719380,5692,97635,56,56,35,0,0,5,7,5,2,0,1,0,0,0,0,9,524127,0,4,0,10,2853,218662,5190,0,1,22903,17901,4037,4560,888,409,917,189,8,102,102,104,1639,686,1910758,201,7,129,45,345660,345610,124,14,7,8,16,522067,329846,10,13,223,34,25,0,8,0,99,660131,316,0,79,1,0,0,21,0,0,21,1,0,0,1
2018.43,1662574465479,5.013422389,1,2.3,28.2,0.0,69.1,0.0,0.0,0.3,113,1,64,0,2,520640,74196,353236,719624,15120,229107,168,168,35,0,0,0,0,0,0,1,0,0,0,0,0,13,512871,0,16,0,5,3435,199472,5597,0,0,23867,19052,9806,9900,1992,582,1928,504,5,122,122,119,4024,1493,1828841,239,14,131,7,359579,359557,141,11,14,26,36,512544,339902,18,25,256,35,30,5,18,1,108,616140,355,0,67,1,0,0,32,0,0,32,1,1,1,2
2023.44,1662574478773,5.014706910,1,5.8,26.8,0.0,67.5,0.0,0.0,0.0,113,1,64,0,2,520312,74532,353228,719288,5830,98678,56,56,35,0,0,11,13,11,2,0,1,0,0,0,0,9,531660,0,7,0,12,2909,220455,5290,0,1,23022,17990,4049,4215,886,221,913,126,9,103,103,108,1640,690,1943030,203,7,129,45,353450,353402,123,15,7,8,16,529888,337640,10,13,228,34,25,0,8,0,101,666174,314,0,78,1,0,0,21,0,3,24,1,0,0,1
2028.46,1662574485526,5.016245337,1,22.8,33.6,0.0,42.6,0.0,0.0,0.9,113,1,64,0,2,519924,74920,353228,718900,6051,100440,84,84,35,0,0,8,10,8,2,0,1,0,0,0,0,0,505334,0,8,0,12,2876,194973,5084,0,1,22697,17750,875,1379,51,10,78,0,9,105,105,110,4,5,1802294,205,0,131,5,348318,348276,124,16,0,0,4,503238,335250,6,6,218,24,10,0,0,0,100,627419,297,0,64,1,0,0,2,0,3,5,1,0,0,1
2033.48,1662574492358,5.016613566,1,5.1,36.0,0.0,58.9,0.0,0.0,0.0,113,1,64,0,2,520656,74180,353236,719640,5942,99425,84,84,35,0,0,5,7,5,2,0,1,0,0,0,0,3,505613,0,10,0,11,2948,193898,5382,0,1,23033,18078,3117,3267,453,86,476,0,9,104,104,111,877,260,1766603,203,4,130,5,352378,352328,127,16,4,5,12,503528,337500,10,11,221,30,12,0,5,0,101,624943,342,0,78,1,0,0,11,0,0,11,1,0,0,1
2038.5,1662574499110,5.017976316,1,1.0,34.3,0.0,64.7,0.0,0.0,0.0,113,1,64,0,2,521048,73792,353232,720028,5680,99460,56,56,35,0,0,5,7,5,2,0,1,0,0,0,0,7,499456,0,5,0,11,601,192213,5415,0,1,22954,17935,4041,4537,881,347,903,63,9,103,103,106,1639,680,1820808,201,7,129,45,347967,347918,122,16,7,8,16,497465,332157,10,13,225,34,26,0,8,0,100,603974,320,0,79,1,0,0,22,0,0,22,1,0,0,1
2043.52,1662574505862,5.015816912,1,22.2,32.4,0.0,45.4,0.0,0.0,0.0,113,1,64,0,2,520860,73976,353236,719840,5695,99347,84,84,35,0,0,5,7,5,2,0,1,0,0,0,0,2,563773,0,7,0,11,2856,249026,5320,0,1,22618,17688,861,1378,51,10,78,0,9,103,103,108,4,5,2098590,201,1,130,5,353518,353481,122,16,0,0,4,562116,340569,6,6,216,22,10,0,0,0,100,718946,316,0,69,1,0,0,3,1,4,7,1,9,9,2
2048.54,1662574512680,5.016822062,1,6.1,39.7,0.0,53.0,0.0,0.0,1.2,113,1,64,0,2,521412,73416,353244,720400,5661,98565,56,56,35,0,0,5,7,5,2,0,1,0,0,0,0,8,520263,0,4,0,11,2857,207953,5018,0,1,22823,17894,2920,3070,434,86,465,0,9,102,102,104,877,274,1859283,201,4,130,5,350378,350324,122,15,4,5,12,517987,335675,10,11,213,23,11,0,5,0,99,657256,304,0,74,1,0,0,10,0,1,11,1,0,0,1
2053.56,1662574519532,5.016172331,1,6.9,30.4,0.0,62.7,0.0,0.0,0.0,113,1,64,0,2,520624,74208,353240,719608,8206,101037,84,84,35,0,0,8,11,8,3,7,2,0,0,0,0,29,503113,0,17,0,13,3310,207598,5879,2,1,24362,18898,13735,14256,3082,617,3105,378,11,120,120,120,6428,2380,1833222,235,28,129,47,344385,344301,145,17,28,34,51,501082,320893,20,39,270,42,49,5,34,1,105,580366,384,0,95,1,1,0,58,0,2,60,1,1,1,2
2058.58,1662574526318,5.015993274,1,4.1,32.2,0.0,63.1,0.0,0.0,0.6,113,1,64,0,2,519616,75204,353252,718612,5910,104823,84,84,35,0,0,5,7,5,2,0,1,0,0,0,0,5,496687,0,4,0,10,2353,189323,5239,0,1,22556,17620,2090,2211,473,270,246,0,8,101,101,102,765,360,1760955,197,3,129,16,345662,345615,118,14,3,1,9,494812,331421,7,7,216,23,20,0,3,0,98,612417,285,0,66,1,0,0,4,0,0,4,1,0,0,1
2063.6,1662574533457,5.018113257,1,2.0,31.3,0.0,66.3,0.0,0.0,0.3,113,1,64,0,2,521272,73552,353248,720264,6056,100164,294,294,35,0,0,5,7,5,2,0,1,0,0,0,0,10,546704,0,5,0,10,2895,241962,5426,0,1,23406,18447,4439,4548,604,157,632,252,9,112,112,114,1564,373,2043249,211,6,130,5,349596,349540,128,16,6,6,17,544515,332507,11,13,226,23,17,0,8,0,110,695433,320,0,74,1,0,0,10,0,0,10,1,0,0,1
2068.62,1662574540297,5.017520870,1,4.5,38.5,0.0,55.8,0.0,0.0,1.2,113,1,64,0,2,520624,74208,353240,719608,5779,98719,84,84,35,0,0,5,7,5,2,0,1,0,0,0,0,6,539701,0,5,0,10,768,230949,5377,0,1,22851,17875,4143,4314,890,158,916,63,9,106,106,108,1602,679,1994691,207,7,129,46,348905,348849,129,16,7,8,16,537699,333101,10,13,233,38,29,0,8,0,102,674350,340,0,81,1,0,0,22,1,4,26,1,1,1,2
2073.64,1662574547080,5.016771556,1,4.5,36.4,0.0,59.1,0.0,0.0,0.0,113,1,64,0,2,520672,74152,353248,719664,5557,98304,56,56,35,0,0,5,7,5,2,0,1,0,0,0,0,3,533747,0,4,0,10,570,232893,5243,0,1,22582,17634,3773,3945,864,346,897,189,9,101,101,103,1607,691,1997420,199,7,129,44,340530,340479,121,16,7,8,16,531716,325206,10,13,220,24,23,0,8,0,98,676925,325,0,69,1,0,0,22,0,0,22,1,0,0,1
2078.66,1662574553901,5.016844058,1,1.3,42.5,0.0,55.2,0.0,0.0,1.0,112,1,64,0,2,520404,74420,353248,719396,6119,99928,294,294,35,0,0,5,7,5,2,0,1,0,0,0,0,3,501947,0,6,0,9,2909,193029,5377,0,1,23467,18492,4431,4942,605,157,644,0,9,111,111,115,1577,396,1787851,209,6,131,5,350809,350760,126,16,6,9,17,499866,333676,11,13,223,25,15,0,8,0,106,607587,344,0,73,1,0,0,12,0,1,13,1,0,0,1
2083.68,1662574560696,5.015634801,1,4.1,40.8,0.0,55.0,0.0,0.0,0.0,112,1,64,0,2,520412,74412,353248,719404,6061,97937,56,56,35,0,0,8,10,8,2,0,1,0,0,0,0,6,532159,0,9,0,9,2655,226690,5459,0,1,22977,17964,4083,4280,897,411,922,189,8,105,105,112,1604,681,1969908,207,7,130,45,345930,345867,127,13,7,8,16,529982,330143,10,13,236,35,27,0,8,0,102,660320,338,0,72,1,0,0,23,0,2,25,1,0,0,1
2088.7,1662574567494,5.016127717,1,5.4,31.6,0.0,62.9,0.0,0.0,0.0,111,1,63,0,2,521152,73672,353248,720144,5637,97261,84,84,35,0,0,5,7,5,2,0,1,0,0,0,0,3,489724,0,9,0,10,2873,188634,5185,0,1,22449,17535,3767,3935,871,221,898,126,9,101,101,107,1588,679,1738520,197,7,127,44,341759,341711,124,15,7,8,17,487867,326521,10,13,223,24,23,0,8,0,98,601758,313,0,73,1,0,0,20,0,0,20,1,0,0,1
2093.71,1662574574237,5.012737857,1,4.8,31.1,0.0,63.5,0.0,0.0,0.6,112,1,64,0,2,520348,74492,353232,719328,14187,212518,378,378,35,0,0,0,0,0,0,7,0,0,0,0,0,15,553999,0,15,0,5,3501,242971,5822,0,0,24135,19066,11365,11514,2570,918,2498,441,131,119,119,115,4931,2001,2089579,233,21,133,47,359752,359711,210,11,21,33,46,553499,338189,20,36,409,40,159,5,26,1,105,664574,532,0,127,1,0,0,42,0,0,42,1,0,0,1
2098.73,1662574586789,5.020848982,1,1.2,35.8,0.0,62.6,0.0,0.0,0.3,113,1,64,0,2,520836,73996,353240,719824,5707,98615,56,56,35,0,0,5,8,4,3,2,2,0,0,0,0,5,547551,0,5,0,11,2852,242196,5172,2,1,22816,17825,3784,3861,869,222,889,126,10,103,103,106,1595,679,2045268,203,7,130,44,346103,346051,121,13,7,4,16,545480,330621,10,13,222,24,20,0,9,0,101,704965,331,0,76,1,1,0,22,0,0,22,1,1,1,2
2103.75,1662574593593,5.015355286,1,1.7,28.9,0.0,69.3,0.0,0.0,0.0,113,1,64,0,2,520688,74148,353236,719676,5883,99043,294,294,35,0,0,8,10,8,2,0,1,0,0,0,0,7,557381,0,5,0,11,2345,252773,5528,0,1,23303,18364,4459,4613,603,32,630,63,9,111,111,113,1577,383,2105900,209,6,129,5,346535,346487,126,16,6,10,17,555466,329573,11,13,223,23,17,0,9,0,108,695734,350,0,76,1,0,0,11,0,3,14,1,0,0,1
2108.77,1662574600408,5.015548464,1,1.3,39.3,0.0,59.0,0.0,0.0,0.3,113,1,64,0,2,521144,73696,353232,720128,5675,98719,84,84,35,0,0,5,7,5,2,0,1,0,0,0,0,6,539906,0,5,0,10,2148,233339,5505,0,1,22986,17976,4141,4627,896,221,922,126,9,107,107,105,1597,683,2008084,209,7,129,46,347175,347114,129,16,7,8,16,537902,331294,10,13,233,38,29,0,8,0,100,677475,340,0,81,1,0,0,21,0,0,21,1,0,0,1
2113.8,1662574607272,5.033655696,1,4.7,37.6,0.0,57.4,0.0,0.0,0.3,113,1,64,0,2,520420,74412,353240,719412,5349,94132,56,56,35,0,0,5,11,5,6,0,2,0,0,0,0,5,538713,0,4,0,22,2720,231108,5199,0,1,21634,16896,3814,4318,867,347,888,126,17,98,98,100,1600,684,2003902,193,7,123,44,345739,345679,120,18,7,8,17,536356,330836,10,13,216,24,25,0,8,0,96,678678,306,0,85,1,1,7,23,1,4,27,1,2,1,2
2118.82,1662574614132,5.018547505,1,1.6,34.6,0.0,63.4,0.0,0.0,0.3,113,1,64,0,2,520276,74564,353232,719260,5665,98835,294,294,35,0,0,5,7,5,2,0,1,0,0,0,0,9,555886,0,5,0,11,945,243399,5631,0,1,23316,18369,4435,4877,609,93,633,126,9,110,110,111,1583,386,2056889,207,6,129,5,353997,353953,124,16,6,8,17,553875,337065,11,13,218,23,15,0,8,0,106,690948,338,0,76,1,0,0,11,0,0,11,1,0,0,1
2123.84,1662574620941,5.023540691,1,3.4,37.3,0.0,59.0,0.0,0.0,0.3,113,1,64,0,2,520244,74592,353236,719228,5696,99649,56,56,35,0,0,5,9,5,4,9,2,0,0,0,0,13,542546,0,4,0,15,2905,238976,5513,2,1,23125,18094,5853,6316,1288,240,1314,126,13,104,104,106,2413,945,2026934,205,15,129,45,345930,345861,128,15,15,17,27,540195,328810,12,22,232,37,30,0,17,0,102,684531,335,0,86,1,1,0,25,0,1,26,1,1,1,2
2128.86,1662574627757,5.018170222,1,3.7,34.3,0.0,61.7,0.0,0.0,0.3,113,1,64,0,2,521096,73732,353244,720088,8227,101179,84,84,35,0,0,8,10,8,2,1,1,0,0,0,0,12,492685,0,16,0,10,1712,191538,5706,0,1,24158,18728,13125,13656,2959,1241,2981,1197,9,118,118,117,6169,2308,1806164,231,25,129,46,348653,348576,141,15,24,30,47,490543,325844,20,35,259,38,41,5,30,1,105,565673,375,0,78,1,0,0,58,0,2,60,1,0,0,1
2133.88,1662574634570,5.016627687,1,4.7,28.0,0.0,66.2,0.0,0.0,1.0,113,1,64,0,2,520452,74376,353244,719444,6035,100058,294,294,35,0,0,5,7,5,2,6,1,0,0,0,0,8,559449,0,5,0,9,2889,249790,5585,0,1,23439,18476,4920,5067,753,164,774,63,8,111,111,113,1844,460,2089872,211,10,129,5,351802,351748,125,14,10,12,20,557359,334359,11,17,225,22,16,0,12,0,108,687426,341,0,79,1,0,0,11,0,0,11,1,0,0,1
2138.9,1662574642045,5.016143944,1,2.1,31.6,0.0,66.3,0.0,0.0,0.0,113,1,64,0,2,520552,74284,353236,719536,5926,98606,84,84,35,0,0,5,7,5,2,6,1,0,0,0,0,4,514778,0,10,0,11,3005,211269,5554,0,1,23441,18294,3892,4284,613,38,639,0,106,105,105,111,1121,352,1905446,205,8,132,6,345240,345181,177,16,8,5,17,512582,329010,11,16,355,35,127,0,9,0,101,624962,471,0,113,1,0,0,11,1,4,15,1,1,1,2
2143.92,1662574648819,5.017751276,1,3.7,33.9,0.0,61.5,0.0,0.0,0.9,113,1,64,0,2,520924,73912,353236,719908,5747,98565,56,56,35,0,0,5,7,5,2,0,1,0,0,0,0,15,450400,0,6,0,10,1919,155971,5048,0,1,22930,17910,3950,4117,875,347,909,63,9,101,101,106,1602,687,1587027,199,7,130,44,335462,335413,121,16,7,8,16,448857,319732,10,13,222,31,23,0,8,0,100,535176,322,0,75,1,0,0,22,0,0,22,1,0,0,1
2148.94,1662574655649,5.016380562,1,21.2,32.8,0.0,45.0,0.0,0.0,1.0,113,1,64,0,2,520640,74188,353244,719632,12024,103610,10209,10209,35,0,0,5,7,5,2,0,1,0,0,0,0,15,531160,0,23,0,10,1666,225556,5653,0,1,23551,18577,5197,5350,814,162,832,0,9,176,177,177,1991,553,1915069,249,7,130,6,348757,348708,146,16,7,9,20,529249,331034,13,15,262,25,43,33,9,6,152,637213,377,0,74,1,0,0,8,0,0,8,1,0,0,1
2153.96,1662574662538,5.017898677,1,3.0,32.4,0.0,64.2,0.0,0.0,0.3,113,1,64,0,2,520468,74360,353244,719460,5948,98606,84,84,35,0,0,8,10,8,2,0,1,0,0,0,0,5,536465,0,4,0,10,2873,226014,5247,0,1,22706,17776,1162,1318,74,11,100,0,9,105,105,109,6,5,1956338,207,0,129,6,347874,347831,127,13,0,0,3,534380,334608,6,6,221,35,14,0,0,0,103,685951,307,0,72,1,0,0,4,0,2,6,1,0,0,1
2158.98,1662574669369,5.015602502,1,0.7,31.1,0.0,68.2,0.0,0.0,0.0,113,1,64,0,2,520648,74188,353236,719632,5683,98354,56,56,35,0,0,5,7,5,2,0,1,0,0,0,0,4,484879,0,9,0,11,2920,188657,5254,0,1,22917,17917,3966,4129,881,158,908,0,9,102,102,107,1600,692,1744557,201,7,129,44,337253,337198,126,15,7,8,17,482748,321556,10,13,227,31,23,0,8,0,97,586958,320,0,76,1,0,0,22,0,0,22,1,0,0,1
2164,1662574676172,5.016392394,1,2.4,27.7,0.0,69.5,0.0,0.0,0.3,112,1,63,0,2,519852,74972,353248,718848,5841,103120,294,294,35,0,0,5,10,5,5,0,2,0,0,0,0,8,537733,0,4,0,17,714,226789,5402,0,1,23284,18346,5590,5666,860,165,783,0,14,110,110,112,2139,567,1962345,207,9,129,17,353219,353161,124,16,8,8,23,535517,335141,12,14,226,27,27,0,11,0,107,663695,329,0,81,1,1,6,12,1,4,16,1,1,0,2
2169.01,1662574683284,5.012953991,1,3.1,32.8,0.0,64.1,0.0,0.0,0.0,113,1,64,0,2,521160,73664,353248,720156,9559,129781,84,84,35,0,0,5,7,5,2,0,1,0,0,0,0,12,520345,0,15,0,10,3372,201864,5624,0,1,24085,19080,12314,11862,2522,728,2488,567,9,121,121,119,5473,1875,1858877,239,21,131,8,365866,365826,141,15,21,26,41,519504,344457,18,30,257,33,32,5,26,1,108,622641,363,0,73,1,0,0,41,0,0,41,1,0,0,1
2174.04,1662574692070,5.025309194,1,2.9,32.2,0.0,65.0,0.0,0.0,0.0,112,1,64,0,2,520640,74176,353256,719644,5867,99503,84,84,35,0,0,6,9,5,3,1,2,0,0,0,0,0,505489,0,5,1,14,556,193390,5208,2,1,22781,17827,1062,1545,67,73,108,63,11,105,105,107,4,6,1839873,205,0,131,5,350035,349996,130,18,0,1,4,503400,336833,6,6,217,29,12,0,0,0,102,624019,319,0,80,1,1,0,4,0,0,4,1,1,1,2
2179.05,1662574698872,5.014957989,1,3.8,31.3,0.0,64.9,0.0,0.0,0.0,112,1,64,0,2,519828,74984,353260,718828,5484,98339,56,56,35,0,0,8,10,8,2,0,1,0,0,0,0,11,501635,0,4,0,11,551,197864,5378,0,1,23099,18105,6105,6503,1274,172,1298,189,9,101,101,103,2503,933,1805949,199,11,129,45,345993,345933,121,16,11,13,25,499550,328414,14,18,222,35,26,0,13,0,99,606445,329,0,76,1,0,0,28,0,2,30,1,0,0,1
2184.07,1662574705681,5.015064136,1,21.2,32.8,0.0,45.0,0.0,0.0,1.0,112,1,64,0,2,519876,74932,353264,718884,5731,98717,84,84,35,0,0,5,7,5,2,4,1,0,0,0,0,1,533006,0,8,0,10,626,222571,5622,0,1,23267,18130,3581,4084,588,101,614,0,113,105,105,107,1120,354,1984237,203,8,132,4,351184,351121,178,16,8,9,17,531205,335492,11,16,343,20,114,0,9,0,98,656485,447,0,115,1,0,0,8,0,1,9,1,0,0,1
2189.09,1662574712460,5.017911613,1,6.1,35.9,0.0,57.3,0.0,0.0,0.7,112,1,64,0,2,520392,74424,353256,719392,5442,98304,84,84,35,0,0,5,7,5,2,0,1,0,0,0,0,0,498317,0,4,0,10,2916,192554,5023,0,1,22714,17771,1036,1510,66,10,90,63,9,103,103,105,4,5,1822825,201,0,130,5,344607,344562,126,15,0,0,3,496301,331425,6,6,213,28,10,0,0,0,100,615001,287,0,68,1,0,0,3,1,4,7,1,1,1,2
2194.11,1662574719250,5.017294851,1,2.3,32.6,0.0,65.2,0.0,0.0,0.0,112,1,64,0,2,520540,74276,353256,719540,5818,98417,56,56,35,0,0,5,7,5,2,0,1,0,0,0,0,7,510400,0,9,0,11,2243,211502,5326,0,1,23072,18063,4651,5605,1009,162,1144,126,9,102,102,109,1843,742,1894934,201,8,129,45,339640,339575,126,15,8,11,21,508133,323348,12,16,229,35,26,0,9,0,100,617631,351,0,79,1,0,0,25,0,0,25,1,0,0,1
2199.13,1662574726096,5.016144083,1,13.2,34.1,0.0,52.6,0.0,0.0,0.0,112,1,64,0,2,520732,74084,353256,719732,5649,99347,84,84,35,0,0,5,7,5,2,0,1,0,0,0,0,7,533847,0,7,0,9,1749,222676,5111,0,1,22855,17918,2931,3081,437,86,466,126,8,103,103,107,876,263,1930548,201,5,130,5,351588,351540,120,14,4,5,13,532028,336931,10,11,216,23,11,0,5,0,100,680899,301,0,69,1,0,0,9,0,0,9,1,0,0,1
2204.15,1662574732930,5.016561061,1,4.6,42.4,0.0,53.0,0.0,0.0,0.0,112,1,64,0,2,520444,74372,353256,719444,7974,100790,56,56,35,0,0,8,10,8,2,0,1,0,0,0,0,13,539705,0,15,0,11,3818,231246,5633,0,1,23885,18522,10026,10140,2123,965,2135,819,9,117,117,117,4552,1630,2007749,231,17,129,7,354150,354082,137,16,17,22,33,537699,334036,16,28,245,30,27,5,22,1,104,673410,342,0,75,1,0,0,38,0,2,40,1,0,0,1
2209.17,1662574739755,5.015310346,1,1.3,29.9,0.0,68.8,0.0,0.0,0.0,112,1,64,0,2,520916,73896,353260,719920,5588,98522,84,84,35,0,0,5,7,5,2,0,1,0,0,0,0,4,484811,0,5,0,11,2897,188721,5166,0,1,22897,17894,4026,4547,885,220,917,0,9,101,101,104,1600,691,1773641,199,7,129,45,337278,337224,125,16,7,8,17,482710,321486,10,13,222,34,25,0,8,0,98,592401,322,0,78,1,0,0,21,0,0,21,1,0,0,1
2214.32,1662574746566,5.154303290,1,2.5,36.1,0.0,61.4,0.0,0.0,0.0,112,1,64,0,2,520160,74648,353264,719168,5914,101744,84,84,35,0,0,5,10,5,5,0,2,0,0,0,0,7,524533,0,5,0,17,601,212225,5553,0,1,23539,18470,4418,4661,2445,1673,2131,1386,15,107,107,110,1775,2199,1937799,211,7,133,33,355095,355045,129,17,7,8,18,522431,338592,11,12,231,25,22,0,10,0,105,645236,333,0,87,1,1,6,22,1,4,27,1,1,0,2
2219.34,1662574753511,5.015976648,1,2.3,32.0,0.0,65.4,0.0,0.0,0.3,112,1,64,0,2,520316,74500,353256,719316,5769,99878,294,294,35,0,0,5,7,5,2,0,1,0,0,0,0,3,504942,0,4,0,10,2846,194294,5069,0,1,23212,18234,2358,2809,219,17,244,126,9,110,110,112,703,135,1773220,209,2,130,5,350962,350914,125,15,2,2,8,502954,335526,7,8,218,22,14,0,3,0,107,628466,312,0,70,1,0,0,4,0,0,4,1,0,0,1
2224.36,1662574760278,5.015954255,1,2.8,27.2,0.0,69.7,0.0,0.0,0.3,112,1,64,0,2,520040,74776,353256,719040,5767,97530,84,84,35,0,0,5,7,5,2,0,1,0,0,0,0,5,535168,0,4,0,11,2906,231750,5362,0,1,22871,17867,4027,4545,875,157,902,126,9,104,104,105,1599,679,1972589,203,7,129,45,345269,345217,123,16,7,8,17,533318,329534,10,13,226,33,26,0,8,0,101,677083,318,0,76,1,0,0,22,0,0,22,1,0,0,1
2229.38,1662574767122,5.015585459,1,2.4,34.2,0.0,63.4,0.0,0.0,0.0,112,1,64,0,2,521348,73460,353264,720356,5809,99269,56,56,35,0,0,8,10,8,2,0,1,0,0,0,0,6,496024,0,4,0,11,631,194035,5529,0,1,23395,18170,6016,6517,1258,243,1278,0,148,100,100,105,2479,942,1820029,197,11,132,44,344886,344828,201,16,11,13,25,494128,327006,16,20,370,28,139,0,14,0,99,582178,526,0,136,1,0,0,29,0,3,32,1,0,0,1
2234.4,1662574773957,5.016996177,1,6.6,32.4,0.0,60.4,0.0,0.0,0.6,112,2,63,0,2,520972,73836,353264,719980,6056,100164,294,294,35,0,0,5,7,5,2,0,1,0,0,0,0,2,504678,0,5,0,8,2903,199586,5299,0,1,23198,18223,2377,2885,221,80,247,0,8,113,113,115,706,135,1792178,213,2,130,5,345274,345225,126,14,2,3,8,502563,329843,6,7,225,22,16,0,3,0,110,623535,320,0,65,1,0,0,5,0,0,5,1,0,0,1
2239.42,1662574780777,5.016604881,1,3.3,29.4,0.0,67.0,0.0,0.0,0.3,111,2,62,0,2,520484,74332,353256,719484,5727,98824,56,56,35,0,0,5,11,5,6,0,2,0,0,0,0,5,483422,0,4,0,20,2895,191765,5344,0,1,22937,17930,4060,4596,888,158,914,0,17,103,103,105,1602,684,1774834,204,7,129,45,335744,335694,125,17,7,8,16,481423,319885,10,13,225,35,27,0,8,0,100,589763,326,0,87,1,1,7,21,1,4,25,1,1,0,2
2244.43,1662574787493,5.013028305,1,4.3,34.9,0.0,59.9,0.0,0.0,0.9,112,2,64,0,2,520176,74644,353252,719176,13832,204702,140,140,35,0,0,0,0,0,0,1,0,0,0,0,0,9,576031,0,17,0,5,1307,256129,5448,0,0,23331,18568,7375,7095,1558,253,1343,126,5,117,117,117,3069,1189,2170939,231,10,130,7,363505,363484,133,12,10,20,22,575760,345967,12,16,247,28,27,5,12,1,105,730569,326,0,61,1,0,0,20,0,0,20,1,0,0,1
2249.45,1662574799852,5.015873021,1,5.1,28.6,0.0,65.4,0.0,0.0,1.0,112,1,64,0,2,520300,74520,353252,719300,6225,96670,84,84,35,0,0,5,7,5,2,0,1,0,0,0,0,11,496720,0,10,0,10,2241,191013,5284,0,1,22732,17821,6109,6267,1275,235,1291,0,8,103,102,112,2473,930,1811523,199,12,127,45,348780,348730,123,13,11,13,26,494721,331550,14,18,228,37,27,0,13,0,99,583338,332,0,73,1,0,0,28,0,0,28,1,0,0,1
2254.46,1662574806639,5.014859804,1,5.8,28.2,0.0,65.7,0.0,0.0,0.3,112,1,64,0,2,520300,74512,353260,719308,5557,99608,84,84,35,0,0,8,12,8,4,7,2,0,0,0,0,6,498338,0,4,1,14,2693,194818,5099,3,1,22870,17925,4196,4092,920,159,642,0,13,102,102,102,1693,666,1762303,201,7,130,16,344260,344205,128,17,7,7,18,496262,328258,11,12,220,25,21,0,8,0,97,612697,315,0,75,1,1,0,12,0,2,14,1,1,1,2
2259.48,1662574813545,5.015921203,1,1.4,32.3,0.0,65.9,0.0,0.0,0.4,112,1,64,0,2,520300,74520,353252,719300,5665,98382,189,189,35,0,0,7,15,5,8,0,2,0,0,0,0,3,550186,0,4,0,23,2854,236867,5226,0,1,22959,18048,1506,1908,51,10,79,0,20,105,105,107,111,12,2023430,203,0,130,5,353505,353460,123,16,0,0,5,548181,338651,6,6,214,22,12,0,0,0,103,707543,328,0,87,1,1,6,5,0,0,5,1,2,1,2
2264.5,1662574820390,5.016623074,1,3.4,32.9,0.0,63.7,0.0,0.0,0.0,112,1,64,0,2,520332,74480,353260,719340,5768,99762,84,84,35,0,0,5,7,5,2,0,1,0,0,0,0,7,473517,0,4,0,11,2891,186983,5340,0,1,22998,17982,4144,4625,894,159,919,63,9,107,107,107,1600,683,1731998,209,7,129,46,330189,330138,125,16,7,8,16,471395,314186,10,13,233,37,29,0,8,0,103,573738,327,0,78,1,0,0,23,1,4,27,1,0,0,1
2269.52,1662574827192,5.015935843,1,5.9,30.9,0.0,62.3,0.0,0.0,0.9,112,1,64,0,2,521484,73324,353264,720496,5395,97311,56,56,35,0,0,5,7,5,2,0,1,0,0,0,0,15,510382,0,5,0,10,2912,204665,5414,0,1,23107,18091,5822,5985,1264,234,1287,63,9,102,102,102,2471,927,1815167,201,11,130,44,349240,349180,126,16,11,13,25,508559,332047,14,18,224,25,24,0,13,0,97,616487,327,0,78,1,0,0,27,0,1,28,1,0,0,1
2274.54,1662574834017,5.015895795,1,3.5,39.7,0.0,56.5,0.0,0.0,0.3,112,1,64,0,2,521972,72836,353264,720984,5901,100086,294,294,35,0,0,5,7,5,2,4,1,0,0,0,0,5,514740,0,5,0,11,1728,205073,5493,0,1,23410,18317,2989,3490,369,158,395,0,53,112,112,114,945,218,1823569,211,6,131,5,350642,350596,153,15,6,7,12,512864,334536,7,12,309,23,88,0,7,0,108,631337,377,0,98,1,0,0,6,0,0,6,1,0,0,1
2279.56,1662574840805,5.016217878,1,2.2,33.3,0.0,64.1,0.0,0.0,0.4,112,1,64,0,2,521704,73112,353256,720708,7944,100424,56,56,35,0,0,5,7,5,2,1,1,0,0,0,0,13,492038,0,15,0,11,3853,189393,5710,0,1,24264,18808,13221,13725,2947,606,2992,567,9,119,119,117,6187,2303,1806287,235,24,129,47,351637,351565,139,15,24,30,46,490173,328641,20,35,262,41,44,5,30,1,106,580800,369,0,80,1,0,0,58,0,0,58,1,0,0,1
2284.58,1662574847588,5.015679603,1,3.3,37.4,0.0,59.0,0.0,0.0,0.3,112,1,64,0,2,521152,73652,353268,720168,5660,98382,84,84,35,0,0,9,12,8,3,3,2,0,0,0,0,5,538454,0,5,1,14,544,233356,5456,2,1,23017,18022,5872,6022,1249,423,1274,189,11,103,103,105,2471,941,2021942,201,11,129,44,346913,346859,124,18,11,13,26,536602,329787,14,18,226,25,27,0,13,0,100,668689,332,0,84,1,1,0,29,0,2,31,1,1,1,2
2289.6,1662574854407,5.016918605,1,7.4,31.6,0.0,60.7,0.0,0.0,0.4,112,1,64,0,2,519672,75128,353272,718692,5717,97792,294,294,35,0,0,5,11,5,6,0,2,0,0,0,0,10,535135,0,5,0,20,2871,226654,5230,0,1,23111,18167,2361,2888,216,16,246,63,17,110,110,112,709,133,1962344,207,2,130,5,349132,349079,131,18,2,3,7,533020,333880,7,8,219,22,14,0,3,0,106,676578,344,0,88,1,1,7,5,1,4,9,1,1,0,2
2294.71,1662574861220,5.110799049,1,2.3,29.4,0.0,68.0,0.0,0.0,0.3,112,1,64,0,2,520136,74672,353264,719148,5984,100692,56,56,35,0,0,5,7,5,2,0,1,0,0,0,0,6,499983,0,8,0,9,2948,192267,5304,0,1,23312,18224,2955,3796,568,276,811,189,8,107,107,111,978,430,1817812,211,5,132,34,349631,349583,125,14,5,7,10,498192,334677,9,12,233,33,18,0,5,0,103,604388,324,0,71,1,0,0,19,0,0,19,1,0,0,1
2299.73,1662574868138,5.015528102,1,0.4,26.9,0.0,72.4,0.0,0.0,0.4,112,1,64,0,2,521168,73640,353264,720180,5580,99319,84,84,35,0,0,5,7,5,2,0,1,0,0,0,0,5,513470,0,7,0,10,2871,210508,5360,0,1,23215,18193,6010,6394,1259,236,1287,0,9,103,103,105,2469,934,1909695,201,11,130,44,345801,345743,122,15,11,13,26,511660,328453,14,18,225,31,24,0,13,0,98,631109,335,0,80,1,0,0,27,0,0,27,1,0,0,1
2304.75,1662574874986,5.018186623,1,7.6,36.4,0.0,55.5,0.0,0.0,0.6,113,2,65,0,1,520316,74492,353264,719328,6366,99956,266,266,35,0,0,5,7,5,2,0,1,0,0,0,0,6,559344,0,7,0,11,1344,243157,5555,0,1,23126,18184,2370,2525,219,17,255,63,9,110,110,117,737,137,2067930,209,3,130,5,355851,355808,130,15,2,3,7,557483,340647,6,7,223,24,15,0,3,0,108,707409,334,0,80,1,0,0,4,0,0,4,1,0,0,1
2309.77,1662574881996,5.018281468,1,3.7,32.3,0.0,63.7,0.0,0.0,0.3,112,1,64,0,2,521072,73736,353264,720084,5690,98606,84,84,35,0,0,5,7,5,2,0,1,0,0,0,0,1,495455,0,5,0,9,1745,193508,5134,0,1,22787,17841,1158,1314,73,10,108,63,8,107,107,109,5,5,1754356,209,0,131,6,340697,340656,124,14,0,0,4,493640,327482,6,6,223,33,14,0,0,0,102,642432,300,0,66,1,0,0,4,0,0,4,1,0,0,1
2314.79,1662574888819,5.015241134,1,3.4,29.5,0.0,67.1,0.0,0.0,0.0,111,1,63,0,2,520492,74312,353268,719508,5643,98487,56,56,35,0,0,8,10,8,2,0,1,0,0,0,0,19,521250,0,4,0,11,2076,213736,5353,0,1,23071,18073,6011,6170,1286,235,1295,189,9,100,100,101,2472,932,1900676,197,11,129,44,349505,349442,120,16,11,13,25,519520,332098,14,18,219,32,24,0,13,0,97,638749,320,0,76,1,4,4,25,1,6,31,1,1,0,2
2319.8,1662574895538,5.013611048,1,3.9,35.0,0.0,61.1,0.0,0.0,0.0,111,1,64,0,2,520812,73992,353268,719828,9494,122063,294,294,35,0,0,5,7,5,2,6,1,0,0,0,0,26,512182,0,15,0,10,3332,200071,5948,0,1,24119,19059,17329,16870,3656,899,3635,756,87,124,124,122,7978,2761,1829077,237,34,127,47,364444,364372,180,15,34,41,62,511883,338305,23,43,364,35,130,5,41,1,112,569805,489,0,116,1,0,0,64,0,0,64,1,0,0,1
2324.82,1662574903636,5.016429306,1,2.6,37.4,0.0,60.0,0.0,0.0,0.0,111,1,64,0,2,519836,74960,353276,718860,5742,98656,84,84,35,0,0,5,7,5,2,0,1,0,0,0,0,1,504353,0,6,0,10,621,193300,5173,0,1,22597,17679,973,1131,59,10,86,0,9,107,107,109,4,5,1762499,209,0,129,6,348605,348565,126,16,0,0,4,502387,335590,6,6,225,26,14,0,0,0,102,631776,290,0,71,1,0,0,3,0,0,3,1,0,0,1
2329.84,1662574910437,5.015675566,1,3.6,37.2,0.0,58.6,0.0,0.0,0.6,111,1,64,0,2,519812,74992,353268,718828,5590,97105,84,84,35,0,0,5,7,5,2,0,1,0,0,0,0,8,550186,0,4,0,10,698,238566,5493,0,1,23027,18042,5998,6159,1267,487,1296,0,9,100,100,103,2470,937,2054726,195,11,129,44,353075,353009,123,16,11,13,26,548063,335711,14,18,218,33,24,0,13,0,96,695582,343,0,81,1,0,0,25,0,0,25,1,0,0,1
2334.86,1662574917226,5.021065102,1,2.4,38.9,0.0,58.7,0.0,0.0,0.0,111,1,64,0,2,520264,74532,353276,719288,5800,98948,266,266,35,0,0,5,7,5,2,0,1,0,0,0,0,11,526589,0,4,0,11,2278,217761,5553,0,1,23633,18598,7406,7897,1444,367,1464,252,9,110,110,112,3211,1055,1919721,209,13,129,45,353064,352999,126,16,13,16,29,524456,333474,15,20,232,28,30,0,16,0,107,637505,349,0,78,1,0,0,29,0,0,29,1,0,0,1
2339.88,1662574924041,5.020093967,1,5.1,26.6,0.0,67.9,0.0,0.0,0.4,111,1,64,0,2,520696,74108,353268,719712,5748,99649,84,84,35,0,0,8,10,8,2,0,1,0,0,0,0,2,498192,0,5,0,10,2302,191271,5211,0,1,22660,17721,987,1185,58,9,85,0,9,106,106,108,3,5,1816425,207,1,130,6,345533,345490,125,16,0,0,4,496286,332429,6,6,222,26,14,0,0,0,103,616096,296,0,67,1,0,0,3,1,6,9,1,0,0,1
2344.9,1662574930865,5.016270724,1,3.3,35.3,0.0,61.3,0.0,0.0,0.0,111,1,64,0,2,519680,75124,353268,718696,5551,96529,56,56,35,0,0,5,7,5,2,0,1,0,0,0,0,5,495194,0,5,0,11,708,189498,5013,0,1,22998,18022,6000,6497,1265,297,1291,0,9,102,102,104,2471,948,1801966,201,11,128,44,347562,347500,124,13,11,13,25,493085,330191,14,18,224,32,24,0,13,0,98,597266,314,0,74,1,0,0,27,0,1,28,1,0,0,1
2349.92,1662574937639,5.016540567,1,4.8,34.9,0.0,60.2,0.0,0.0,0.0,111,1,64,0,2,519980,74816,353276,719004,5748,98948,294,294,35,0,0,5,7,5,2,0,1,0,0,0,0,10,513190,0,5,0,12,1565,205008,5508,0,1,23610,18579,7389,7946,1417,241,1449,126,9,110,110,111,3205,1058,1831354,207,13,133,45,352450,352391,129,15,13,16,30,511185,332891,15,20,231,28,30,0,16,0,105,601894,340,0,81,1,0,0,28,0,0,28,1,0,0,1
2354.94,1662574944444,5.018549093,1,3.1,35.6,0.0,60.9,0.0,0.0,0.3,111,1,64,0,2,520108,74692,353272,719128,8498,102212,84,84,35,0,0,5,7,5,2,1,1,0,0,0,0,18,549578,0,20,1,9,3673,238100,5946,0,1,23992,18618,10159,10327,2137,588,2159,504,8,122,122,126,4565,1623,2045016,239,17,130,8,356392,356324,138,14,17,22,34,547633,336188,16,28,259,34,32,5,22,1,108,673389,371,0,73,1,0,0,38,0,0,38,1,0,0,1
2359.96,1662574951250,5.015833445,1,2.9,34.3,0.0,62.5,0.0,0.0,0.3,111,1,64,0,2,520468,74332,353272,719488,5735,98304,56,56,35,0,0,8,12,8,4,1,2,0,0,0,0,12,547118,0,9,0,16,2540,240623,5577,3,1,23025,18053,4800,5282,935,288,1113,252,13,101,101,107,1807,652,2049708,199,8,128,33,348332,348295,123,18,8,11,19,545740,332355,13,17,220,30,15,0,10,0,98,667037,337,0,80,1,1,0,31,0,0,31,1,2,2,2
2364.98,1662574958046,5.016633544,1,25.9,36.3,0.0,37.9,0.0,0.0,0.0,111,1,64,0,2,520372,74432,353268,719388,10638,99087,5305,5305,35,0,0,5,11,5,6,6,2,0,0,0,0,23,509896,0,11,0,19,1960,216061,5734,0,1,24225,18970,8669,8743,1733,258,1630,252,111,132,132,129,3650,1261,1825304,229,17,131,47,341029,340959,189,16,17,20,33,507872,319544,17,26,383,37,153,4,21,0,121,593230,503,0,128,1,1,7,30,1,4,34,1,1,0,2
2370,1662574964884,5.016167717,1,2.3,30.4,0.0,67.2,0.0,0.0,0.0,112,2,65,0,1,520460,74344,353268,719476,6007,99988,56,56,35,0,0,5,7,5,2,0,1,0,0,0,0,2,491948,0,4,0,14,2870,196844,5076,0,1,22623,17704,972,1553,59,10,86,0,9,106,106,107,4,5,1736426,209,0,130,6,333609,333566,130,15,0,0,3,489986,320649,6,6,221,26,15,0,0,0,103,616621,297,0,73,1,0,0,3,0,1,4,1,0,0,1
2375.02,1662574972231,5.015662881,1,3.5,33.0,0.0,63.1,0.0,0.0,0.3,111,2,64,0,1,520704,74100,353268,719720,5505,98304,84,84,35,0,0,5,7,5,2,0,1,0,0,0,0,0,496642,0,5,0,12,2902,193230,5022,0,1,22966,18018,3091,3596,450,86,475,0,9,103,103,105,875,261,1738033,201,4,130,5,345712,345666,122,15,4,6,13,494717,330784,10,11,214,30,11,0,5,0,99,614861,303,0,77,1,0,0,10,0,0,10,1,0,0,1
2380.04,1662574978986,5.016367304,1,3.1,35.4,0.0,61.4,0.0,0.0,0.0,111,1,64,0,2,520548,74252,353272,719568,5632,93202,56,56,35,0,0,5,7,5,2,0,1,0,0,0,0,8,522061,0,4,0,11,2780,216347,5185,0,1,21823,17062,4023,4188,887,94,914,63,9,98,98,102,1628,693,1935695,193,7,124,45,344979,344926,122,15,7,8,16,519990,329792,9,12,215,36,25,0,8,0,95,650701,310,0,77,1,0,0,22,0,0,22,1,0,0,1
2385.06,1662574985799,5.015915956,1,18.8,32.9,0.0,48.0,0.0,0.0,0.3,111,1,64,0,2,520988,73804,353280,720016,5707,99658,84,84,35,0,0,8,11,8,3,2,2,0,0,0,0,1,494921,0,6,0,14,2874,193557,5032,2,1,22546,17616,791,982,45,10,72,0,11,103,103,104,3,13,1749490,200,0,130,5,342215,342170,122,16,0,0,4,493060,329327,6,6,214,20,10,0,0,0,97,613762,300,0,73,1,1,0,5,0,2,7,1,2,2,2
2390.08,1662574992551,5.016236320,1,4.9,33.2,0.0,61.8,0.0,0.0,0.0,110,1,63,0,2,520684,74096,353292,719716,5557,99347,84,84,35,0,0,5,11,5,6,0,2,0,0,0,0,3,502245,0,5,0,18,2888,194834,5235,0,1,23034,18078,3099,3570,454,86,471,63,17,104,104,106,873,242,1780104,203,5,130,5,347060,347008,125,18,4,5,12,500167,332047,10,11,216,30,11,0,5,0,100,615962,333,0,84,1,1,7,10,1,4,14,1,1,0,2
2395.11,1662574999271,5.030614421,1,0.9,35.2,0.0,62.7,0.0,0.0,1.2,111,1,64,0,2,520500,74272,353300,719540,9088,124417,84,84,35,0,0,5,7,5,2,1,1,0,0,0,0,30,510495,0,15,1,11,2938,201398,5735,0,1,24358,19205,15382,15477,3378,811,3386,504,9,119,119,114,7078,2562,1880379,233,29,130,47,359564,359517,137,16,29,34,56,510109,335741,23,39,258,40,43,5,33,1,104,603682,371,0,82,1,0,0,60,0,0,60,1,0,0,1
2400.13,1662575007261,5.015889038,1,1.3,36.8,0.0,61.6,0.0,0.0,0.3,111,1,64,0,2,520232,74536,353304,719276,5447,97183,56,56,35,0,0,5,7,5,2,0,1,0,0,0,0,3,495642,0,4,0,13,582,189918,5116,0,1,22675,17699,3761,4247,862,158,884,63,9,100,100,103,1594,679,1742181,197,7,129,44,345909,345858,120,16,7,8,16,493666,330534,10,13,219,24,23,0,8,0,98,618470,310,0,73,1,0,0,18,0,1,19,1,0,0,1
2405.15,1662575014068,5.015489252,1,3.7,32.9,0.0,63.1,0.0,0.0,0.3,111,1,64,0,2,520956,73812,353304,720000,6222,98963,294,294,35,0,0,5,7,5,2,0,1,0,0,0,0,7,524573,0,6,0,11,1537,211571,5278,0,1,23448,18475,4430,4580,608,95,632,0,9,113,113,116,1579,393,1870160,213,6,131,5,354720,354669,131,15,6,8,17,522792,337782,11,13,225,25,16,0,8,0,108,654833,329,0,72,1,0,0,11,0,0,11,1,0,0,1
2410.17,1662575020837,5.015367484,1,4.8,33.5,0.0,61.7,0.0,0.0,0.0,111,1,64,0,2,520444,74332,353296,719480,6095,98067,56,56,35,0,0,5,8,4,3,7,2,0,0,0,0,9,547850,0,8,0,13,622,240631,5718,2,1,23462,18287,6809,6986,1423,125,1451,0,124,104,104,110,2711,1018,2061122,205,15,130,45,350294,350233,189,15,15,17,29,545915,331683,16,24,367,37,134,0,18,0,102,676737,513,0,135,1,1,0,29,0,0,29,1,2,2,2
2415.19,1662575027681,5.016814089,1,6.5,25.9,0.0,67.0,0.0,0.0,0.7,111,1,64,0,2,519908,74860,353304,718952,5758,98382,84,84,35,0,0,8,11,8,3,0,2,0,0,0,0,8,533788,0,6,0,13,2859,227081,5336,0,1,22810,17804,3777,3948,874,347,898,252,10,104,104,106,1600,680,1976835,203,7,129,44,347678,347619,123,16,7,8,17,531690,332197,10,13,226,24,24,0,8,0,100,668904,313,0,77,1,2,5,20,1,6,26,1,1,0,2
2420.22,1662575034515,5.025018755,1,1.6,34.5,0.0,63.6,0.0,0.0,0.3,111,1,64,0,2,520924,73844,353304,719968,5924,99956,294,294,35,0,0,5,7,5,2,0,1,0,0,0,0,11,518932,0,5,0,11,2937,206599,5352,0,1,23447,18472,4412,4563,607,94,631,0,9,111,111,113,1579,382,1839800,209,6,131,5,354934,354881,126,16,6,9,17,516911,337954,11,13,222,23,16,0,8,0,107,643642,324,0,74,1,0,0,11,0,0,11,1,0,0,1
2425.24,1662575041311,5.017034717,1,4.4,37.8,0.0,56.8,0.0,0.0,1.0,111,1,64,0,2,520940,73836,353296,719976,5534,93441,56,56,35,0,0,5,7,5,2,0,1,0,0,0,0,10,484776,0,5,0,11,568,187737,5056,0,1,22529,17683,4887,5285,904,226,1133,126,9,102,102,103,1762,622,1772333,201,8,126,34,337713,337657,126,16,8,11,19,482795,321611,13,17,221,34,19,0,10,0,98,587206,307,0,81,1,0,0,27,0,0,27,1,0,0,1
2430.26,1662575048125,5.017004720,1,4.9,38.3,0.0,56.9,0.0,0.0,0.0,111,1,64,0,2,520312,74480,353280,719340,8118,101911,84,84,35,0,0,5,7,5,2,1,1,0,0,0,0,21,508980,0,15,0,11,3824,201484,5800,0,1,24384,18906,13116,13302,2951,796,2970,630,9,119,119,118,6197,2297,1830108,233,25,130,46,355314,355231,142,15,24,30,47,506833,332285,20,35,258,38,41,5,30,1,105,607185,354,0,76,1,0,0,56,0,0,56,1,0,0,1
2435.28,1662575054980,5.016429258,1,7.8,30.6,0.0,61.2,0.0,0.0,0.3,112,2,65,0,1,520388,74396,353288,719420,5821,99096,266,266,35,0,0,6,10,5,3,7,2,0,0,0,0,2,497780,0,4,1,14,2910,192367,5132,3,1,23052,18113,2376,2524,220,80,243,63,11,109,109,111,742,131,1819727,207,2,130,5,346239,346194,127,17,2,3,7,495798,331049,7,8,218,22,14,0,3,0,106,608641,313,0,77,1,1,0,6,0,0,6,1,2,2,2
2440.3,1662575062230,5.016440043,1,2.2,32.6,0.0,65.2,0.0,0.0,0.0,111,1,64,0,2,520640,74132,353300,719684,5748,99649,84,84,35,0,0,8,10,8,2,0,1,0,0,0,0,3,504108,0,5,1,11,2879,195952,5019,0,1,23106,18139,3220,3697,464,86,480,0,9,106,106,108,872,265,1809033,207,4,131,6,348376,348324,129,16,4,5,13,502183,333211,10,11,223,34,15,0,5,0,103,625752,315,0,75,1,6,6,9,1,6,15,1,1,0,2
2445.32,1662575068995,5.016466034,1,5.3,32.4,0.0,62.0,0.0,0.0,0.3,111,1,64,0,2,520356,74424,353292,719396,5447,98354,56,56,35,0,0,5,7,5,2,0,1,0,0,0,0,13,506310,0,5,0,11,1847,201474,5278,0,1,22966,17941,3949,4410,876,221,906,126,9,103,103,103,1608,686,1842757,203,7,129,44,345697,345646,123,16,7,8,16,504373,329887,10,13,225,31,23,0,8,0,98,631797,307,0,76,1,0,0,20,0,0,20,1,0,0,1
2450.34,1662575075787,5.017954721,1,20.6,37.5,0.0,41.2,0.0,0.0,0.6,111,1,64,0,2,519860,74924,353288,718896,5717,98948,294,294,35,0,0,5,7,5,2,0,1,0,0,0,0,3,537031,0,5,1,11,2871,226158,5229,0,1,23145,18186,2368,2520,222,143,243,0,9,111,111,112,818,130,1947165,208,2,130,5,350861,350833,126,16,2,3,8,535155,335682,7,8,215,20,12,0,3,0,106,698998,315,0,69,1,0,0,5,0,0,5,1,0,0,1
2455.36,1662575082562,5.017520301,1,6.2,35.9,0.0,56.8,0.0,0.0,1.2,112,1,64,0,2,519852,74920,353300,718900,5880,99857,84,84,35,0,0,5,7,5,2,0,1,0,0,0,0,8,531915,0,5,0,11,1315,219254,5486,0,1,23405,18231,3428,3569,473,95,491,0,158,108,108,110,875,262,1917237,211,4,132,6,353196,353143,212,15,4,6,13,529888,337322,13,14,392,35,145,0,8,0,105,669471,524,0,135,1,0,0,10,0,0,10,1,0,0,1
2460.38,1662575089362,5.016495625,1,2.4,41.8,0.0,55.8,0.0,0.0,0.0,112,1,64,0,2,520856,73920,353296,719900,5453,99347,56,56,35,0,0,5,7,5,2,0,1,0,0,0,0,7,525876,0,4,0,11,697,216946,5294,0,1,22861,17868,3961,4432,888,220,914,63,9,101,101,102,1597,689,1937870,199,7,130,44,349149,349092,125,15,7,8,16,523933,333462,10,13,222,31,25,0,8,0,98,661047,331,0,82,1,0,0,20,0,0,20,1,1,1,2
2465.4,1662575096205,5.015767041,1,4.2,25.1,0.0,70.4,0.0,0.0,0.3,111,1,63,0,2,520412,74352,353308,719464,6273,104213,294,294,35,0,0,10,18,8,8,0,2,0,0,0,0,6,537178,0,10,0,28,1813,222153,5454,0,1,23171,18218,3367,3098,435,212,295,0,21,112,112,118,1137,293,1950368,211,4,130,16,355705,355657,129,18,4,3,11,535227,339539,7,8,232,26,17,0,5,0,108,664710,352,0,93,1,1,6,6,0,0,6,1,1,0,2
2470.42,1662575103455,5.016771359,1,3.7,32.7,0.0,63.0,0.0,0.0,0.7,112,1,64,0,2,520036,74708,353328,719096,14174,213142,140,140,35,0,0,0,0,0,0,1,0,0,0,0,1,13,502165,0,15,0,5,3365,195272,5337,0,0,23628,18783,10521,10756,2408,717,2283,378,5,116,116,114,4715,1911,1826408,229,17,129,46,354416,354385,132,12,17,28,37,501828,334053,18,25,253,37,40,5,21,1,104,604046,336,0,70,1,0,0,40,0,0,40,1,0,0,1
2475.44,1662575115925,5.015867151,1,19.1,34.1,0.0,46.6,0.0,0.0,0.3,112,1,64,0,2,520576,74164,353332,719640,5956,100252,294,294,35,0,0,5,7,5,2,0,1,0,0,0,0,9,514999,0,5,0,11,1807,206453,5179,0,1,23203,18230,2438,2596,223,16,252,0,9,111,111,113,739,123,1877874,209,2,130,6,349116,349072,126,16,2,3,8,512950,333670,7,8,222,25,16,0,3,0,108,630784,311,0,73,1,0,0,5,0,0,5,1,0,0,1
2480.46,1662575122701,5.016417409,1,4.4,32.3,0.0,63.0,0.0,0.0,0.3,112,1,64,0,2,520680,74052,353340,719748,6201,99777,84,84,35,0,0,5,7,5,2,0,1,0,0,0,0,2,535587,0,5,1,11,556,222841,5423,0,1,23168,18190,3229,3373,457,87,482,0,9,107,107,111,875,261,1929963,211,4,130,6,352452,352406,131,16,4,5,12,533620,337415,10,11,229,36,16,0,5,0,105,670865,319,0,73,1,0,0,8,0,0,8,1,1,1,2
2485.48,1662575129479,5.016039654,1,4.3,41.0,0.0,54.1,0.0,0.0,0.7,112,1,64,0,2,520404,74332,353336,719472,5505,98304,56,56,35,0,0,8,11,8,3,4,2,0,0,0,0,6,526460,0,4,0,14,563,224077,5237,2,1,22891,17877,3966,4132,874,31,902,63,11,101,101,104,1607,679,1937618,199,7,129,44,342845,342795,123,17,7,8,16,524463,327153,10,13,221,31,24,0,8,0,100,663478,321,0,83,1,1,0,22,0,2,24,1,1,1,2
2490.84,1662575136269,5.361894720,1,5.0,38.5,0.0,56.5,0.0,0.0,0.0,112,1,64,0,2,519608,75120,353344,718684,6423,107370,294,294,35,0,0,7,15,5,8,0,2,0,0,0,0,10,564401,0,5,0,29,557,233268,5476,0,1,24699,19389,3721,3968,699,341,434,63,21,118,118,120,1549,540,2080966,223,5,139,17,374585,374537,135,18,5,5,14,562274,357218,8,9,243,27,27,0,6,0,114,699506,368,0,99,1,1,6,7,0,0,7,1,1,0,2
2495.86,1662575143597,5.018399273,1,6.6,33.0,0.0,59.7,0.0,0.0,0.7,112,1,64,0,2,520616,74108,353348,719696,5828,99857,56,56,35,0,0,5,7,5,2,0,1,0,0,0,0,6,559792,0,4,0,11,1431,250010,5244,0,1,22926,17989,3038,3213,441,87,468,0,9,107,107,109,875,256,2099827,211,4,130,6,349439,349386,131,16,4,5,12,557744,334643,10,11,226,27,16,0,5,0,105,711311,337,0,82,1,0,0,9,1,4,13,1,0,0,1
2500.88,1662575150397,5.016510543,1,3.1,40.1,0.0,55.4,0.0,0.0,1.4,112,1,64,0,2,520052,74672,353348,719132,5488,99319,84,84,35,0,0,5,7,5,2,4,1,0,0,0,0,7,538121,0,5,0,10,561,234783,5533,0,1,22903,17898,4452,4619,1029,165,1055,126,8,102,102,103,1838,775,2004231,199,11,129,44,344030,343972,119,14,11,12,21,536075,327861,10,17,230,30,29,0,12,0,98,669482,332,0,82,1,0,0,21,0,0,21,1,0,0,1
2505.9,1662575157253,5.016546118,1,3.2,35.8,0.0,61.0,0.0,0.0,0.0,112,1,64,0,2,520096,74620,353356,719176,8113,101434,266,266,35,0,0,5,7,5,2,1,1,0,0,0,0,19,484494,0,15,0,11,1557,189953,5793,0,1,24607,19158,14513,14698,3139,1123,3164,567,9,123,123,122,6932,2436,1753846,235,26,129,47,344664,344588,139,16,26,33,50,482443,319647,21,37,260,35,46,5,33,1,110,557041,380,0,82,1,0,0,61,0,1,62,1,1,1,2
2510.92,1662575164061,5.016131906,1,3.9,32.4,0.0,63.8,0.0,0.0,0.0,112,1,64,0,2,521296,73448,353328,720360,5748,99649,84,84,35,0,0,5,7,5,2,0,1,0,0,0,0,5,506657,0,5,0,11,2922,201706,5343,0,1,22936,18001,3050,3194,442,149,469,0,9,106,106,108,871,258,1795272,207,5,130,6,344900,344846,129,15,4,5,13,504362,330059,10,11,223,27,15,0,5,0,102,636836,314,0,76,1,0,0,10,0,0,10,1,0,0,1
2515.94,1662575170841,5.015872743,1,2.1,38.1,0.0,59.5,0.0,0.0,0.3,112,1,64,0,2,519712,75032,353328,718776,5994,97600,84,84,35,0,0,8,10,8,2,0,1,0,0,0,0,7,492663,0,9,0,11,2874,190430,5403,0,1,22805,17827,3961,4130,881,283,902,63,9,102,102,109,1606,679,1794184,201,7,129,44,343340,343289,126,15,7,8,17,490467,327683,11,14,225,31,24,0,8,0,99,597773,317,0,75,1,0,0,22,0,2,24,1,0,0,1
2520.96,1662575177673,5.015499416,1,3.5,31.2,0.0,64.3,0.0,0.0,1.0,112,1,64,0,2,521404,73332,353336,720476,5892,98998,294,294,35,0,0,5,11,5,6,0,2,0,0,0,0,16,488871,0,5,0,23,2370,188761,5237,0,1,23303,18291,5353,5518,1045,290,1084,126,17,110,110,112,2333,812,1779756,209,9,129,45,345072,345020,128,17,9,11,20,486926,327260,11,15,232,27,29,0,11,0,106,602588,339,0,89,1,1,7,21,1,4,25,1,1,0,2
2525.98,1662575184455,5.015738270,1,3.2,25.7,0.0,70.8,0.0,0.0,0.4,112,2,63,0,2,521184,73564,353324,720248,5748,99649,84,84,35,0,0,5,7,5,2,0,1,0,0,0,0,9,547937,0,5,0,11,902,230697,5236,0,1,22977,18019,3033,3187,443,23,470,0,9,106,106,108,877,257,2001438,207,4,130,6,356107,356060,125,16,4,5,13,545788,341244,10,11,223,27,15,0,5,0,102,691455,323,0,72,1,0,0,10,0,0,10,1,0,0,1
2531,1662575191290,5.017502528,1,3.4,34.0,0.0,62.3,0.0,0.0,0.3,111,1,64,0,2,520696,74044,353332,719768,6582,108030,84,84,35,0,0,5,7,5,2,0,1,0,0,0,0,8,550530,0,5,0,11,2887,241704,5206,0,1,22958,18007,3115,3270,451,23,476,0,9,104,104,108,878,266,2050267,203,4,130,5,349435,349395,123,16,4,5,13,548880,334631,10,11,220,31,15,0,5,0,101,702838,315,0,69,1,0,0,9,0,0,9,1,1,1,2
2536.02,1662575198684,5.024311531,1,5.1,28.9,0.0,65.6,0.0,0.0,0.4,112,1,64,0,2,520176,74564,353332,719248,5788,98870,294,294,35,0,0,5,7,5,2,0,1,0,0,0,0,9,513248,0,3,0,11,538,214488,5227,0,1,23093,18050,4952,5165,1050,291,1082,126,9,106,106,107,2249,802,1863541,205,9,129,45,339253,339185,124,16,9,11,19,510709,322881,11,15,225,33,28,0,11,0,103,641141,333,0,78,1,0,0,24,0,0,24,1,0,0,1
2541.05,1662575205528,5.027866396,1,19.9,28.4,0.0,50.4,0.0,0.0,1.2,111,1,63,0,2,520112,74632,353328,719180,5748,99649,56,56,35,0,0,5,7,5,2,0,1,0,0,0,0,4,547444,0,4,0,10,498,235902,5188,0,1,22996,18048,3037,3179,453,149,476,63,8,105,105,107,875,263,2015845,209,4,130,6,350954,350906,128,13,4,5,12,545300,336163,10,11,222,27,15,0,5,0,103,704890,320,0,72,1,0,0,9,0,1,10,1,0,0,1
2546.06,1662575212309,5.013614031,1,4.4,28.3,0.0,67.3,0.0,0.0,0.0,113,1,64,0,2,520828,73924,353320,719896,13781,208084,378,378,35,0,0,0,0,0,0,1,0,0,0,0,0,12,515752,0,15,0,5,1074,206279,5577,0,0,24266,19356,12063,12135,2601,600,2512,378,5,126,126,123,5480,2034,1859849,241,19,130,47,358238,358203,138,11,19,31,45,515465,335512,19,32,266,33,47,5,24,1,113,624125,380,0,72,1,0,0,53,0,0,53,1,0,0,1
2551.08,1662575224520,5.016171406,1,1.7,32.4,0.0,65.2,0.0,0.0,0.7,113,1,64,0,2,520560,74188,353324,719632,6052,100692,84,84,35,0,0,5,7,5,2,0,1,0,0,0,0,5,555604,0,5,1,11,2909,241200,5349,0,1,23016,18058,3064,3206,445,149,475,0,9,106,106,110,880,265,2054003,207,5,130,6,353768,353709,129,15,4,5,13,553201,338849,10,11,223,29,15,0,5,0,102,708372,320,0,76,1,0,0,10,0,3,13,1,0,0,1
2556.1,1662575231321,5.016592759,1,2.1,33.1,0.0,64.8,0.0,0.0,0.0,113,1,64,0,2,520340,74408,353324,719412,6468,109073,84,84,35,0,0,5,7,5,2,0,1,0,0,0,0,1,492360,0,9,0,11,2902,190630,5134,0,1,22970,18021,3123,3809,450,86,482,0,9,104,104,110,873,258,1806363,203,4,130,5,342019,341970,123,16,4,9,13,490222,327115,10,11,221,30,15,0,5,0,100,597982,319,0,71,1,0,0,10,0,0,10,1,0,0,1
2561.12,1662575238671,5.017792281,1,5.4,38.3,0.0,56.3,0.0,0.0,0.0,113,1,64,0,2,520544,74204,353324,719616,5880,98948,294,294,35,0,0,5,7,5,2,0,1,0,0,0,0,13,506524,0,9,0,11,2675,207855,5389,0,1,23234,18218,5296,5490,1052,353,1081,189,9,107,107,111,2244,796,1856650,205,9,133,45,340847,340774,128,16,9,11,20,504118,323570,11,15,229,34,27,0,11,0,101,615653,338,0,74,1,0,0,24,0,0,24,1,0,0,1
2566.14,1662575245502,5.016665524,1,20.8,31.9,0.0,45.7,0.0,0.0,1.6,113,1,64,0,2,520820,73916,353336,719896,5748,99649,56,56,35,0,0,8,12,8,4,4,2,0,0,0,0,7,565304,0,4,0,17,2835,250181,5292,3,1,22952,18012,3061,3207,444,86,477,0,13,105,105,107,877,279,2107213,205,4,130,6,354293,354238,130,18,4,5,12,563129,339530,10,11,220,27,15,0,5,0,103,719202,337,0,83,1,1,0,11,0,2,13,1,1,1,2
2571.16,1662575252326,5.016802503,1,6.2,35.5,0.0,57.2,0.0,0.0,1.1,113,1,64,0,2,520528,74216,353328,719604,5488,99347,84,84,35,0,0,7,16,5,9,0,2,0,0,0,0,8,548887,0,5,0,32,2664,243862,5418,0,1,22892,17961,3112,3260,448,24,475,0,22,103,103,104,878,257,2053669,201,4,130,5,344503,344449,122,15,4,5,13,546666,329695,10,11,215,29,11,0,5,0,99,698689,332,0,94,1,1,7,10,0,0,10,1,1,0,2
2576.18,1662575259171,5.018001297,1,2.2,35.1,0.0,62.7,0.0,0.0,0.0,113,1,64,0,2,520276,74468,353328,719352,5576,98467,56,56,35,0,0,5,7,5,2,0,1,0,0,0,0,8,512233,0,5,0,11,2867,216468,5202,0,1,22760,17789,4027,4196,878,220,916,0,9,102,102,104,1634,690,1904691,201,7,128,45,336635,336578,122,15,7,8,16,510035,320888,10,13,225,34,25,0,8,0,98,634032,319,0,77,1,0,0,22,1,4,26,1,0,0,1
2581.2,1662575265990,5.017006049,1,18.0,34.4,0.0,47.6,0.0,0.0,0.0,113,1,64,0,2,519732,75020,353320,718800,13234,106974,9035,9035,35,0,0,5,7,5,2,1,1,0,0,0,0,21,490039,0,22,0,9,3794,191789,5697,0,1,24354,18974,12808,13306,2725,797,2763,693,9,163,164,157,5855,2078,1763427,265,22,131,9,346214,346137,159,15,22,28,45,487693,323475,21,34,286,33,53,16,28,3,140,577631,390,0,79,1,0,0,45,0,1,46,1,1,1,2
2586.22,1662575272897,5.017001675,1,6.0,41.9,0.0,50.7,0.0,0.0,1.3,113,1,64,0,2,519408,75348,353316,718472,5557,99608,84,84,35,0,0,5,7,5,2,4,1,0,0,0,0,1,528876,0,4,0,11,3086,222203,5398,0,1,23036,17839,1566,1756,202,25,228,0,140,101,101,102,244,100,1940123,199,5,132,5,345930,345877,194,16,4,5,7,526708,331484,9,13,386,23,161,0,6,0,98,661634,473,0,127,1,0,0,2,0,0,2,1,0,0,1
2591.24,1662575279741,5.016057729,1,2.9,36.7,0.0,60.1,0.0,0.0,0.3,113,1,64,0,2,520080,74668,353324,719152,5691,97452,84,84,35,0,0,5,7,5,2,0,1,0,0,0,0,7,478159,0,5,0,11,2867,187527,5125,0,1,22775,17798,4032,4202,891,348,938,63,9,104,104,105,1606,698,1731775,201,7,128,45,331785,331725,122,16,7,8,16,476019,316066,10,13,224,34,26,0,8,0,99,591901,314,0,73,1,0,0,21,0,0,21,1,0,0,1
2596.26,1662575286558,5.016317416,1,1.9,32.0,0.0,65.2,0.0,0.0,0.8,113,2,64,0,2,520104,74644,353324,719180,5539,95175,84,84,35,0,0,8,11,8,3,4,2,0,0,0,0,10,489881,0,8,0,14,2772,193151,5240,2,1,21601,16948,4188,4092,898,158,640,0,11,99,98,104,1675,662,1723136,191,7,123,16,338041,337988,121,16,7,8,19,487860,322830,11,12,214,25,21,0,8,0,96,601311,339,0,79,1,1,0,10,0,2,12,1,1,1,2
2601.28,1662575293529,5.015727319,1,1.8,36.4,0.0,60.7,0.0,0.0,1.2,113,1,64,0,2,520200,74548,353324,719272,5649,99347,56,56,35,0,0,5,11,5,6,0,2,0,0,0,0,2,504922,0,6,1,22,2917,194952,5202,0,1,22954,18011,2935,3389,442,86,463,0,17,103,102,106,875,259,1774025,201,4,131,5,351219,351167,128,17,4,5,12,502803,336563,10,11,215,23,11,0,5,0,100,625013,327,0,87,1,1,7,6,1,4,10,1,1,0,2
2606.3,1662575300278,5.015330971,1,3.7,35.4,0.0,60.2,0.0,0.0,0.6,113,1,64,0,2,520888,73860,353324,719960,6031,98725,84,84,35,0,0,5,7,5,2,6,1,0,0,0,0,5,538428,0,12,0,10,552,232946,5417,0,1,23071,18031,4530,5040,1030,292,1060,126,8,107,107,111,1852,772,2015733,209,11,130,45,346788,346736,124,13,11,12,21,536541,330558,10,17,239,33,27,0,12,0,100,669374,336,0,79,1,0,0,20,0,0,20,1,1,1,2
2611.32,1662575307095,5.017456267,1,2.8,30.3,0.0,66.9,0.0,0.0,0.0,113,2,64,0,2,520032,74716,353324,719104,5758,99425,56,56,35,0,0,5,7,5,2,0,1,0,0,0,0,6,497241,0,5,0,11,2878,198578,5281,0,1,23022,18029,5832,5992,1253,234,1279,0,9,102,102,106,2467,950,1780539,201,11,129,44,340737,340677,122,15,11,13,25,494907,323550,14,18,221,25,22,0,13,0,101,593435,318,0,80,1,0,0,23,0,0,23,1,0,0,1
2616.34,1662575313907,5.016246853,1,4.1,23.5,0.0,71.7,0.0,0.0,0.6,112,1,63,0,2,520704,74040,353328,719784,5959,100139,294,294,35,0,0,5,7,5,2,0,1,0,0,0,0,8,561658,0,5,0,10,2081,247361,5091,0,1,23357,18406,4446,4948,609,93,639,0,9,110,110,112,1599,390,2097262,207,6,130,5,356202,356148,128,15,6,8,17,559747,339254,11,13,218,23,15,0,8,0,107,723220,319,0,70,1,0,0,11,0,0,11,1,0,0,1
2621.37,1662575320688,5.030069230,1,1.7,39.4,0.0,58.9,0.0,0.0,0.0,113,1,64,0,2,521648,73096,353328,720728,11698,165039,140,140,35,0,0,5,8,5,3,4,2,0,0,0,0,12,555862,0,15,0,14,3276,238874,5682,2,1,23932,19037,10689,11288,2216,464,2141,441,11,123,123,120,4717,1647,2087810,241,20,131,8,363301,363261,148,18,20,26,41,555376,342786,18,28,260,32,33,5,18,1,110,686467,370,0,80,1,1,0,41,0,0,41,1,1,1,2
2626.39,1662575330795,5.016096860,1,2.7,31.4,0.0,65.6,0.0,0.0,0.3,113,1,64,0,2,519576,75172,353324,718648,5694,98304,84,84,35,0,0,8,11,8,3,0,2,0,0,0,0,10,549954,0,3,1,13,2816,238539,5158,0,1,22723,17762,3977,4453,882,346,903,63,11,101,101,104,1600,688,2042365,199,7,128,44,352287,352229,127,18,7,8,16,547550,336490,10,13,222,32,25,0,8,0,98,689658,320,0,79,1,2,4,20,1,6,26,1,1,0,2
2631.41,1662575337579,5.016166445,1,1.9,37.5,0.0,60.6,0.0,0.0,0.0,113,1,64,0,2,520372,74376,353324,719448,5644,98948,266,266,35,0,0,5,7,5,2,6,1,0,0,0,0,12,529912,0,4,0,10,750,229966,6030,0,1,23998,18761,8086,8563,1649,256,1666,189,136,109,109,109,3449,1202,1985223,207,17,132,45,345779,345715,193,14,17,20,33,527941,325025,16,25,364,29,130,0,20,0,104,619533,506,0,129,1,0,0,29,0,1,30,1,0,0,1
2636.43,1662575344398,5.016398848,1,4.7,31.4,0.0,63.9,0.0,0.0,0.0,113,1,64,0,2,520084,74664,353324,719160,5818,98758,84,84,35,0,0,5,7,5,2,6,1,0,0,0,0,5,537703,0,8,0,10,2909,227775,5361,0,1,23034,18071,3534,4030,587,95,618,126,9,108,108,109,1111,348,1984278,211,8,130,6,350137,350077,127,15,8,9,17,535571,334765,10,15,229,27,15,0,9,0,102,670437,325,0,76,1,0,0,10,0,0,10,1,0,0,1
2641.85,1662575351272,5.415500601,1,2.8,40.8,0.0,56.3,0.0,0.0,0.0,113,1,64,0,2,519868,74880,353324,718944,5921,107691,84,84,35,0,0,5,7,5,2,0,1,0,0,0,0,3,525048,0,5,0,11,2411,202429,5496,0,1,24539,19180,2838,3621,525,212,796,0,9,109,109,111,936,371,1916784,213,6,139,33,364725,364669,132,15,5,6,10,522717,349272,9,12,228,29,13,0,5,0,106,643673,332,0,79,1,0,0,20,0,0,20,1,0,0,1
2646.87,1662575358621,5.015945273,1,4.4,33.3,0.0,62.2,0.0,0.0,0.0,113,1,64,0,2,520248,74492,353332,719332,5436,93655,294,294,35,0,0,8,11,8,3,2,2,0,0,0,0,16,507703,0,5,0,14,2734,214770,5402,2,1,22417,17651,7519,7712,1448,367,1476,126,11,101,101,103,3135,1056,1861272,193,13,123,45,337068,336993,118,15,13,16,29,505283,318074,15,20,217,35,28,0,16,0,98,626868,335,0,79,1,1,0,30,0,0,30,1,1,1,2
2651.89,1662575365409,5.016959486,1,18.6,27.6,0.0,52.8,0.0,0.0,1.0,114,2,65,0,1,519880,74864,353328,718960,5903,99727,56,56,35,0,0,5,11,5,6,0,2,0,0,0,0,8,534750,0,4,0,23,2902,226471,5336,0,1,22949,18006,3045,3194,453,88,474,126,17,106,106,108,878,258,1959139,209,4,130,6,348110,348064,128,17,4,5,12,532725,333284,10,11,224,27,16,0,5,0,104,688506,321,0,93,1,1,7,10,1,4,14,1,1,0,2
2656.91,1662575372249,5.016834021,1,3.0,31.1,0.0,65.2,0.0,0.0,0.7,113,1,64,0,2,520652,74072,353348,719744,7733,100793,84,84,35,0,0,5,7,5,2,0,1,0,0,0,0,11,515004,0,19,0,10,3850,209401,5570,0,1,24093,18701,10205,10380,2140,524,2177,630,9,118,118,118,4585,1643,1856179,231,17,130,7,350891,350816,141,15,17,22,34,513026,330568,16,28,248,34,27,5,22,1,104,625410,369,0,78,1,0,0,40,0,1,41,1,1,1,2
2661.93,1662575379079,5.016212416,1,1.2,38.1,0.0,60.7,0.0,0.0,0.0,113,1,64,0,2,520672,74052,353348,719764,5674,97374,56,56,35,0,0,5,7,5,2,0,1,0,0,0,0,11,544552,0,7,0,11,588,241261,5644,0,1,23136,18137,6109,6266,1264,297,1292,63,9,102,102,107,2488,930,2040194,201,11,129,45,345416,345358,122,14,11,13,25,542422,327969,14,18,227,35,26,0,13,0,100,684829,338,0,74,1,0,0,29,0,0,29,1,0,0,1
2666.95,1662575385909,5.021911845,1,20.8,34.0,0.0,45.0,0.0,0.0,0.3,112,1,64,0,2,520460,74260,353352,719556,6030,100168,84,84,35,0,0,5,7,5,2,0,1,0,0,0,0,4,524190,0,6,1,11,1396,212668,5345,0,1,22869,17929,2929,3095,442,86,470,0,9,106,106,108,868,265,1872847,205,4,130,5,351140,351093,124,16,4,6,13,522159,336499,10,11,219,23,12,0,5,0,101,655404,319,0,73,1,0,0,8,0,0,8,1,0,0,1
2671.97,1662575392713,5.017441057,1,5.6,38.5,0.0,55.9,0.0,0.0,0.0,112,1,64,0,2,520412,74308,353352,719508,5557,99347,84,84,35,0,0,5,9,5,4,2,2,0,0,0,0,2,556893,0,5,0,16,493,249088,4904,2,1,22673,17740,1052,1204,65,10,91,0,12,103,103,105,4,12,2089883,201,0,130,5,345590,345544,126,16,0,0,4,554872,332460,6,6,213,29,10,0,0,0,100,728588,307,0,73,1,1,0,4,0,0,4,1,1,1,2
2676.99,1662575399545,5.015298476,1,3.8,27.6,0.0,68.3,0.0,0.0,0.3,113,1,64,0,2,521200,73528,353344,720288,5743,98495,56,56,35,0,0,8,11,8,3,4,2,0,0,0,0,14,485651,0,4,0,14,761,187794,5243,0,1,23343,18135,4734,5062,1046,111,1075,126,146,103,103,105,1854,772,1750283,203,11,133,45,339591,339534,206,17,11,12,20,483672,322693,12,19,373,35,137,0,14,0,101,558624,526,0,146,1,2,5,23,1,6,29,1,1,0,2
2682.01,1662575406377,5.016313209,1,1.0,27.4,0.0,71.5,0.0,0.0,0.0,113,1,64,0,2,520176,74544,353352,719272,5609,102476,84,84,35,0,0,5,7,5,2,0,1,0,0,0,0,11,490004,0,5,0,10,660,191225,5257,0,1,22919,17967,4175,4073,838,95,642,63,9,102,102,103,1613,587,1713862,199,8,130,16,339660,339602,121,15,7,7,19,487991,323754,11,12,217,25,21,0,8,0,98,617992,310,0,76,1,0,0,10,0,1,11,1,1,1,2
2687.03,1662575413530,5.017194663,1,2.0,31.4,0.0,66.6,0.0,0.0,0.0,113,1,64,0,2,520216,74512,353344,719304,5557,99347,56,56,35,0,0,5,7,5,2,0,1,0,0,0,0,2,515023,0,4,0,10,585,202230,5327,0,1,22694,17751,857,1335,50,9,79,0,8,103,103,105,5,5,1816376,203,0,130,5,350416,350368,125,14,0,1,3,512852,337432,6,6,214,22,10,0,0,0,100,655706,293,0,70,1,0,0,3,0,0,3,1,0,0,1
2692.05,1662575420351,5.015761607,1,2.8,25.4,0.0,71.8,0.0,0.0,0.0,112,1,63,0,2,520256,74472,353344,719344,5628,98495,84,84,35,0,0,5,7,5,2,0,1,0,0,0,0,12,544579,0,4,0,11,509,235393,5328,0,1,22970,17956,4029,4197,886,283,913,252,9,105,105,104,1602,679,2022223,203,7,129,45,349829,349777,127,16,7,8,17,542704,334051,10,13,226,33,26,0,8,0,100,693787,314,0,78,1,0,0,22,0,0,22,1,0,0,1
2697.06,1662575427101,5.014074337,1,0.7,28.7,0.0,70.6,0.0,0.0,0.0,113,1,64,0,2,520044,74684,353344,719136,13158,199147,140,140,35,0,0,0,2,0,2,3,1,0,0,0,0,13,556635,0,15,0,11,2500,233312,5495,3,0,23546,18748,7652,7676,1604,885,1439,630,9,118,118,114,3132,1225,2055847,231,10,131,7,367298,367263,139,14,10,21,26,556313,349366,14,19,249,34,30,5,13,1,104,710517,339,0,68,1,3,7,25,0,0,25,1,2,1,2
2702.08,1662575438940,5.015036571,1,2.5,33.3,0.0,63.6,0.0,0.0,0.6,113,1,64,0,2,520088,74636,353348,719180,6289,99209,189,189,35,0,0,5,7,5,2,0,1,0,0,0,0,6,511154,0,4,1,11,589,209167,5319,0,1,23282,18256,6113,6266,1282,487,1299,252,9,104,104,107,2484,932,1893441,205,11,129,45,344347,344282,128,16,11,13,25,509144,326806,14,18,228,37,27,0,13,0,100,618896,333,0,83,1,0,0,26,0,1,27,1,1,1,2
2707.1,1662575445726,5.015678339,1,20.7,34.4,0.0,44.3,0.0,0.0,0.6,113,1,64,0,2,520624,74084,353364,719732,6081,99935,56,56,35,0,0,5,7,5,2,0,1,0,0,0,0,6,552382,0,5,0,11,2883,239589,5226,0,1,22961,18018,3048,3198,440,87,468,0,8,108,108,111,878,248,2038266,213,5,130,6,352497,352450,126,14,4,5,12,550370,337708,10,11,229,27,17,0,5,0,106,697821,315,0,62,1,0,0,10,0,0,10,1,0,0,1
2712.12,1662575452527,5.015796674,1,5.7,39.8,0.0,54.2,0.0,0.0,0.3,113,1,64,0,2,520120,74584,353368,719232,5942,99425,84,84,35,0,0,5,7,5,2,0,1,0,0,0,0,3,556647,0,10,0,11,1447,247246,5194,0,1,22647,17723,1049,1205,65,10,90,0,9,104,104,111,5,5,2081707,203,0,130,5,347364,347319,123,15,0,0,4,554538,334265,6,6,220,29,11,0,0,0,101,719163,319,0,69,1,0,0,3,0,1,4,1,0,0,1
2717.14,1662575459354,5.015954488,1,1.4,31.5,0.0,66.8,0.0,0.0,0.3,113,1,64,0,2,520184,74520,353368,719296,5560,99406,56,56,35,0,0,5,7,5,2,0,1,0,0,0,0,14,510269,0,6,0,10,1860,210226,5647,0,1,23524,18334,6299,6819,1293,368,1317,126,169,101,101,103,2487,930,1868306,199,11,132,45,342239,342182,216,13,11,13,25,508192,324115,16,20,388,36,153,0,14,0,98,618366,534,0,146,1,0,0,28,0,0,28,1,0,0,1
2722.16,1662575466144,5.015834024,1,3.3,34.8,0.0,61.9,0.0,0.0,0.0,113,1,64,0,2,519796,74908,353368,718908,5557,99347,84,84,35,0,0,5,11,5,6,0,2,0,0,0,0,2,505168,0,5,0,23,2729,195311,5492,0,1,22908,17972,2940,3099,440,86,464,0,17,104,103,105,876,259,1787508,201,4,131,5,349190,349140,128,17,4,5,13,503088,334467,10,11,214,23,11,0,5,0,100,634236,312,0,86,1,1,7,10,1,4,14,1,1,0,2
2727.19,1662575473526,5.027083817,1,5.7,30.5,0.0,63.8,0.0,0.0,0.0,113,1,64,0,2,520424,74288,353360,719528,5855,98354,56,56,35,0,0,8,10,8,2,0,1,0,0,0,0,0,490262,0,5,0,12,2883,192334,4949,0,1,22584,17662,873,1376,51,10,77,0,9,103,103,107,3,5,1712029,203,0,130,5,339898,339850,122,16,0,0,3,488178,326892,6,6,213,24,10,0,0,0,99,616460,293,0,75,1,0,0,2,0,3,5,1,1,1,2
2732.21,1662575480356,5.019741337,1,2.4,34.0,0.0,62.9,0.0,0.0,0.6,113,1,64,0,2,520120,74592,353360,719224,7735,99940,84,84,35,0,0,5,7,5,2,0,1,0,0,0,0,16,499421,0,16,0,11,1538,199367,5684,0,1,24278,18818,13190,13702,2939,733,2968,630,9,119,119,115,6175,2275,1839788,233,24,129,47,347847,347775,142,16,24,30,47,497465,324894,20,35,260,39,43,5,30,1,104,571579,381,0,82,1,0,0,61,0,0,61,1,0,0,1
2737.23,1662575487172,5.015298519,1,5.2,31.0,0.0,63.7,0.0,0.0,0.0,113,2,64,0,2,520044,74668,353360,719148,5557,99347,56,56,35,0,0,5,7,5,2,0,1,0,0,0,0,5,501277,0,4,0,11,2601,193545,5132,0,1,23143,18125,5838,6309,1258,234,1288,189,9,103,103,106,2475,936,1768142,201,11,129,44,350541,350487,122,16,11,13,25,499315,333339,14,18,220,25,21,0,13,0,101,589911,335,0,78,1,0,0,27,0,0,27,1,0,0,1
2742.25,1662575493938,5.016339814,1,2.8,30.8,0.0,65.4,0.0,0.0,0.9,112,1,64,0,2,520120,74580,353372,719236,5907,99096,294,294,35,0,0,5,7,5,2,0,1,0,0,0,0,2,507195,0,5,0,11,537,194124,5120,0,1,23153,18188,2377,2872,220,206,237,126,9,111,111,112,722,124,1761278,209,2,130,5,352801,352753,126,16,2,3,8,505320,337599,7,8,219,22,14,0,3,0,107,631744,312,0,69,1,0,0,6,0,0,6,1,0,0,1
2747.26,1662575500693,5.014931340,1,2.3,29.5,0.0,67.8,0.0,0.0,0.3,113,2,64,0,2,520860,73836,353376,719976,5484,96331,84,84,35,0,0,8,16,8,8,1,3,0,0,0,0,11,500168,0,5,0,29,2854,192217,5172,2,1,22320,17448,4045,4210,877,158,904,63,21,101,101,103,1606,683,1818766,197,7,127,45,348248,348196,124,20,7,8,17,498181,332769,10,13,218,34,25,0,9,0,97,598601,323,0,98,1,2,7,24,1,6,30,1,2,1,2
2752.28,1662575507476,5.015318059,1,4.4,27.9,0.0,67.8,0.0,0.0,0.0,113,1,64,0,2,520892,73800,353380,720012,5935,99555,56,56,35,0,0,5,7,5,2,0,1,0,0,0,0,7,508129,0,4,0,11,2895,202536,5227,0,1,23148,18136,5841,6322,1248,234,1266,126,9,103,103,107,2474,942,1871010,203,11,130,44,348679,348621,127,16,11,13,25,506149,331484,14,18,223,27,22,0,13,0,100,604534,345,0,80,1,0,0,24,0,0,24,1,0,0,1
2757.3,1662575514233,5.016566436,1,4.4,32.9,0.0,61.4,0.0,0.0,1.3,111,1,63,0,2,522404,72284,353384,721528,5999,99878,294,294,35,0,0,5,7,5,2,0,1,0,0,0,0,9,505516,0,10,0,10,2902,195832,5206,0,1,23146,18184,2374,2532,218,17,246,63,9,110,110,117,733,132,1806819,207,2,131,5,349705,349671,125,15,2,3,8,503369,334426,7,8,222,22,14,0,3,0,107,629759,324,0,74,1,0,0,5,0,0,5,1,0,0,1
2762.32,1662575521034,5.016133579,1,4.2,29.2,0.0,65.8,0.0,0.0,0.7,112,1,64,0,2,521144,73552,353376,720260,5923,97987,56,56,35,0,0,5,7,5,2,0,1,0,0,0,0,4,493311,0,6,1,11,2883,191302,5238,0,1,22922,17919,4076,4239,889,347,915,63,9,105,105,108,1599,684,1796599,207,7,129,45,345213,345160,125,15,7,8,16,491294,329372,10,13,233,35,27,0,8,0,102,594233,309,0,73,1,0,0,19,0,0,19,1,0,0,1
2767.34,1662575527835,5.015639160,1,4.7,31.9,0.0,62.8,0.0,0.0,0.7,111,1,63,0,2,521320,73364,353388,720448,5348,92124,84,84,35,0,0,5,7,5,2,6,1,0,0,0,0,6,517478,0,4,0,11,2732,206895,5312,0,1,21719,17022,6325,6487,1408,116,1431,63,9,96,96,98,2718,1024,1858766,189,15,121,44,352533,352479,120,16,15,17,29,515394,335599,14,22,216,24,28,0,17,0,93,607523,323,0,82,1,0,0,27,0,0,27,1,0,0,1
2772.35,1662575534559,5.013492153,1,21.3,32.7,0.0,45.4,0.0,0.0,0.6,112,1,64,0,2,520596,74092,353384,719720,9628,130196,322,322,35,0,0,8,16,8,7,1,3,0,0,0,0,17,565900,0,16,0,26,3121,249099,5990,2,1,24617,19404,13700,13209,2688,859,2426,504,19,127,127,124,6123,1994,2122978,241,23,130,8,365925,365881,144,17,23,29,47,564471,342940,20,33,258,32,35,5,30,1,113,682226,394,0,98,1,2,6,46,1,6,52,1,2,1,2
2777.37,1662575542814,5.016043329,1,3.0,31.4,0.0,65.6,0.0,0.0,0.0,112,1,64,0,2,520840,73856,353376,719956,6052,98606,84,84,35,0,0,5,7,5,2,0,1,0,0,0,0,5,560067,0,5,0,11,2848,248681,5376,0,1,22733,17804,1159,1669,72,9,98,0,9,106,106,110,6,5,2089642,207,0,130,6,349713,349670,129,15,0,0,4,558040,336497,6,6,224,35,14,0,0,0,102,730269,311,0,69,1,0,0,5,0,0,5,1,0,0,1
2782.39,1662575549633,5.020288344,1,2.0,42.8,0.0,55.2,0.0,0.0,0.0,112,1,64,0,2,520948,73748,353376,720068,5453,98304,56,56,35,0,0,5,7,5,2,0,1,0,0,0,0,4,490070,0,4,0,11,569,188119,5373,0,1,23034,18044,6003,6163,1270,424,1290,126,9,101,101,103,2471,943,1786173,199,11,128,44,344097,344041,121,15,11,13,25,488081,326740,14,18,221,32,24,0,13,0,99,588025,319,0,80,1,0,0,29,0,1,30,1,0,0,1
2787.41,1662575556475,5.016941244,1,7.1,27.4,0.0,65.5,0.0,0.0,0.0,112,1,64,0,2,519656,75048,353368,718768,5690,94776,294,294,35,0,0,5,7,5,2,0,1,0,0,0,0,5,495119,0,6,0,12,555,190299,5216,0,1,23372,18411,5745,5650,1051,166,817,0,9,107,107,111,2385,759,1728200,201,9,129,17,347518,347465,122,15,9,10,23,492988,329212,12,14,223,28,27,0,11,0,105,599560,321,0,77,1,0,0,10,0,0,10,1,0,0,1
2792.43,1662575563319,5.023318739,1,2.1,27.3,0.0,70.2,0.0,0.0,0.4,112,1,64,0,2,520020,74684,353368,719132,5748,100770,56,56,35,0,0,5,7,5,2,0,1,0,0,0,0,1,549146,0,4,0,10,516,235384,5290,0,1,22772,17814,972,1442,59,10,86,0,8,106,106,107,5,5,2025362,209,0,131,6,351801,351756,128,14,0,0,3,546995,338658,6,6,223,26,14,0,0,0,103,707151,305,0,72,1,0,0,4,0,0,4,1,0,0,1
2797.45,1662575570150,5.016760627,1,5.5,34.6,0.0,59.6,0.0,0.0,0.3,113,1,64,0,2,520988,73712,353372,720100,11000,103154,8983,8983,35,0,0,8,12,8,4,1,2,0,0,0,0,9,513279,0,11,1,18,574,208394,5536,3,1,23444,18399,6773,6921,1482,618,1504,189,13,148,149,146,2853,1113,1863303,237,12,130,46,347260,347194,145,16,12,14,28,511238,328975,15,19,268,35,51,11,15,2,135,628537,384,0,91,1,1,0,27,1,6,33,1,1,1,2
2802.47,1662575576960,5.017441457,1,5.4,37.2,0.0,57.4,0.0,0.0,0.0,113,1,64,0,2,520200,74488,353384,719328,5852,99209,294,294,35,0,0,5,7,5,2,0,1,0,0,0,0,7,486753,0,4,0,11,1025,188104,5465,0,1,23279,18266,5354,5834,1047,290,1074,126,9,109,109,111,2344,801,1705745,207,9,129,45,341099,341041,125,16,9,11,20,484722,323255,10,14,226,27,26,0,11,0,107,590784,326,0,75,1,0,0,22,0,0,22,1,0,0,1
2807.49,1662575583774,5.018626658,1,2.9,32.0,0.0,64.7,0.0,0.0,0.3,113,1,64,0,2,519916,74748,353408,719056,8143,101096,56,56,35,0,0,5,7,5,2,1,1,0,0,0,0,11,501534,0,19,0,13,2352,192286,5412,0,1,24040,18656,10151,10328,2152,522,2157,441,9,120,120,122,4580,1640,1776801,237,17,130,8,353439,353376,139,15,17,22,33,499657,333205,16,28,256,32,31,5,22,1,108,608101,356,0,76,1,0,0,40,0,0,40,1,1,1,2
2812.51,1662575590570,5.020586278,1,2.8,25.9,0.0,71.3,0.0,0.0,0.0,113,1,64,0,2,520704,73948,353420,719852,5545,98304,84,84,35,0,0,5,7,5,2,6,1,0,0,0,0,8,499737,0,7,0,11,596,198612,5594,0,1,23228,18204,6539,6693,1408,179,1438,189,9,102,102,106,2707,1020,1840366,199,15,129,44,343512,343448,125,15,15,17,30,497601,325637,14,22,230,32,30,0,17,0,98,590537,342,0,83,1,0,0,27,0,0,27,1,0,0,1
2817.53,1662575597359,5.016049293,1,3.4,38.2,0.0,58.1,0.0,0.0,0.3,113,1,64,0,2,519916,74744,353412,719060,5748,99991,266,266,35,0,0,5,7,5,2,0,1,0,0,0,0,10,524415,0,4,0,11,2870,220653,5459,0,1,23378,18348,5348,5859,1044,228,1064,189,9,110,110,109,2337,801,1927489,209,9,129,45,347121,347058,125,16,9,11,20,522309,329165,11,15,226,27,26,0,11,0,105,651084,328,0,79,1,0,0,23,0,0,23,1,0,0,1
2822.55,1662575604178,5.017428344,1,2.9,34.1,0.0,63.1,0.0,0.0,0.0,113,1,64,0,2,520468,74192,353412,719612,5748,99649,84,84,35,0,0,6,12,5,6,0,2,0,0,0,0,2,512515,0,5,0,23,2885,205940,5066,0,1,22690,17744,975,1456,58,9,85,0,10,106,106,108,4,5,1820648,207,0,130,6,344273,344231,125,16,0,0,4,510299,331211,6,6,222,26,14,0,0,0,103,660787,288,0,69,0,0,0,3,1,4,7,0,0,0,0
2827.57,1662575610949,5.015757374,1,3.5,36.1,0.0,60.4,0.0,0.0,0.0,113,1,64,0,2,520940,73720,353412,720084,5245,91264,84,84,35,0,0,8,10,8,2,0,1,0,0,0,0,18,516204,0,4,0,11,2737,207555,5224,0,1,21841,17116,6003,6474,1269,423,1301,63,9,95,95,97,2473,932,1894220,187,11,123,44,349663,349613,115,16,11,13,26,514544,332930,14,18,209,32,24,0,13,0,93,637211,308,0,78,1,0,0,30,0,2,32,1,0,0,1
2832.59,1662575617757,5.015774304,1,5.1,34.3,0.0,60.3,0.0,0.0,0.3,113,1,64,0,2,520988,73672,353412,720132,6253,98998,266,266,35,0,0,5,7,5,2,0,1,0,0,0,0,8,509546,0,5,0,11,1085,206527,5572,0,1,23328,18316,5366,5533,1043,417,1064,252,9,110,110,114,2339,807,1849747,209,9,130,45,345414,345357,130,16,9,11,20,507449,327506,11,15,229,29,27,0,11,0,106,610413,344,0,78,1,0,0,24,0,0,24,1,1,1,2
2837.61,1662575624551,5.015386707,1,2.6,31.3,0.0,65.2,0.0,0.0,1.0,113,1,64,0,2,520940,73720,353412,720084,5685,98606,84,84,35,0,0,5,7,5,2,0,1,0,0,0,0,0,500747,0,4,0,11,597,194142,5065,0,1,22636,17703,969,1127,58,9,85,0,9,106,106,107,4,5,1832593,207,0,130,6,344626,344584,125,13,0,0,4,498821,331578,6,6,222,25,14,0,0,0,102,615959,304,0,70,1,0,0,3,0,0,3,1,0,0,1
2842.64,1662575631322,5.025186096,1,3.3,29.7,0.0,67.0,0.0,0.0,0.0,112,1,63,0,2,520452,74216,353404,719588,5734,97547,56,56,35,0,0,5,7,5,2,0,1,0,0,0,0,5,500508,0,4,0,11,2843,191486,4986,0,1,22911,17968,4788,5625,931,163,1126,126,9,104,104,106,1791,671,1820365,205,9,129,33,350260,350204,124,15,8,13,19,498484,334084,13,17,221,30,16,0,10,0,101,598482,329,0,79,1,0,0,24,0,0,24,1,0,0,1
2847.65,1662575638047,5.013300640,1,2.5,34.6,0.0,62.9,0.0,0.0,0.0,113,1,64,0,2,520924,73752,353396,720060,8519,108999,294,294,35,0,0,5,12,5,7,0,2,0,0,0,0,26,510073,0,19,0,26,1181,200152,5761,0,1,24461,19274,14768,14549,3104,548,3107,504,19,124,124,126,6896,2425,1834362,235,26,129,47,359940,359893,145,18,26,32,51,509661,335897,20,36,264,40,46,5,33,1,112,583316,396,0,96,1,1,6,54,1,4,58,1,1,0,2
2852.67,1662575645344,5.015853744,1,14.1,28.2,0.0,57.7,0.0,0.0,0.0,114,3,64,0,1,520632,74052,353388,719760,5903,99727,56,56,35,0,0,8,10,8,2,0,1,0,0,0,0,2,501087,0,4,0,11,2894,194940,5232,0,1,22743,17785,991,1151,58,9,85,0,9,107,107,109,5,5,1840819,211,0,131,6,344280,344239,126,16,0,0,3,499201,331232,6,6,223,26,15,0,0,0,104,634928,305,0,71,1,0,0,5,0,2,7,1,0,0,1
2857.69,1662575652231,5.016139785,1,2.6,31.6,0.0,65.5,0.0,0.0,0.3,113,1,64,0,2,520144,74540,353388,719272,5861,99347,84,84,35,0,0,5,7,5,2,4,1,0,0,0,0,8,551252,0,5,0,11,3042,243620,5559,0,1,23369,18225,3766,4269,605,100,623,126,109,103,103,107,1118,347,2068113,201,8,132,5,351021,350964,172,15,8,9,17,549205,334897,11,16,340,33,117,0,9,0,100,687673,441,0,112,1,0,0,10,0,0,10,1,1,1,2
2862.71,1662575659090,5.015436879,1,3.7,27.5,0.0,67.8,0.0,0.0,1.0,113,1,64,0,2,520168,74516,353388,719300,5956,97899,56,56,35,0,0,5,7,5,2,0,1,0,0,0,0,7,523471,0,9,0,10,2899,219291,5538,0,1,23176,18168,6109,6593,1265,235,1292,126,8,102,102,108,2482,924,1904606,201,11,129,45,348459,348419,124,13,11,13,25,521657,331066,14,18,227,35,26,0,13,0,99,638769,349,0,80,1,0,0,28,0,0,28,1,0,0,1
2867.73,1662575665861,5.015197509,1,18.3,34.1,0.0,46.6,0.0,0.0,0.9,113,1,64,0,2,521964,72724,353384,721092,5874,99543,84,84,35,0,0,5,7,5,2,0,1,0,0,0,0,0,500956,0,8,0,11,2976,193927,5367,0,1,22731,17791,975,1440,59,10,86,0,9,105,105,108,5,5,1833841,207,0,130,6,345977,345937,129,15,0,0,3,499049,332914,6,6,225,25,14,0,0,0,101,622134,312,0,70,1,0,0,3,0,0,3,1,0,0,1
2872.75,1662575672665,5.016743643,1,4.3,33.9,0.0,61.5,0.0,0.0,0.3,113,2,63,0,2,521932,72748,353392,721068,5494,98304,84,84,35,0,0,6,12,5,6,0,2,0,0,0,0,4,560252,0,4,0,20,2551,245635,5297,0,1,22919,17986,3116,3273,450,24,478,0,17,103,103,104,878,270,2078591,201,4,130,5,354780,354730,124,17,4,5,13,558274,339908,10,11,218,29,15,0,5,0,99,718326,325,0,85,1,1,6,9,1,4,13,1,1,0,2
2877.77,1662575679498,5.016360786,1,3.4,29.3,0.0,67.0,0.0,0.0,0.3,113,1,64,0,2,520532,74156,353384,719660,5484,97218,56,56,35,0,0,9,13,8,3,5,2,0,0,0,0,5,521139,0,4,0,14,568,217387,5556,3,1,23081,18082,6118,6590,1273,486,1300,63,11,100,100,102,2474,929,1911964,197,11,129,45,345248,345192,122,18,11,13,25,519256,327762,14,18,220,35,26,0,13,0,98,645826,344,0,84,1,1,0,28,0,2,30,1,1,1,2
2882.79,1662575686273,5.016224332,1,10.4,32.1,0.0,56.3,0.0,0.0,1.3,113,1,64,0,2,520428,74260,353384,719556,7974,99747,84,84,35,0,0,5,7,5,2,1,1,0,0,0,0,14,513085,0,16,0,11,3903,206358,5657,0,1,23923,18569,10937,10983,2328,466,2193,315,9,118,118,117,5016,1802,1900740,228,19,130,17,353002,352935,140,16,19,22,37,511190,332073,16,28,246,32,28,5,24,1,104,614928,368,0,80,1,0,0,40,0,0,40,1,1,1,2
2887.81,1662575693166,5.015302103,1,6.3,32.7,0.0,60.7,0.0,0.0,0.3,113,1,64,0,2,520388,74300,353384,719516,5765,99657,56,56,35,0,0,5,7,5,2,4,1,0,0,0,0,2,495750,0,6,0,11,2928,193818,5234,0,1,23033,18072,3416,3864,577,95,606,0,9,106,106,107,1117,347,1764235,209,8,130,5,343065,343028,126,16,8,9,16,493941,327910,10,15,220,23,12,0,9,0,102,606635,311,0,78,1,0,0,9,0,0,9,1,0,0,1
2892.83,1662575699948,5.015748717,1,5.1,30.9,0.0,63.4,0.0,0.0,0.6,112,1,64,0,2,521232,73452,353388,720364,5640,99643,84,84,35,0,0,5,7,5,2,0,1,0,0,0,0,7,496867,0,5,0,11,2895,193178,5189,0,1,23230,18204,6104,6276,1274,235,1286,126,9,103,103,105,2480,916,1800007,201,11,130,45,346704,346641,120,16,11,14,25,494907,329272,14,18,217,31,24,0,13,0,97,600196,327,0,78,0,0,0,27,0,0,27,0,0,0,0
2897.88,1662575706733,5.048251851,1,3.1,27.5,0.0,69.2,0.0,0.0,0.3,112,1,64,0,2,520176,74492,353404,719320,5660,99425,84,84,35,0,0,5,12,5,7,0,2,0,0,0,0,6,501582,0,5,1,21,1425,193278,5361,0,1,22685,17736,2118,2420,538,207,254,0,18,104,104,105,820,421,1829496,203,3,130,16,347370,347324,127,15,3,2,10,499408,333231,7,7,222,24,21,0,3,0,100,616750,322,0,89,1,1,6,4,1,4,8,1,1,0,2
2902.9,1662575713573,5.015988305,1,5.9,34.2,0.0,59.6,0.0,0.0,0.3,112,1,64,0,2,520500,74168,353404,719644,5551,99397,56,56,35,0,0,5,7,5,2,6,1,0,0,0,0,4,534723,0,5,0,11,656,220245,5621,0,1,23464,18277,3798,4261,593,103,619,0,131,102,102,104,1109,349,1929559,201,8,132,5,355561,355510,194,15,8,10,16,532625,339256,13,18,373,31,145,0,11,0,99,666067,470,0,129,1,0,0,11,0,1,12,1,0,0,1
2907.92,1662575720343,5.016752363,1,4.7,31.9,0.0,63.4,0.0,0.0,0.0,112,1,64,0,2,520720,73948,353404,719864,5725,97374,84,84,35,0,0,8,10,8,2,0,1,0,0,0,0,8,541143,0,4,0,10,2139,231746,5497,0,1,23102,18107,6102,6258,1268,171,1307,252,8,103,103,104,2481,941,2000499,201,12,128,45,351542,351486,120,13,11,13,26,539195,334098,14,18,225,36,26,0,13,0,98,672917,348,0,81,1,0,0,29,0,1,30,1,1,1,2
2912.94,1662575727168,5.016312006,1,6.2,32.9,0.0,60.5,0.0,0.0,0.3,112,1,64,0,2,519636,75032,353404,718780,5545,99347,56,56,35,0,0,5,7,5,2,0,1,0,0,0,0,7,494091,0,6,0,11,2494,191426,5509,0,1,22773,17774,3762,3931,865,220,892,63,9,101,101,104,1608,679,1752725,199,7,130,44,342964,342912,121,15,7,9,16,491876,327429,10,13,219,24,20,0,8,0,98,600076,322,0,72,1,0,0,22,0,0,22,1,0,0,1
2917.96,1662575733978,5.016930075,1,4.2,31.6,0.0,64.2,0.0,0.0,0.0,112,1,64,0,2,520872,73804,353396,720008,6131,99686,189,189,35,0,0,5,7,5,2,0,1,0,0,0,0,8,552464,0,10,0,11,2875,238712,5526,0,1,23296,18360,3560,3629,443,23,463,0,9,105,105,110,965,261,2058414,201,4,130,5,355756,355691,126,15,4,5,13,550394,339514,9,10,219,20,13,0,5,0,101,689104,335,0,68,1,0,0,8,0,0,8,1,0,0,1
2922.97,1662575740736,5.012833975,1,5.2,29.4,0.0,65.4,0.0,0.0,0.0,112,1,64,0,2,521380,73292,353400,720524,14644,218808,168,168,35,0,0,0,1,0,1,4,1,0,0,0,0,12,538318,0,15,0,8,1031,226941,5479,2,0,23544,18705,10351,9903,2383,902,2111,504,7,115,115,114,4590,1869,2014499,227,17,130,46,356917,356891,133,14,17,26,35,536927,336806,16,23,248,30,37,5,19,1,104,655797,364,0,71,1,1,0,39,0,0,39,1,1,1,2
2927.99,1662575754024,5.016336341,1,2.6,33.2,0.0,63.2,0.0,0.0,1.0,112,1,64,0,2,520396,74276,353400,719540,5751,98643,189,189,35,0,0,5,7,5,2,0,1,0,0,0,0,4,531358,0,5,1,11,585,219813,5418,0,1,23262,18348,4058,3761,463,152,468,63,9,106,106,108,1009,267,1908792,203,4,129,5,353160,353114,123,16,4,5,14,529425,336459,10,11,216,23,13,0,6,0,103,669308,307,0,67,1,0,0,8,0,1,9,1,1,1,2
2933.01,1662575760827,5.017297168,1,2.1,39.2,0.0,58.4,0.0,0.0,0.3,112,1,64,0,2,520120,74552,353400,719264,5426,94295,84,84,35,0,0,5,7,5,2,0,1,0,0,0,0,12,550026,0,6,0,10,2754,239632,5482,0,1,22114,17347,6096,6250,1272,234,1299,63,8,100,100,102,2462,929,2048327,195,11,124,45,351440,351377,121,13,11,13,26,547831,334451,14,18,221,35,27,0,13,0,95,671443,323,0,80,1,0,0,27,0,0,27,1,0,0,1
2938.03,1662575767667,5.015434323,1,2.5,31.1,0.0,64.8,0.0,0.0,1.6,112,1,64,0,2,519940,74728,353404,719088,5401,98304,56,56,35,0,0,5,7,5,2,0,1,0,0,0,0,4,482303,0,4,0,14,539,191149,5086,0,1,22706,17734,3768,3932,863,157,889,189,9,101,101,101,1598,692,1716881,199,8,128,44,332320,332268,125,15,7,8,16,480304,316861,10,13,217,24,20,0,8,0,96,581055,304,0,75,1,0,0,21,0,0,21,1,0,0,1
2943.05,1662575774457,5.016154997,1,3.4,34.2,0.0,61.8,0.0,0.0,0.6,112,1,64,0,2,520088,74588,353396,719228,5730,98937,294,294,35,0,0,5,7,5,2,6,1,0,0,0,0,4,554684,0,6,0,10,2973,247304,5624,0,1,23770,18622,5057,5208,764,171,780,0,135,111,111,112,1836,470,2080669,209,10,133,5,353600,353542,193,13,10,12,21,552889,335511,12,18,349,23,107,0,12,0,107,697787,492,0,122,1,0,0,9,0,0,9,1,0,0,1
2948.07,1662575781251,5.018267480,1,4.8,30.8,0.0,64.4,0.0,0.0,0.0,112,1,64,0,2,519892,74784,353396,719032,5644,97563,56,56,35,0,0,8,18,5,10,4,3,0,0,0,0,9,486265,0,4,0,28,2879,188212,5283,2,1,23014,18042,5880,6155,1201,483,1280,252,25,104,104,105,2041,755,1775747,205,9,128,45,339271,339227,128,19,9,13,22,483227,322777,14,18,228,34,27,0,11,0,101,581612,346,0,101,1,2,6,23,0,0,23,1,2,1,2
2953.09,1662575788059,5.019132371,1,4.7,27.8,0.0,67.6,0.0,0.0,0.0,113,1,64,0,2,519816,74860,353396,718956,5712,98565,84,84,35,0,0,7,9,7,2,0,1,0,0,0,0,9,511668,0,5,0,11,2009,207850,5314,0,1,22845,17841,3777,3939,863,159,888,63,9,103,103,105,1591,679,1848746,201,7,129,44,345193,345140,126,15,7,8,16,509617,329766,10,13,223,24,24,0,9,0,99,624667,332,0,80,1,0,0,21,1,5,26,1,1,1,2
2958.11,1662575794862,5.017602857,1,5.0,32.7,0.0,61.1,0.0,0.0,1.2,113,1,64,0,2,519932,74708,353432,719096,8186,102365,294,294,35,0,0,5,7,5,2,1,1,0,0,0,0,24,513481,0,16,0,11,2776,205127,5659,0,1,24745,19332,12530,13402,2418,663,2555,378,9,125,125,125,5540,1822,1832645,237,20,130,7,356402,356314,140,16,20,30,43,511075,333026,19,33,253,31,32,5,26,1,112,601546,376,0,76,1,0,0,46,0,1,47,1,0,0,1
2963.13,1662575802250,5.016239696,1,1.9,33.3,0.0,64.7,0.0,0.0,0.0,113,1,64,0,2,520216,74432,353424,719372,5748,99649,84,84,35,0,0,5,7,5,2,0,1,0,0,0,0,8,501159,0,5,0,9,2287,193251,5204,0,1,23078,18117,3245,3683,457,25,479,0,9,106,106,108,880,259,1820008,207,4,130,6,347671,347617,125,16,4,5,13,499017,332569,10,11,226,34,18,0,6,0,103,624127,309,0,73,1,0,0,11,0,0,11,1,0,0,1
2968.14,1662575809049,5.014770754,1,3.6,39.7,0.0,56.3,0.0,0.0,0.3,113,1,64,0,2,520616,74032,353424,719772,5999,98667,84,84,35,0,0,5,7,5,2,0,1,0,0,0,0,2,492468,0,10,0,11,621,191845,5359,0,1,22942,17930,3975,4110,875,221,903,0,9,103,103,108,1603,685,1804161,203,7,130,44,341323,341273,127,16,7,8,17,490601,325648,10,13,230,31,26,0,8,0,98,603304,339,0,77,1,0,0,23,0,0,23,1,0,0,1
2973.16,1662575815832,5.015554552,1,20.8,33.2,0.0,45.6,0.0,0.0,0.3,113,1,64,0,2,520252,74396,353424,719408,5924,98913,266,266,35,0,0,5,7,5,2,0,1,0,0,0,0,7,568089,0,4,0,10,521,250941,5369,0,1,23137,18176,2364,2520,218,16,238,63,9,110,110,112,741,125,2112719,209,2,130,5,357059,357012,126,15,2,3,7,566163,341815,7,8,220,22,15,0,3,0,108,743346,312,0,76,0,0,0,5,0,0,5,0,0,0,0
2978.18,1662575822679,5.016678034,1,1.5,35.5,0.0,63.0,0.0,0.0,0.0,113,1,64,0,2,520592,74044,353436,719760,5685,99649,84,84,35,0,0,8,12,8,4,0,2,0,0,0,0,8,523485,0,4,0,15,542,222057,5509,0,1,23006,18063,3232,3380,455,86,479,0,13,106,106,107,876,264,1922890,207,4,130,6,342289,342243,127,17,4,5,13,521565,327296,10,11,226,33,18,0,5,0,102,669231,322,0,80,1,2,6,9,1,6,15,1,2,1,2
2983.2,1662575829525,5.016682985,1,3.9,35.2,0.0,60.9,0.0,0.0,0.0,113,1,64,0,2,519548,75092,353432,718708,5757,98148,56,56,35,0,0,5,7,5,2,0,1,0,0,0,0,9,522537,0,4,1,10,2325,219946,5245,0,1,22852,17861,3947,4111,883,220,907,63,8,100,100,103,1597,679,1914375,197,7,129,44,343183,343122,122,14,7,8,16,520373,327476,10,13,216,33,23,0,8,0,97,664558,333,0,78,1,0,0,20,0,0,20,1,0,0,1
2988.22,1662575836322,5.015656331,1,6.1,31.3,0.0,61.6,0.0,0.0,1.0,113,1,64,0,2,519948,74684,353440,719120,5800,99991,294,294,35,0,0,5,7,5,2,0,1,0,0,0,0,6,548882,0,5,0,10,2870,241312,5182,0,1,22996,18076,3684,3507,560,278,431,126,9,110,110,112,1409,397,2038128,207,5,133,17,348535,348481,129,16,5,4,14,546760,332057,8,9,227,27,26,0,6,0,107,705716,329,0,74,1,0,0,6,0,0,6,1,0,0,1
2993.24,1662575843360,5.016453983,1,1.8,26.3,0.0,71.5,0.0,0.0,0.4,112,1,63,0,2,520816,73824,353432,719980,5897,98734,56,56,35,0,0,5,7,5,2,6,1,0,0,0,0,7,550635,0,5,0,10,2887,243191,5352,0,1,23083,18127,3730,3882,602,95,630,0,9,106,106,109,1111,347,2061155,209,8,130,6,347732,347678,126,16,8,9,16,548501,332215,10,15,233,34,22,0,9,0,104,700732,326,0,80,1,0,0,11,0,0,11,1,0,0,1
2998.25,1662575850128,5.013356465,1,17.4,31.7,0.0,50.6,0.0,0.0,0.2,113,1,64,0,2,520452,74196,353424,719612,14324,202893,1330,1330,35,0,0,0,2,0,2,1,1,0,0,0,0,6,534397,0,27,0,10,1348,214330,5720,3,0,24184,19375,10264,10621,1936,576,1787,315,9,146,146,146,4332,1461,1956832,247,16,130,7,366415,366390,143,14,16,26,33,534138,344817,18,24,265,31,37,27,15,5,124,658893,388,0,70,1,1,0,28,0,0,28,1,1,1,2
3003.27,1662575862351,5.016467012,1,4.1,30.3,0.0,65.3,0.0,0.0,0.3,113,1,64,0,2,520720,73928,353424,719880,6000,99649,84,84,35,0,0,5,7,5,2,0,1,0,0,0,0,3,557455,0,5,0,11,539,242644,5363,0,1,22986,18042,3233,3380,460,24,485,126,9,106,106,110,878,270,2074338,207,4,130,6,354234,354183,125,15,4,5,13,555358,339226,10,11,224,36,18,0,5,0,102,723641,312,0,75,1,0,0,11,1,4,15,1,0,0,1
3008.29,1662575869169,5.016348943,1,4.9,31.1,0.0,63.9,0.0,0.0,0.0,113,1,64,0,2,520020,74624,353428,719180,5774,97469,56,56,35,0,0,5,7,5,2,0,1,0,0,0,0,5,530119,0,4,0,11,2890,232567,5422,0,1,22863,17865,3949,4430,880,94,908,126,8,103,103,104,1606,679,1975238,203,8,129,44,340859,340808,125,13,7,8,17,528129,325184,10,13,224,31,25,0,8,0,99,673585,325,0,77,1,0,0,21,0,0,21,1,0,0,1
3013.31,1662575875996,5.017104356,1,22.9,35.0,0.0,41.8,0.0,0.0,0.3,112,1,64,0,2,520632,74012,353428,719792,11607,103995,9073,9073,35,0,0,5,7,5,2,0,1,0,0,0,0,5,508624,0,8,0,11,2910,211994,5546,0,1,23225,18258,2668,2912,293,84,438,0,9,136,137,138,919,179,1827885,225,3,130,4,337194,337165,135,16,3,5,10,506701,321920,7,9,241,19,29,7,4,2,127,624787,348,0,81,1,0,0,4,0,1,5,1,0,0,1
3018.33,1662575882832,5.016924516,1,3.7,36.7,0.0,59.6,0.0,0.0,0.0,112,1,64,0,2,520600,74040,353432,719768,5915,98656,84,84,35,0,0,5,7,5,2,0,1,0,0,0,0,3,538243,0,8,0,10,2853,235280,5484,0,1,22987,18052,3228,3702,459,86,491,63,9,107,107,112,878,267,1986277,209,4,130,6,342566,342515,126,16,4,5,13,536176,327603,10,11,233,33,18,0,5,0,102,673791,333,0,66,1,0,0,11,0,0,11,1,0,0,1
3023.35,1662575889692,5.016585928,1,2.4,35.3,0.0,62.0,0.0,0.0,0.3,112,2,64,0,2,521372,73268,353432,720540,5453,98148,56,56,35,0,0,7,11,7,4,1,2,0,0,0,0,6,500456,0,4,0,16,1361,204299,5470,2,1,22799,17812,3959,4121,875,157,899,126,13,100,100,101,1603,683,1846818,195,7,129,44,336493,336438,121,18,7,8,16,498457,320848,10,13,216,31,23,0,8,0,97,619375,326,0,83,1,1,0,21,0,1,22,1,2,2,2
3028.37,1662575896512,5.021063182,1,7.3,33.9,0.0,58.5,0.0,0.0,0.3,112,1,64,0,2,519976,74660,353436,719148,6208,99991,294,294,35,0,0,6,12,5,6,0,2,0,0,0,0,11,496204,0,5,0,19,2921,190979,5462,0,1,23437,18467,5741,5652,1034,229,814,63,17,108,108,113,2374,731,1755046,203,9,130,17,348189,348132,129,18,9,10,23,494090,329827,12,14,224,30,27,0,11,0,106,610382,358,0,92,1,1,6,13,1,4,17,1,1,0,2
3033.39,1662575903345,5.018765081,1,2.2,35.5,0.0,61.7,0.0,0.0,0.6,112,1,64,0,2,520608,74028,353436,719780,7964,100132,56,56,35,0,0,5,7,5,2,7,1,0,0,0,0,16,534871,0,15,0,9,2662,226017,5978,0,1,24730,19122,13084,13241,2695,683,2730,504,143,120,120,118,5693,1984,1981149,237,25,132,8,356952,356879,215,14,25,31,46,532850,333425,22,39,416,41,160,5,32,1,108,656535,532,0,134,1,0,0,45,0,0,45,1,0,0,1
3038.41,1662575910182,5.015700738,1,2.1,34.7,0.0,62.9,0.0,0.0,0.3,112,1,64,0,2,520520,74124,353428,719684,5505,99347,84,84,35,0,0,5,7,5,2,0,1,0,0,0,0,8,489696,0,5,0,11,1063,187858,5049,0,1,22753,17779,3946,4112,872,283,906,63,9,102,102,104,1596,687,1767738,199,7,129,44,341776,341725,121,16,7,8,16,487332,326057,10,13,221,31,23,0,8,0,98,594114,306,0,77,1,0,0,21,0,1,22,1,0,0,1
3043.43,1662575916995,5.016286933,1,5.1,30.5,0.0,64.1,0.0,0.0,0.3,112,1,64,0,2,520096,74548,353428,719260,5742,94044,294,294,35,0,0,5,7,5,2,0,1,0,0,0,0,8,531257,0,5,0,10,2780,229314,5420,0,1,22503,17716,7410,7577,1440,241,1455,189,8,106,106,109,3213,1051,1975708,199,13,123,44,345612,345546,122,14,13,17,30,529457,326771,15,20,216,24,25,0,16,0,102,653143,344,0,79,1,0,0,29,0,0,29,1,0,0,1
3048.45,1662575923851,5.015809336,1,4.5,30.5,0.0,64.3,0.0,0.0,0.6,113,1,64,0,2,521160,73484,353428,720324,5644,97563,56,56,35,0,0,8,12,8,4,4,3,0,0,0,0,5,496337,0,4,0,18,594,191912,5215,2,1,22931,18006,3252,3703,463,151,486,126,13,105,105,107,881,258,1820071,207,4,130,6,344117,344065,123,13,4,5,12,494351,329178,10,11,222,34,15,0,6,0,102,602143,330,0,82,1,1,0,13,0,1,14,1,2,2,2
3053.47,1662575930602,5.015592049,1,2.9,32.3,0.0,64.9,0.0,0.0,0.0,113,1,64,0,2,520876,73760,353436,720048,5338,98148,84,84,35,0,0,6,12,5,6,0,2,0,0,0,0,7,494501,0,4,0,20,2136,192652,5131,0,1,22919,17898,3964,4130,869,346,895,63,17,101,101,101,1602,682,1809581,197,7,129,44,343386,343354,122,17,7,8,17,492653,327732,10,13,219,30,25,0,8,0,97,600549,332,0,87,1,1,6,21,1,4,25,1,1,0,2
3058.49,1662575937409,5.015088776,1,6.3,29.8,0.0,63.6,0.0,0.0,0.3,113,1,64,0,2,521080,73556,353436,720252,5724,96992,266,266,35,0,0,5,7,5,2,0,1,0,0,0,0,11,487347,0,4,0,11,2912,191669,5221,0,1,23522,18518,7417,7584,1433,368,1451,252,9,108,108,109,3208,1057,1734347,205,13,128,45,339859,339800,124,16,13,16,29,485298,320343,15,20,227,28,27,0,16,0,106,589835,358,0,83,1,0,0,29,0,0,29,1,0,0,1
3063.51,1662575944173,5.015750231,1,2.6,38.0,0.0,59.1,0.0,0.0,0.3,113,1,64,0,2,521128,73508,353436,720300,5938,99910,84,84,35,0,0,5,7,5,2,0,1,0,0,0,0,3,563229,0,5,0,11,2854,245203,5239,0,1,22983,18038,3050,3197,444,87,482,0,9,106,106,108,878,274,2089036,207,4,131,6,357439,357394,129,16,4,5,12,561153,342637,10,11,221,27,15,0,5,0,103,712862,323,0,75,1,0,0,11,0,1,12,1,0,0,1
3068.53,1662575950999,5.016812776,1,2.0,33.0,0.0,65.0,0.0,0.0,0.0,112,1,63,0,2,520448,74196,353428,719612,5636,93478,84,84,35,0,0,5,7,5,2,0,1,0,0,0,0,6,541397,0,8,1,11,687,233139,5242,0,1,21562,16847,3942,4461,886,220,910,126,9,96,96,101,1598,682,2006570,187,8,123,43,346472,346413,115,16,7,8,17,539278,331644,10,13,210,27,22,0,8,0,92,693442,305,0,73,1,0,0,21,0,0,21,1,0,0,1
3073.55,1662575957749,5.022052315,1,5.3,32.2,0.0,61.9,0.0,0.0,0.6,113,1,64,0,2,520820,73820,353432,719988,14520,207682,350,350,35,0,0,0,2,0,2,0,1,0,0,0,0,12,554618,0,15,0,10,3425,235964,5633,0,0,23975,19116,10741,11404,2222,775,2192,693,72,121,121,119,4245,1574,2055804,239,16,132,8,365504,365468,174,14,16,25,39,553102,345127,19,30,288,40,47,5,18,1,109,676437,433,0,91,1,1,5,42,0,0,42,1,1,0,2
3078.57,1662575969959,5.015951959,1,6.3,31.3,0.0,62.0,0.0,0.0,0.3,113,1,64,0,2,520280,74352,353440,719456,5901,98304,56,56,35,0,0,5,7,5,2,6,1,0,0,0,0,11,488051,0,6,0,10,867,192319,5320,0,1,22953,17933,4462,4979,1016,418,1045,63,8,102,102,108,1843,774,1778420,201,11,129,44,337106,337056,120,14,11,12,20,486131,320971,10,17,232,33,29,0,12,0,99,595247,328,0,81,1,0,0,19,0,2,21,1,0,0,1
3083.59,1662575976795,5.015429206,1,3.4,32.1,0.0,63.8,0.0,0.0,0.7,113,1,64,0,2,520340,74288,353444,719520,5903,96940,294,294,35,0,0,5,7,5,2,0,1,0,0,0,0,10,494752,0,5,0,11,2824,194133,5144,0,1,22709,17901,5761,5666,1101,166,816,126,9,110,110,112,2427,812,1739293,207,9,126,17,344856,344802,125,15,9,10,23,492755,326907,12,14,228,28,28,0,11,0,107,608142,340,0,79,1,0,0,14,0,0,14,1,0,0,1
3088.61,1662575983594,5.016845082,1,3.7,29.3,0.0,66.7,0.0,0.0,0.3,113,1,64,0,2,520608,74020,353444,719788,5840,98606,56,56,35,0,0,5,7,5,2,0,1,0,0,0,0,6,523822,0,6,0,11,1647,218116,5340,0,1,22992,18059,3227,3374,458,87,486,63,9,105,105,108,878,257,1945044,207,4,129,6,345879,345831,129,15,4,5,12,521888,330901,10,11,224,34,15,0,5,0,102,647166,333,0,73,1,0,0,11,0,0,11,1,0,0,1
3093.62,1662575990460,5.014860571,1,3.3,28.3,0.0,68.1,0.0,0.0,0.3,113,1,64,0,2,520988,73632,353452,720168,5591,97389,84,84,35,0,0,5,7,5,2,0,1,0,0,0,0,3,484894,0,5,0,11,2882,191117,5175,0,1,22870,17868,3950,4435,894,347,921,126,9,104,104,106,1601,679,1777918,203,7,129,44,337812,337761,123,16,7,8,17,482902,322133,10,13,226,30,24,0,8,0,100,584087,321,0,78,1,0,0,23,0,0,23,1,1,1,2
3098.64,1662575997227,5.016005668,1,3.3,33.1,0.0,63.6,0.0,0.0,0.0,113,1,64,0,2,520120,74508,353444,719300,5672,96027,266,266,35,0,0,5,7,5,2,0,1,0,0,0,0,14,525292,0,4,0,12,2554,217653,5324,0,1,22463,17680,7411,7888,1421,178,1453,63,9,106,106,108,3203,1058,1924195,201,13,123,45,351227,351165,122,16,13,16,30,523291,332216,15,20,221,28,28,0,16,0,104,641046,333,0,80,1,0,0,25,0,0,25,1,0,0,1
3103.66,1662576004070,5.015422864,1,3.8,31.5,0.0,64.0,0.0,0.0,0.6,113,1,64,0,2,520672,73956,353444,719852,6190,98867,84,84,35,0,0,7,9,7,2,0,1,0,0,0,0,3,490575,0,5,0,15,2883,192580,5108,0,1,22949,18001,3063,3605,445,86,468,0,9,106,106,109,873,258,1736479,207,4,130,6,341111,341061,125,16,4,5,12,488630,326224,10,11,223,28,15,0,5,0,103,608592,304,0,76,1,0,0,10,1,5,15,1,0,0,1
3108.68,1662576010835,5.015942393,1,2.7,37.6,0.0,59.4,0.0,0.0,0.3,113,1,64,0,2,520316,74320,353436,719488,7670,100792,84,84,35,0,0,5,8,5,3,1,1,0,0,0,0,24,508552,0,16,0,14,3855,207993,5587,0,1,24304,18841,13109,13642,2935,670,2960,756,11,117,117,115,6175,2290,1888814,229,24,130,46,350556,350482,142,18,24,30,47,506602,327618,20,35,254,37,40,5,30,1,104,596820,371,0,90,1,0,0,56,0,0,56,1,0,0,1
3113.7,1662576017646,5.015880261,1,2.2,35.0,0.0,62.8,0.0,0.0,0.0,113,1,64,0,2,520516,74112,353444,719696,5748,98870,266,266,35,0,0,5,7,5,2,0,1,0,0,0,0,11,510718,0,4,0,11,567,207892,5469,0,1,23540,18523,7420,7901,1427,305,1452,0,9,108,108,110,3200,1055,1888169,205,13,128,45,346816,346755,124,15,13,16,29,508750,327260,15,20,225,28,27,0,16,0,105,609302,347,0,76,1,0,0,28,0,1,29,1,0,0,1
3118.72,1662576024463,5.016220781,1,1.3,35.5,0.0,63.2,0.0,0.0,0.0,113,1,64,0,2,520468,74160,353444,719648,5788,99699,84,84,35,0,0,5,7,5,2,0,1,0,0,0,0,3,501765,0,7,0,11,2133,193230,5248,0,1,22970,18024,3044,3514,447,87,461,0,9,107,107,110,884,249,1840067,209,4,131,6,348071,348028,126,15,4,5,12,499844,333286,10,11,227,27,15,0,5,0,103,605483,326,0,70,1,0,0,7,0,0,7,1,1,1,2
3123.74,1662576031210,5.015299178,1,1.0,29.7,0.0,69.0,0.0,0.0,0.3,113,1,64,0,2,520672,73964,353436,719844,5447,96218,56,56,35,0,0,5,7,5,2,6,1,0,0,0,0,14,496515,0,4,0,10,2917,191366,5287,0,1,22744,17672,4582,4749,1030,298,1052,63,40,99,99,101,1843,767,1809673,195,12,127,44,346942,346890,139,14,11,12,21,494403,330295,10,17,321,32,137,0,12,0,96,594426,355,0,91,1,0,0,22,0,0,22,1,0,0,1
3128.76,1662576038031,5.015969696,1,1.0,33.5,0.0,65.5,0.0,0.0,0.0,113,1,64,0,2,520096,74528,353448,719280,6351,98088,294,294,35,0,0,8,12,8,4,2,2,0,0,0,0,8,509535,0,6,1,17,2920,209610,5474,2,1,23619,18586,7370,7871,1433,367,1457,189,13,108,108,112,3197,1053,1865944,203,13,129,45,346332,346272,129,18,13,16,29,507629,326793,15,20,226,28,28,0,16,0,104,608923,365,0,88,1,4,6,28,1,6,34,1,2,1,2
3133.78,1662576044810,5.016193238,1,6.1,29.3,0.0,63.7,0.0,0.0,0.9,113,1,64,0,2,519632,74992,353448,718816,5633,99649,84,84,35,0,0,5,7,5,2,0,1,0,0,0,0,1,510464,0,4,0,9,2892,196173,5352,0,1,23073,18101,3040,3526,444,86,468,0,8,107,107,108,878,263,1792708,209,4,131,6,354143,354092,124,14,4,5,13,508419,339131,10,11,225,26,15,0,5,0,103,627050,317,0,73,1,0,0,10,0,0,10,1,0,0,1
3138.8,1662576052003,5.016170689,1,2.2,34.4,0.0,63.1,0.0,0.0,0.3,113,1,64,0,2,520044,74564,353464,719232,5661,99608,84,84,35,0,0,5,7,5,2,0,1,0,0,0,0,2,531314,0,5,0,10,565,220143,5097,0,1,22700,17767,1039,1194,65,9,93,63,8,104,104,105,6,5,1938049,203,0,130,5,349103,349063,125,13,0,0,3,529482,336032,6,6,216,29,13,0,0,0,100,686802,287,0,66,1,0,0,4,0,0,4,1,0,0,1
3143.82,1662576058812,5.015959288,1,4.3,30.2,0.0,65.2,0.0,0.0,0.3,112,1,63,0,2,520600,74028,353444,719780,5846,99963,294,294,35,0,0,5,7,5,2,0,1,0,0,0,0,10,493968,0,6,0,11,2915,195122,5345,0,1,23447,18405,5362,5558,1044,229,1069,63,9,111,111,113,2338,807,1790830,209,9,130,45,342126,342075,130,15,9,12,21,491930,324132,11,15,231,27,29,0,11,0,106,596300,334,0,78,1,0,0,24,0,0,24,1,1,1,2
3148.83,1662576065605,5.013382286,1,5.4,27.1,0.0,66.1,0.0,0.0,1.4,114,1,64,0,2,520428,74176,353468,719620,14562,222528,140,140,35,0,0,0,5,0,5,0,1,0,0,0,0,10,574642,0,15,0,20,1040,252655,5441,0,0,23437,18661,7554,7662,1582,504,1499,441,14,117,117,115,3080,1222,2165713,231,10,131,7,365734,365710,133,11,10,21,26,574138,347928,14,21,248,35,30,5,13,1,105,737549,336,0,77,1,1,6,22,0,0,22,1,1,0,2
3153.85,1662576078689,5.017241315,1,1.4,36.4,0.0,61.5,0.0,0.0,0.7,114,1,64,0,2,519892,74704,353476,719092,6006,97018,294,294,35,0,0,8,12,8,3,1,2,0,0,0,0,14,496772,0,5,0,14,2844,193498,5407,2,1,23209,18269,7460,7972,1429,242,1454,63,11,110,110,113,3210,1053,1789249,207,13,127,45,347732,347666,127,17,13,16,30,494793,328304,15,20,231,28,32,0,16,0,107,596959,343,0,84,1,1,0,29,0,4,33,1,1,1,2
3158.87,1662576085529,5.016322369,1,18.7,33.2,0.0,47.5,0.0,0.0,0.6,115,3,65,0,1,520948,73644,353480,720152,5696,99649,56,56,35,0,0,5,7,5,2,0,1,0,0,0,0,2,499054,0,4,1,11,2928,192673,5181,0,1,22996,18047,3048,3527,441,149,472,126,9,105,105,107,876,263,1828132,207,4,131,6,346930,346877,128,15,4,5,13,497015,332125,10,11,220,27,15,0,5,0,102,605928,327,0,74,1,0,0,9,0,0,9,1,0,0,1
3163.89,1662576092353,5.016899553,1,2.8,38.4,0.0,58.8,0.0,0.0,0.0,113,1,64,0,2,520624,73976,353472,719820,5390,98304,84,84,35,0,0,5,7,5,2,6,1,0,0,0,0,5,536768,0,4,0,11,669,229020,5455,0,1,22881,17799,1694,1860,218,24,243,0,121,102,102,102,249,93,2004724,199,4,131,5,346093,346041,179,16,4,5,7,534754,332002,8,12,338,29,109,0,5,0,98,677837,464,0,119,1,0,0,5,0,0,5,1,1,1,2
3168.91,1662576099170,5.024283914,1,4.5,36.3,0.0,58.2,0.0,0.0,1.0,113,1,64,0,2,520028,74572,353472,719224,6083,99259,189,189,35,0,0,5,7,5,2,0,1,0,0,0,0,12,483354,0,5,0,11,2881,188791,5303,0,1,23196,18167,5769,6392,1173,420,1314,63,9,107,107,110,2467,862,1767908,207,11,128,45,336619,336537,125,16,10,15,25,480503,319498,13,18,231,35,29,0,12,0,105,571577,327,0,75,1,0,0,27,0,0,27,1,0,0,1
3173.93,1662576106010,5.016821122,1,21.5,30.0,0.0,47.9,0.0,0.0,0.6,113,1,64,0,2,520216,74384,353472,719416,6030,100805,84,84,35,0,0,6,12,5,6,0,2,0,0,0,0,5,501118,0,8,0,22,2905,194490,5373,0,1,23055,18091,3054,3511,440,87,469,126,17,105,105,111,874,262,1765125,207,4,131,6,346473,346419,127,18,4,6,12,498946,331527,10,11,226,27,15,0,5,0,102,626505,333,0,81,1,1,6,7,1,4,11,1,1,0,2
3178.94,1662576112907,5.014346409,1,3.4,35.0,0.0,60.6,0.0,0.0,0.9,113,1,64,0,2,520212,74388,353472,719412,6228,99633,84,84,35,0,0,5,7,5,2,0,1,0,0,0,0,1,500320,0,9,1,12,2967,193293,5304,0,1,22786,17838,1065,1218,68,11,93,63,9,107,107,114,5,5,1737838,209,0,131,5,345887,345843,129,16,0,0,4,498282,332729,6,6,226,31,15,0,0,0,102,638416,306,0,71,1,0,0,3,0,0,3,1,0,0,1
3183.96,1662576119721,5.016060614,1,2.1,38.0,0.0,59.2,0.0,0.0,0.7,113,1,64,0,2,520356,74244,353472,719560,7597,99784,56,56,35,0,0,7,9,7,2,0,1,0,0,0,0,17,512918,0,15,0,10,3860,210127,5755,0,1,24091,18678,13210,13708,2932,924,2963,693,8,116,116,114,6178,2294,1873362,229,24,128,47,351003,350927,134,13,24,30,46,510607,327936,20,35,253,40,43,5,30,1,103,604638,369,0,76,1,0,0,59,0,2,61,1,0,0,1
3188.98,1662576126500,5.021865145,1,6.3,30.7,0.0,61.7,0.0,0.0,1.3,113,1,64,0,2,519592,75008,353472,718796,5816,101511,84,84,35,0,0,5,7,5,2,0,1,0,0,0,0,3,500837,0,5,0,12,2809,198120,5139,0,1,22188,17388,4173,4160,864,286,647,0,9,101,100,103,1637,629,1771200,195,7,126,16,343006,342955,119,15,7,7,18,498540,327442,11,12,215,25,22,0,8,0,98,630769,317,0,82,1,0,0,12,0,0,12,1,1,1,2
3194,1662576133568,5.015546770,1,8.3,33.8,0.0,57.3,0.0,0.0,0.7,113,1,64,0,2,520248,74348,353476,719456,5551,99347,56,56,35,0,0,5,7,5,2,0,1,0,0,0,0,4,563055,0,4,0,10,2848,247837,5181,0,1,22590,17684,1037,1430,64,9,90,0,9,102,102,105,5,5,2099263,201,0,129,5,352652,352601,126,15,0,0,4,560785,339551,6,6,213,29,10,0,0,0,99,731005,314,0,71,1,0,0,4,0,0,4,1,0,0,1
3199.02,1662576140366,5.017300194,1,3.2,30.1,0.0,66.7,0.0,0.0,0.0,113,1,64,0,2,519924,74680,353468,719124,5623,99510,84,84,35,0,0,8,17,5,9,0,2,0,0,0,0,8,486425,0,5,0,30,2877,193274,5079,0,1,22913,17907,4039,4205,891,222,916,0,23,104,104,105,1610,690,1780427,203,7,133,45,335979,335921,123,16,7,8,16,484016,320139,10,13,227,33,25,0,8,0,100,602328,331,0,95,1,1,6,23,0,0,23,1,1,0,2
3204.04,1662576147231,5.016182291,1,3.0,30.1,0.0,66.9,0.0,0.0,0.0,113,1,64,0,2,520400,74192,353480,719608,5757,95436,84,84,35,0,0,5,7,5,2,0,1,0,0,0,0,7,499106,0,4,0,9,2807,192054,5356,0,1,21964,17206,5819,6328,1247,235,1273,63,9,96,96,101,2463,937,1785389,189,12,124,44,347255,347191,116,16,11,13,26,496731,330526,14,18,208,27,21,0,13,0,95,590018,309,0,75,1,0,0,27,1,4,31,1,0,0,1
3209.06,1662576154041,5.016210834,1,4.4,36.6,0.0,58.4,0.0,0.0,0.6,113,1,64,0,2,520368,74236,353468,719568,5717,98643,189,189,35,0,0,8,11,7,3,7,2,0,0,0,0,2,562735,0,4,0,12,3008,251122,5378,2,1,23052,17974,1916,1886,221,24,243,0,135,103,103,106,333,100,2114529,197,4,132,4,350956,350895,193,16,4,0,8,560703,336439,7,11,351,22,125,0,4,0,101,729666,453,0,128,1,1,0,4,0,2,6,1,1,1,2
3214.08,1662576160810,5.016204900,1,4.0,39.1,0.0,56.2,0.0,0.0,0.7,113,1,64,0,2,520628,73964,353480,719832,5639,98339,84,84,35,0,0,5,7,5,2,0,1,0,0,0,0,8,488349,0,5,0,11,2898,192317,5212,0,1,22918,17905,4023,4193,887,222,912,126,9,102,102,105,1595,679,1789885,199,7,129,45,337226,337169,125,16,7,8,17,486106,321417,10,13,220,34,26,0,8,0,99,602568,325,0,77,1,0,0,21,0,0,21,1,1,1,2
3219.1,1662576167614,5.018189936,1,3.6,32.0,0.0,64.1,0.0,0.0,0.4,112,1,63,0,2,520404,74196,353472,719604,5505,98304,56,56,35,0,0,5,7,5,2,0,1,0,0,0,0,10,518722,0,4,0,9,1630,216903,5357,0,1,23038,18038,5846,6006,1254,299,1274,126,8,102,102,104,2465,943,1902224,201,11,129,44,343484,343420,120,14,11,13,26,516399,326211,14,18,222,25,23,0,13,0,99,643108,321,0,70,1,0,0,28,0,0,28,1,0,0,1
3224.11,1662576174430,5.013623630,1,3.3,34.6,0.0,60.8,0.0,0.0,1.2,113,1,64,0,2,520248,74364,353460,719444,20353,219768,9329,9329,35,0,0,0,5,0,5,1,1,0,0,0,0,22,502896,0,16,0,19,1080,201116,5836,0,0,23887,18992,11683,12408,2681,914,2768,882,15,146,147,144,5490,2096,1764917,253,22,131,47,349811,349771,147,13,22,30,46,502576,328260,19,33,283,44,58,12,22,3,129,555964,399,0,85,1,1,6,55,0,0,55,1,1,0,2
3229.13,1662576186963,5.015347627,1,3.2,36.2,0.0,60.6,0.0,0.0,0.0,113,1,64,0,2,519848,74756,353468,719052,5735,98304,84,84,35,0,0,5,7,5,2,0,1,0,0,0,0,6,504348,0,10,0,10,2915,193184,5545,0,1,22704,17736,3782,3933,863,346,887,63,9,103,103,109,1595,679,1781142,201,7,129,44,351120,351062,122,15,7,8,17,502238,335700,9,12,223,24,20,0,8,0,99,633408,334,0,69,1,0,0,22,0,2,24,1,0,0,1
3234.15,1662576193745,5.015251016,1,6.4,40.0,0.0,53.3,0.0,0.0,0.3,113,1,64,0,2,520404,74224,353444,719596,5557,98304,56,56,35,0,0,7,10,7,3,1,2,0,0,0,0,0,501097,0,4,0,14,2893,194124,4965,2,1,22712,17777,1051,1206,65,10,92,0,11,102,102,104,7,5,1759205,201,0,130,5,347288,347247,128,18,0,0,3,499174,334102,6,6,212,29,10,0,0,0,99,625149,306,0,76,1,1,0,5,0,1,6,1,1,1,2
3239.17,1662576200524,5.016841525,1,4.2,31.9,0.0,63.8,0.0,0.0,0.0,113,1,64,0,2,521428,73200,353444,720620,5473,97374,84,84,35,0,0,5,7,5,2,0,1,0,0,0,0,12,538424,0,4,0,11,2184,230796,5258,0,1,23172,18163,6099,6253,1272,297,1300,189,9,104,104,103,2479,939,1990240,203,11,129,45,351282,351219,122,16,11,13,25,536465,333772,14,18,225,34,26,0,13,0,99,677980,329,0,80,1,0,0,27,0,1,28,1,0,0,1
3244.19,1662576207298,5.016488354,1,4.6,30.4,0.0,64.4,0.0,0.0,0.7,113,1,64,0,2,520356,74272,353444,719544,5245,93089,56,56,35,0,0,5,7,5,2,0,1,0,0,0,0,5,517134,0,4,0,12,2748,210090,4961,0,1,21364,16682,3740,4272,870,220,897,126,9,95,95,98,1604,682,1867033,187,8,122,44,345936,345881,115,16,7,8,17,515040,331225,10,13,203,24,20,0,8,0,93,643883,298,0,73,1,0,0,22,0,0,22,1,0,0,1
3249.21,1662576214124,5.018179122,1,4.2,38.4,0.0,56.7,0.0,0.0,0.7,113,1,64,0,2,521124,73496,353452,720316,5855,98643,189,189,35,0,0,5,7,5,2,0,1,0,0,0,0,3,563160,0,5,0,11,2836,252440,5157,0,1,22572,17683,1128,1582,55,10,80,0,9,106,106,107,91,5,2113257,201,0,129,5,349818,349770,122,16,0,0,4,561139,336255,6,6,213,24,12,0,0,0,102,737682,295,0,68,1,0,0,3,0,0,3,1,0,0,1
3254.23,1662576220957,5.017143197,1,5.2,37.4,0.0,57.4,0.0,0.0,0.0,113,1,64,0,2,520212,74408,353452,719404,5582,97424,84,84,35,0,0,5,7,5,2,6,1,0,0,0,0,10,487834,0,6,0,11,2871,190643,5313,0,1,23130,18141,6616,7105,1421,495,1434,189,9,104,104,106,2716,1021,1791105,203,15,128,45,340520,340453,127,16,15,17,30,485674,322557,13,21,236,35,32,0,17,0,99,575743,345,0,80,1,0,0,26,1,4,30,1,0,0,1
3259.25,1662576227788,5.017690798,1,3.2,33.3,0.0,63.1,0.0,0.0,0.3,112,1,64,0,2,520224,74384,353464,719424,7670,99749,56,56,35,0,0,5,7,5,2,1,1,0,0,0,0,22,523681,0,15,1,10,2476,223442,5775,0,1,24404,18958,15004,15508,3344,686,3357,693,8,116,116,114,7059,2563,1933653,229,28,129,46,349732,349651,134,13,28,36,55,521620,325336,24,40,251,31,38,5,35,1,104,624372,365,0,70,1,0,0,62,0,0,62,1,0,0,1
3264.27,1662576234605,5.015465613,1,3.0,37.0,0.0,59.7,0.0,0.0,0.3,112,1,64,0,2,520492,74116,353464,719696,5717,99878,294,294,35,0,0,7,11,7,3,1,2,0,0,0,0,4,509368,0,5,0,15,561,203198,5371,2,1,23144,18185,2374,2837,219,142,246,126,11,110,110,112,697,132,1795730,207,2,130,5,346020,345965,127,17,2,3,7,507369,330789,7,8,219,22,14,0,3,0,107,641868,309,0,74,1,1,0,5,0,1,6,1,2,2,2
3269.32,1662576241379,5.049345819,1,2.3,41.3,0.0,56.1,0.0,0.0,0.3,112,1,64,0,2,519836,74780,353456,719032,6244,107158,56,56,35,0,0,5,7,5,2,0,1,0,0,0,0,9,545747,0,4,0,11,632,248853,5540,0,1,23397,18356,4960,5319,808,37,1126,63,9,107,107,109,1695,520,2066791,211,8,130,34,340474,340409,131,15,8,11,19,543592,323970,13,17,229,34,19,0,10,0,104,691619,328,0,74,1,0,0,26,0,0,26,1,0,0,1
3274.34,1662576248672,5.016100405,1,2.6,40.5,0.0,55.7,0.0,0.0,1.1,112,1,64,0,2,519956,74660,353456,719156,5493,99269,84,84,35,0,0,5,7,5,2,0,1,0,0,0,0,5,495548,0,4,0,10,983,199262,5292,0,1,23017,18014,5829,5984,1244,108,1280,63,8,101,101,102,2472,935,1786838,197,11,129,44,338014,337956,118,14,11,13,25,493520,320837,14,18,220,24,25,0,13,0,97,603270,336,0,74,1,0,0,24,0,0,24,1,0,0,1
3279.36,1662576255487,5.017108888,1,20.4,28.2,0.0,51.1,0.0,0.0,0.3,113,3,65,0,1,520492,74116,353464,719692,5855,98835,266,266,35,0,0,5,7,5,2,0,1,0,0,0,0,3,511605,0,6,0,11,579,205114,5322,0,1,23151,18193,2361,2831,222,143,247,126,9,109,109,114,722,135,1878987,207,2,130,5,346357,346304,125,15,2,3,8,509498,331061,7,8,221,22,14,0,3,0,107,627100,329,0,72,1,0,0,4,1,4,8,1,0,0,1
3284.38,1662576262348,5.016452231,1,6.0,27.9,0.0,65.7,0.0,0.0,0.3,112,1,64,0,2,519612,74996,353464,718812,6024,98656,84,84,35,0,0,5,7,5,2,0,1,0,0,0,0,5,498006,0,11,0,11,692,191719,5191,0,1,23154,18188,3232,3721,456,150,487,126,9,107,107,114,885,257,1745133,209,5,130,6,346080,346035,130,15,4,5,12,496140,331066,10,11,234,34,18,0,5,0,103,614005,339,0,76,1,0,0,10,0,0,10,1,0,0,1
3289.4,1662576269167,5.015193911,1,6.7,31.1,0.0,61.9,0.0,0.0,0.3,112,1,64,0,2,520508,74100,353464,719712,5925,98565,84,84,35,0,0,5,7,5,2,0,1,0,0,0,0,14,499940,0,9,0,11,2890,192329,5399,0,1,23015,18042,6019,6470,1275,360,1287,126,9,101,101,108,2469,924,1811060,199,11,128,44,349171,349115,121,16,11,13,26,497915,331867,14,18,226,32,24,0,13,0,98,596983,348,0,78,1,0,0,27,0,0,27,1,1,1,2
3294.42,1662576275940,5.017213478,1,22.7,30.5,0.0,45.8,0.0,0.0,1.0,111,1,63,0,2,520544,74076,353452,719740,5769,99878,266,266,35,0,0,7,9,7,2,0,1,0,0,0,0,6,538660,0,4,0,11,573,224478,5518,0,1,23101,18152,2370,2862,222,79,249,0,9,109,109,111,744,134,1951141,207,2,130,5,354028,353984,125,16,2,3,7,536491,338832,7,8,217,22,14,0,3,0,107,682454,325,0,76,1,0,0,6,0,1,7,1,0,0,1
3299.43,1662576282666,5.012339467,1,1.6,31.2,0.0,67.1,0.0,0.0,0.0,112,2,63,0,2,520712,73904,353456,719912,14848,220442,168,168,35,0,0,1,5,0,4,1,1,0,0,0,1,18,534034,0,17,0,14,2317,220477,5736,0,0,23778,18945,12397,12257,2744,981,2684,504,13,116,116,117,5571,2161,1952810,227,21,130,46,361718,361677,133,14,21,33,49,533632,339782,22,33,256,33,43,5,26,1,103,635308,383,0,82,1,1,6,49,0,0,48,1,1,0,2
3304.45,1662576295571,5.016533336,1,21.5,30.9,0.0,47.6,0.0,0.0,0.0,113,3,65,0,1,520208,74400,353464,719416,5924,99956,266,266,35,0,0,5,7,5,2,0,1,0,0,0,0,6,551897,0,4,0,11,2922,238547,5325,0,1,23170,18211,2358,2519,221,79,249,63,9,110,110,112,732,138,2021558,209,2,131,5,353537,353493,130,16,2,4,8,549904,338255,7,8,220,22,15,0,3,0,107,707926,317,0,71,1,0,0,6,0,3,9,1,0,0,1
3309.47,1662576302413,5.024468837,1,2.6,31.1,0.0,65.7,0.0,0.0,0.6,112,1,64,0,2,520096,74516,353460,719296,5863,99907,84,84,35,0,0,5,7,5,2,0,1,0,0,0,0,0,500225,0,5,0,11,2920,192080,5158,0,1,23107,18137,3230,3724,460,24,484,0,9,108,107,108,879,258,1744196,209,4,131,6,349178,349132,126,15,4,5,12,498250,334073,10,11,230,33,19,0,5,0,103,616225,307,0,75,1,0,0,9,0,0,9,1,1,1,2
3314.49,1662576309199,5.015542673,1,4.7,25.9,0.0,69.4,0.0,0.0,0.0,112,1,64,0,2,520152,74456,353464,719360,5695,99530,84,84,35,0,0,9,12,8,3,1,2,0,0,0,0,7,502091,0,4,0,14,566,209871,5376,2,1,23191,18172,6025,6180,1264,360,1281,126,11,101,101,102,2466,928,1874085,199,12,129,44,335327,335268,122,17,11,13,26,500282,317895,14,18,219,32,24,0,13,0,98,618639,343,0,84,1,1,0,29,0,1,30,1,1,1,2
3319.51,1662576316002,5.017954946,1,21.8,35.8,0.0,41.5,0.0,0.0,0.9,112,2,64,0,2,520564,74052,353456,719764,5820,98913,266,266,35,0,0,5,7,5,2,0,1,0,0,0,0,7,553418,0,4,0,11,836,238884,5315,0,1,23141,18183,2360,2834,217,16,245,63,9,110,110,111,741,129,2034855,209,2,130,5,354403,354355,126,16,2,3,7,551468,339168,7,8,220,22,15,0,3,0,107,717397,317,0,72,1,0,0,4,0,0,4,1,0,0,1
3324.53,1662576322832,5.016555794,1,2.3,34.4,0.0,62.7,0.0,0.0,0.6,112,1,64,0,2,520680,73936,353456,719880,6052,99649,84,84,35,0,0,6,11,5,5,0,2,0,0,0,0,2,556209,0,5,0,18,528,247664,5351,0,1,23059,18105,3226,3691,457,86,489,0,15,106,106,110,879,258,2076285,207,4,130,6,348151,348100,131,18,4,5,12,554100,333136,10,11,226,36,18,0,5,0,102,704484,339,0,83,1,1,6,10,1,4,14,1,1,0,2
3329.55,1662576329633,5.016220175,1,3.1,37.9,0.0,58.7,0.0,0.0,0.3,112,1,64,0,2,520492,74116,353464,719700,5706,98382,56,56,35,0,0,5,7,5,2,0,1,0,0,0,0,9,491184,0,5,0,11,600,191819,5455,0,1,23162,18144,6014,6532,1258,297,1284,63,9,102,102,105,2466,928,1784897,201,11,129,44,341576,341514,122,15,11,13,26,489142,324181,14,18,224,32,25,0,13,0,100,592128,339,0,77,1,0,0,25,0,0,25,1,0,0,1
3334.57,1662576336449,5.022301632,1,2.0,32.2,0.0,65.8,0.0,0.0,0.0,112,1,64,0,2,520744,73868,353460,719948,8039,98306,294,294,35,0,0,5,7,5,2,1,1,0,0,0,0,20,501223,0,21,0,11,3872,197933,5860,0,1,24344,18968,12855,12784,2695,855,2506,756,9,123,123,127,6047,2087,1783298,233,22,129,19,351719,351646,138,16,22,27,43,499215,328058,18,31,261,33,43,5,28,1,111,594420,375,0,78,1,0,0,43,0,1,44,1,1,1,2
3339.59,1662576343587,5.018281308,1,1.2,38.2,0.0,60.3,0.0,0.0,0.3,112,1,64,0,2,520532,74080,353460,719736,5794,99699,56,56,35,0,0,8,11,8,3,5,2,0,0,0,0,6,551131,0,5,0,14,2968,244108,5445,2,1,23446,18301,3733,3861,563,37,576,0,135,106,106,108,967,308,2053226,209,7,133,6,348665,348599,197,17,7,9,14,548887,332553,10,15,371,35,140,0,8,0,102,693000,486,0,131,1,1,0,9,0,1,10,1,1,1,2
3344.61,1662576350456,5.016430755,1,5.0,31.0,0.0,64.1,0.0,0.0,0.0,112,1,64,0,2,519696,74916,353460,718900,5494,98304,84,84,35,0,0,5,7,5,2,0,1,0,0,0,0,8,477405,0,4,0,11,573,187542,5506,0,1,23138,18132,6011,6166,1284,361,1297,189,8,103,103,103,2473,919,1742029,201,11,128,44,333569,333526,120,14,11,13,25,475465,316201,14,18,222,31,24,0,13,0,99,567729,321,0,79,1,0,0,27,0,0,27,1,0,0,1
3349.63,1662576357277,5.016355394,1,2.8,35.1,0.0,61.1,0.0,0.0,0.9,112,1,64,0,2,519972,74640,353460,719176,6184,95245,294,294,35,0,0,8,16,5,8,0,2,0,0,0,0,15,525715,0,4,0,25,2756,218016,5482,0,1,22183,17417,5348,5832,1037,291,1065,126,21,105,105,109,2341,802,1922738,199,10,123,45,348947,348895,123,18,9,12,21,523693,331774,11,15,218,29,26,0,11,0,103,624324,344,0,97,1,1,6,23,0,0,23,1,1,0,2
3354.65,1662576364084,5.015485820,1,1.9,33.0,0.0,63.4,0.0,0.0,1.6,111,1,64,0,2,520224,74392,353456,719424,5696,98719,56,56,35,0,0,5,7,5,2,0,1,0,0,0,0,1,561803,0,4,0,10,2840,249919,5162,0,1,22736,17805,1162,1661,72,9,99,0,8,105,105,107,6,5,2104336,205,0,130,6,350577,350534,126,14,0,0,3,559883,337273,6,6,219,33,14,0,0,0,102,745362,307,0,69,1,0,0,6,1,4,10,1,0,0,1
3359.67,1662576370904,5.016902164,1,2.4,30.1,0.0,67.5,0.0,0.0,0.0,111,1,64,0,2,520988,73632,353452,720188,5505,98304,84,84,35,0,0,5,7,5,2,0,1,0,0,0,0,9,539156,0,5,0,11,567,230718,5493,0,1,23142,18140,6002,6502,1280,360,1298,63,9,102,102,104,2464,936,1996718,199,11,129,44,350332,350277,125,15,11,13,26,537390,332950,14,18,222,32,24,0,13,0,99,680302,343,0,85,1,0,0,27,0,0,27,1,0,0,1
3364.69,1662576377776,5.016786022,1,6.0,39.2,0.0,54.5,0.0,0.0,0.3,111,1,63,0,2,519956,74660,353456,719160,5793,94904,266,266,35,0,0,7,11,7,4,4,3,0,0,0,0,9,526902,0,5,0,17,2232,224785,5305,2,1,22342,17534,5358,5516,1036,355,1060,315,13,108,107,109,2337,813,1948863,203,9,124,45,343296,343244,121,13,9,11,21,524782,326000,11,15,223,27,27,0,12,0,104,659694,338,0,79,1,1,0,24,0,1,25,1,1,1,2
3369.71,1662576384627,5.018429759,1,2.3,28.5,0.0,68.8,0.0,0.0,0.3,111,1,63,0,2,519892,74720,353460,719100,6025,99829,84,84,35,0,0,5,7,5,2,0,1,0,0,0,0,3,506895,0,7,1,11,2720,207652,5080,0,1,22622,17689,982,1483,61,11,86,0,9,108,108,111,3,5,1816036,210,0,130,6,336950,336900,127,16,0,0,3,504833,323930,6,6,228,26,15,0,0,0,103,644601,309,0,72,1,0,0,2,0,0,2,1,0,0,1
3374.72,1662576391405,5.013564757,1,2.5,33.9,0.0,63.6,0.0,0.0,0.0,112,1,64,0,2,520664,73948,353460,719872,14820,218800,350,350,35,0,0,0,3,0,3,1,1,0,0,0,0,12,534604,0,20,0,11,3405,223906,5873,0,0,24170,19293,12026,11481,2571,912,2351,630,10,125,125,124,5427,2017,1977034,239,19,130,47,359906,359868,141,12,19,31,41,534227,337293,19,27,265,33,43,5,24,1,110,638808,396,0,77,1,2,5,45,0,0,45,1,1,0,2
3379.73,1662576404177,5.014645896,1,5.0,33.6,0.0,60.8,0.0,0.0,0.6,112,1,64,0,2,520620,73988,353464,719828,5789,99910,84,84,35,0,0,5,7,5,2,0,1,0,0,0,0,4,493113,0,4,0,11,559,193404,5142,0,1,23074,18093,3078,3342,447,25,479,0,77,107,107,107,878,263,1812612,207,4,132,6,340265,340213,161,16,4,6,12,491175,325342,11,12,254,25,29,0,6,0,103,593549,404,0,90,1,0,0,9,0,2,11,1,0,0,1
3384.75,1662576410945,5.015600421,1,5.1,36.3,0.0,58.3,0.0,0.0,0.3,112,1,64,0,2,520712,73896,353464,719920,5787,98304,84,84,35,0,0,5,7,5,2,6,1,0,0,0,0,7,526883,0,9,0,10,518,222384,5558,0,1,23299,18261,6550,6705,1405,431,1430,252,8,103,103,108,2708,1012,1960897,201,15,129,44,347322,347261,120,14,15,17,30,524914,329432,14,22,237,31,32,0,17,0,99,628279,345,0,80,1,0,0,28,0,0,28,1,1,1,2
3389.77,1662576417709,5.015984014,1,3.1,32.7,0.0,63.8,0.0,0.0,0.3,112,1,64,0,2,520460,74152,353460,719668,6282,99312,266,266,35,0,0,7,9,7,2,0,1,0,0,0,0,9,523928,0,6,0,12,584,219116,5457,0,1,23245,18246,5365,5843,1043,354,1085,126,9,113,113,116,2342,813,1907551,215,9,129,45,347189,347133,128,15,9,11,21,521763,329388,11,15,234,27,29,0,11,0,109,649428,348,0,79,1,0,0,22,0,1,23,1,0,0,1
3394.79,1662576424531,5.016242764,1,3.8,33.9,0.0,61.7,0.0,0.0,0.6,112,1,64,0,2,520460,74152,353460,719668,5696,98606,84,84,35,0,0,5,7,5,2,0,1,0,0,0,0,5,562108,0,5,0,11,2848,250348,5417,0,1,22821,17900,2228,2608,246,14,320,0,9,106,106,108,329,93,2105784,207,1,129,6,350805,350737,129,15,1,4,8,559635,336634,8,9,223,27,15,0,1,0,102,729115,326,0,73,1,0,0,8,0,0,8,1,0,0,1
3399.81,1662576431351,5.018399881,1,3.4,33.3,0.0,62.3,0.0,0.0,0.9,114,1,66,0,2,520180,74440,353452,719380,7403,100195,56,56,35,0,0,5,7,5,2,6,1,0,0,0,0,9,484706,0,13,0,11,568,186439,5446,0,1,23193,18210,6231,5967,1155,107,1139,63,9,110,110,113,2276,806,1768715,217,9,130,35,340276,340228,130,16,9,12,20,483183,323407,13,17,247,35,56,2,12,0,101,584303,351,0,78,1,0,0,26,0,0,26,1,0,0,1
3404.83,1662576438251,5.017367133,1,5.3,32.3,0.0,62.1,0.0,0.0,0.3,115,1,66,0,2,518276,76412,353384,717444,6884,100196,294,294,35,0,0,5,7,5,2,111,1,0,0,0,0,57,524201,0,9,0,11,2961,226028,6113,1,1,24615,18900,14248,18327,3543,867,3243,441,9,118,118,122,8131,2811,1957433,223,32,132,72,348198,348118,133,16,30,38,61,522006,323641,28,42,323,33,142,0,39,0,114,621383,422,0,92,1,0,0,54,2,4,58,1,0,0,1
3409.85,1662576445139,5.016393135,1,5.4,32.7,0.0,60.9,0.0,0.0,1.0,116,4,65,0,1,518520,76164,353388,717692,9771,103959,84,84,35,0,0,6,10,6,4,73,2,0,0,0,0,13,469819,0,16,2,16,3909,172119,5499,0,2,24176,18744,10233,10662,2115,335,2130,252,12,131,131,140,4584,1630,1621933,257,17,131,8,343625,343558,156,18,17,22,34,468028,323116,16,28,274,32,41,5,22,1,127,558465,372,0,105,1,0,0,35,1,1,36,1,1,1,2
3414.87,1662576452278,5.015818091,1,3.6,34.7,0.0,61.7,0.0,0.0,0.0,115,1,66,0,2,517416,77272,353384,716584,6238,101623,84,84,35,0,0,7,9,7,2,5,1,0,0,0,0,6,530957,0,4,0,11,2857,221610,5252,0,1,23613,18645,6411,6548,957,38,972,63,9,108,108,111,1995,607,1936552,211,8,130,5,353182,353132,127,15,8,10,20,528968,335228,13,16,227,31,16,0,10,0,106,684807,334,0,86,1,0,0,20,0,2,22,1,0,0,1
3419.9,1662576459115,5.030129730,1,3.6,31.4,0.0,64.4,0.0,0.0,0.6,115,1,66,0,2,518048,76640,353384,717216,5880,95037,294,294,35,0,0,5,7,5,2,7,1,0,0,0,0,12,520201,0,9,0,11,1628,211376,5305,0,1,22298,17495,5410,5539,1043,542,1065,126,9,106,106,112,2333,798,1917990,199,9,124,44,349726,349665,120,15,9,11,21,518250,332533,11,15,218,23,27,0,11,0,100,630302,321,0,76,1,0,0,23,0,0,23,1,0,0,1
3424.92,1662576465948,5.015826169,1,20.2,36.7,0.0,43.1,0.0,0.0,0.0,115,3,64,0,2,518064,76620,353388,717240,8296,101362,56,56,35,0,0,5,7,5,2,0,1,0,0,0,0,12,534356,0,4,0,10,1573,221689,5537,0,1,23414,18460,4313,4774,559,27,583,63,8,122,122,139,1133,352,1952869,241,4,131,6,353479,353433,144,14,4,5,11,531973,337098,9,11,255,30,28,0,5,0,133,683360,355,0,101,1,0,0,16,0,0,16,1,0,0,1
3429.94,1662576472761,5.015731640,1,3.1,33.3,0.0,63.2,0.0,0.0,0.3,115,2,65,0,2,517780,76908,353384,716952,5603,98354,84,84,35,0,0,5,11,5,6,9,2,0,0,0,0,1,498503,0,6,0,23,2944,192612,5027,0,1,23139,18164,3642,3792,595,95,620,63,17,104,104,106,1115,348,1761397,203,8,130,5,347193,347143,129,18,8,9,16,496520,331783,10,15,228,30,20,0,9,0,99,618918,335,0,96,1,1,6,9,1,4,13,1,2,1,2
3434.96,1662576479550,5.015820549,1,27.8,30.7,0.0,41.1,0.0,0.0,0.3,115,2,65,0,2,517748,76948,353376,716912,5714,99128,161,161,35,0,0,5,8,5,3,1,2,0,0,0,0,8,495108,0,5,0,13,1434,191486,5386,0,1,22712,17749,4045,4210,888,159,914,63,10,104,104,104,1637,682,1785992,205,7,128,45,343948,343887,124,16,7,8,17,492912,328185,10,13,229,34,27,0,8,0,99,610027,334,0,81,1,1,1,22,0,1,23,1,2,1,2
3439.98,1662576486439,5.023205274,1,4.3,34.7,0.0,60.5,0.0,0.0,0.6,115,1,66,0,2,517684,77004,353384,716856,8918,111995,4024,4024,35,0,0,8,11,8,3,2,2,0,0,0,0,16,542219,0,10,0,14,786,235391,5867,3,1,23114,18104,4379,4366,989,102,928,0,11,153,154,162,2121,753,2006653,267,7,130,17,347723,347665,158,17,7,8,21,540288,331592,12,13,298,34,52,7,9,2,150,671583,415,0,141,1,1,0,12,1,1,13,1,1,1,2
3445,1662576493621,5.016279248,1,5.8,23.6,0.0,70.6,0.0,0.0,0.0,114,1,65,0,2,518040,76648,353384,717212,5695,99347,56,56,35,0,0,5,7,5,2,0,1,0,0,0,0,0,498791,0,6,0,11,2950,192341,5167,0,1,23027,18074,3121,3576,448,87,476,0,9,102,102,106,870,247,1760958,201,5,131,5,347179,347133,126,15,4,5,13,496932,332266,10,11,215,30,11,0,5,0,100,610807,321,0,83,1,0,0,7,0,0,7,1,0,0,1
3450.01,1662576500356,5.013667036,1,5.0,35.2,0.0,59.7,0.0,0.0,0.0,115,1,66,0,2,517960,76736,353376,717124,8836,114546,84,84,35,0,0,5,7,5,2,1,1,0,0,0,0,24,496623,0,16,0,11,3373,195732,5626,0,1,24016,18942,12957,12577,2904,792,2704,567,9,120,119,120,5904,2245,1772564,233,24,130,47,351212,351171,138,16,24,29,45,496164,329445,18,32,259,42,43,5,25,1,106,589898,347,0,71,1,0,0,52,0,0,52,1,0,0,1
3455.03,1662576507915,5.016011131,1,3.4,34.5,0.0,62.2,0.0,0.0,0.0,115,2,65,0,2,517836,76852,353384,717008,5551,97261,56,56,35,0,0,9,17,5,8,0,2,0,0,0,0,6,491457,0,4,0,30,2900,194195,5143,0,1,22821,17820,3773,4327,869,32,906,0,21,101,101,104,1609,684,1748762,199,7,130,44,339509,339455,127,18,7,8,17,489529,324115,10,13,218,24,20,0,8,0,99,598379,342,0,99,1,1,6,19,0,0,19,1,1,0,2
3460.05,1662576514714,5.015342910,1,2.7,28.1,0.0,68.5,0.0,0.0,0.7,115,1,66,0,2,517788,76896,353388,716964,6265,101556,294,294,35,0,0,5,7,5,2,0,1,0,0,0,0,5,502170,0,5,0,11,2929,199410,5315,0,1,24068,19078,7750,8213,1150,47,1179,0,9,117,117,119,2799,781,1782199,221,10,131,5,350668,350613,132,16,10,13,24,500212,330479,14,18,234,25,18,0,13,0,114,607611,345,0,85,1,0,0,21,1,4,25,1,1,1,2
3465.07,1662576521508,5.017304873,1,2.4,32.3,0.0,65.3,0.0,0.0,0.0,115,1,66,0,2,517772,76912,353388,716948,5840,99649,56,56,35,0,0,5,7,5,2,0,1,0,0,0,0,7,549870,0,6,0,11,521,243649,5396,0,1,22881,17892,2718,3134,485,87,732,63,9,105,105,108,860,351,2064218,207,4,130,33,345558,345517,125,16,4,6,11,548198,331190,9,12,223,29,13,0,5,0,102,716459,312,0,79,1,0,0,20,0,0,20,1,1,1,2
3470.09,1662576528374,5.015324113,1,4.4,32.2,0.0,62.8,0.0,0.0,0.6,115,1,66,0,2,517524,77160,353388,716700,5625,93397,84,84,35,0,0,8,10,8,2,6,1,0,0,0,0,6,490651,0,8,0,10,2802,193164,5172,0,1,21728,16970,4266,4433,1002,102,1039,63,8,102,102,103,1839,778,1762296,199,11,123,44,339909,339856,123,14,11,12,20,488627,324564,10,17,223,24,27,0,12,0,96,593792,327,0,78,1,0,0,20,0,2,22,1,0,0,1
3475.11,1662576535151,5.016047339,1,12.3,35.8,0.0,51.4,0.0,0.0,0.5,116,3,66,0,1,518420,76264,353388,717596,6125,99096,294,294,35,0,0,5,7,5,2,4,1,0,0,0,0,8,547175,0,5,0,11,2962,238433,5379,0,1,23676,18545,5001,5183,756,173,775,63,38,109,109,112,1842,472,2044285,205,10,130,5,352360,352303,145,15,10,12,21,545320,334276,12,18,321,24,121,0,13,0,104,679815,381,0,97,1,0,0,10,0,0,10,1,0,0,1
3480.13,1662576542420,5.016022758,1,5.9,31.4,0.0,61.7,0.0,0.0,1.0,115,1,66,0,2,517452,77240,353380,716620,5765,98814,84,84,35,0,0,5,7,5,2,0,1,0,0,0,0,2,544082,0,4,0,11,545,239977,5525,0,1,22929,18005,3242,3389,459,149,491,63,9,108,108,109,871,260,2029477,211,4,129,6,344263,344219,127,15,4,5,12,542134,329249,10,11,228,33,19,0,5,0,104,695187,311,0,67,0,0,0,10,0,0,10,0,0,0,0
3485.15,1662576549240,5.016849315,1,1.0,32.1,0.0,66.9,0.0,0.0,0.0,115,1,66,0,2,518120,76564,353388,717296,7703,95914,84,84,35,0,0,6,11,5,5,0,2,0,0,0,0,18,481933,0,15,0,19,3760,186494,5575,0,1,22968,17803,13100,13291,2950,1107,2979,945,14,111,111,108,6186,2315,1746911,219,24,123,46,342807,342736,135,15,24,31,47,480080,320623,20,35,242,37,40,5,30,1,98,552531,382,0,89,1,1,6,56,1,4,60,1,2,1,2
3490.17,1662576556099,5.016711090,1,20.3,32.7,0.0,46.0,0.0,0.0,1.0,115,1,66,0,2,517132,76820,354120,717044,14581,909532,266,266,35,0,0,7,20,5,13,2,5,0,0,0,0,14,545176,0,4,184,32,3203,236059,7012,1,1,27606,22115,7621,8070,1392,391,1217,63,20,364,695,235,3076,1032,2049514,717,9,140,5,354982,354923,721,21,9,14,27,543427,335639,16,19,1571,23,41,0,14,0,231,658338,803,0,467,1,0,0,16,1,1,17,1,0,0,1
3495.19,1662576562917,5.016350887,1,1.4,31.8,0.0,66.8,0.0,0.0,0.0,115,1,66,0,2,516684,77272,354116,716592,5886,99649,84,84,35,0,0,8,10,8,2,0,1,0,0,0,0,3,544079,0,8,0,11,823,237082,5643,0,1,23073,18114,3360,3508,1952,1347,1975,1260,9,106,106,111,925,1739,2024625,207,5,130,7,346505,346454,124,14,4,6,12,541808,331305,10,11,227,34,18,0,6,0,102,692395,325,0,71,1,0,0,16,0,1,17,1,0,0,1
3500.21,1662576569779,5.016660315,1,0.9,37.6,0.0,61.2,0.0,0.0,0.3,115,1,66,0,2,517236,76728,354108,717136,5941,98226,56,56,35,0,0,5,7,5,2,0,1,0,0,0,0,9,521450,0,8,0,11,549,225620,5450,0,1,22842,17843,3962,4128,887,221,908,189,9,100,100,108,1603,679,1927245,197,7,129,44,336230,336180,120,16,7,8,17,519427,320569,10,13,223,33,24,0,8,0,98,659802,330,0,78,1,0,0,22,0,0,22,1,0,0,1
3505.23,1662576576569,5.016560891,1,2.9,31.1,0.0,65.7,0.0,0.0,0.3,115,1,66,0,2,517092,76864,354116,717000,5794,96912,294,294,35,0,0,5,7,5,2,0,1,0,0,0,0,11,515157,0,6,0,11,2875,213649,5383,0,1,23487,18512,5774,5680,1043,229,828,126,9,110,110,112,2373,751,1858860,205,9,130,17,344877,344820,128,16,9,10,22,513098,326527,12,14,227,28,27,0,11,0,106,635528,339,0,77,1,0,0,12,0,0,12,1,0,0,1
3510.25,1662576583591,5.016468446,1,3.1,33.2,0.0,63.4,0.0,0.0,0.3,115,1,66,0,2,517740,76212,354120,717652,5748,99649,56,56,35,0,0,5,7,5,2,0,1,0,0,0,0,6,497076,0,4,1,10,509,192491,5255,0,1,23086,18120,3238,3387,472,87,479,0,8,105,105,107,883,260,1769393,207,4,130,6,344643,344593,123,14,4,5,13,495041,329555,10,11,222,34,15,0,5,0,102,632770,323,0,74,1,0,0,11,1,4,15,1,1,1,2
3515.27,1662576590399,5.016426886,1,1.2,33.1,0.0,65.0,0.0,0.0,0.6,115,1,66,0,2,517332,76624,354116,717240,5286,98304,84,84,35,0,0,7,10,7,3,1,2,0,0,0,0,4,491394,0,4,0,14,2893,193469,5099,2,1,22749,17772,3966,4483,885,345,908,189,11,102,102,101,1594,683,1787484,199,7,129,44,340377,340324,123,17,7,8,16,489344,324756,10,13,221,30,23,0,8,0,97,599944,326,0,83,1,1,0,23,0,2,25,1,2,2,2
3520.29,1662576597170,5.015789863,1,3.0,30.0,0.0,67.0,0.0,0.0,0.0,114,1,65,0,2,516984,76964,354124,716900,5956,100252,294,294,35,0,0,5,7,5,2,4,1,0,0,0,0,4,541695,0,5,0,10,3064,235692,5806,0,1,24136,18872,8132,8292,1591,383,1606,63,131,112,112,114,3447,1148,2025254,209,17,132,44,352137,352072,195,13,17,20,34,539055,331379,17,26,371,25,142,0,21,0,107,650448,507,0,130,1,0,0,29,0,0,29,1,0,0,1
3525.3,1662576603880,5.013099321,1,1.6,30.8,0.0,67.2,0.0,0.0,0.3,115,1,66,0,2,517460,76496,354116,717368,14512,212306,140,140,35,0,0,0,0,0,0,1,0,0,0,0,0,11,521185,0,15,0,4,3305,209955,5624,0,0,23721,18860,10650,10286,2421,587,2295,252,4,115,115,113,4745,1890,1922196,227,17,130,46,357929,357896,133,9,17,27,38,520484,337542,18,25,253,37,40,5,21,1,104,632576,360,0,69,1,0,0,42,0,0,42,1,0,0,1
3530.32,1662576616314,5.015436540,1,14.3,31.0,0.0,54.8,0.0,0.0,0.0,115,1,66,0,2,517480,76472,354120,717392,5904,99209,294,294,35,0,0,6,11,5,5,0,2,0,0,0,0,6,551081,0,5,0,19,2898,235053,5434,0,1,23544,18568,4546,5051,615,94,637,126,15,112,112,113,1615,383,2039695,209,6,130,6,358624,358568,132,17,6,8,16,549134,341403,11,13,223,26,17,0,8,0,108,688065,342,0,90,1,1,6,11,1,4,15,1,1,0,2
3535.34,1662576623120,5.022160908,1,3.4,34.1,0.0,62.2,0.0,0.0,0.3,115,1,66,0,2,517488,76452,354132,717412,5748,99649,84,84,35,0,0,5,7,5,2,0,1,0,0,0,0,7,550768,0,5,1,10,539,242367,5485,0,1,23056,18103,3251,3398,457,24,491,0,8,106,106,108,873,271,2042916,207,4,130,6,348217,348167,123,13,4,5,13,548585,333094,10,11,226,34,18,0,5,0,103,704427,308,0,64,0,0,0,10,0,1,11,0,0,0,0
3540.36,1662576629933,5.017464703,1,1.6,34.3,0.0,63.2,0.0,0.0,1.0,115,2,65,0,2,517128,76820,354124,717044,6231,101248,56,56,35,0,0,8,10,8,2,0,1,0,0,0,0,12,525664,0,6,0,11,2823,225487,5442,0,1,23082,18047,6503,7001,1530,240,1556,63,9,111,111,110,3329,1196,1951211,219,12,129,44,342485,342425,131,15,12,15,29,523707,324964,17,22,244,35,25,0,15,0,103,652721,355,0,111,1,0,0,32,0,1,33,1,0,0,1
3545.39,1662576636744,5.028675539,1,1.9,34.5,0.0,63.3,0.0,0.0,0.3,115,1,66,0,2,516648,77292,354132,716572,5735,92768,294,294,35,0,0,5,7,5,2,0,1,0,0,0,0,12,490627,0,7,0,11,2830,190561,5303,0,1,22332,17605,5766,6003,1088,229,817,63,9,106,106,110,2419,777,1725689,199,9,124,17,342306,342253,125,15,9,10,22,488550,324541,12,14,222,28,28,0,11,0,103,586699,340,0,76,1,0,0,13,0,0,13,1,0,0,1
3550.41,1662576643557,5.016474874,1,2.4,37.4,0.0,59.9,0.0,0.0,0.3,115,1,66,0,2,517204,76736,354132,717128,6575,99727,56,56,35,0,0,5,7,5,2,0,1,0,0,0,0,4,511655,0,12,0,11,2958,199723,5392,0,1,23159,18190,3257,3718,463,25,484,0,9,107,107,119,876,258,1809753,211,4,131,6,351779,351727,127,16,4,5,13,509620,336756,10,11,232,36,16,0,5,0,104,614840,353,0,77,1,0,0,10,0,0,10,1,0,0,1
3555.43,1662576650369,5.016136755,1,2.3,32.8,0.0,64.9,0.0,0.0,0.0,115,1,66,0,2,516968,76976,354128,716888,5672,99347,84,84,35,0,0,6,11,5,5,0,2,0,0,0,0,6,522338,0,8,1,20,581,216999,5541,0,1,22924,17907,3993,4483,885,157,911,189,15,102,102,107,1601,679,1927177,199,7,130,44,345881,345825,123,18,7,8,16,520328,330149,10,13,228,30,25,0,8,0,99,645404,341,0,88,1,1,6,25,1,4,29,1,1,0,2
3560.45,1662576657170,5.016803209,1,1.9,37.0,0.0,59.7,0.0,0.0,1.3,115,1,66,0,2,517560,76376,354136,717488,8172,101776,294,294,35,0,0,5,7,5,2,1,1,0,0,0,0,20,520645,0,16,0,12,1711,222148,6156,0,1,25380,19672,16798,16979,3507,1075,3554,630,134,124,124,124,7769,2683,1934831,233,30,131,46,351124,351040,211,16,30,38,60,518769,323608,27,44,407,31,165,5,39,1,111,592884,555,0,135,1,0,0,65,0,0,65,1,1,1,2
3565.47,1662576663979,5.016535558,1,2.5,37.4,0.0,60.1,0.0,0.0,0.0,115,1,66,0,2,517276,76656,354140,717208,5880,99857,56,56,35,0,0,7,9,7,2,0,1,0,0,0,0,6,537178,0,4,1,11,2877,233877,5414,0,1,23106,18150,3253,3390,458,150,483,0,9,108,108,109,875,264,1995708,211,4,130,6,343351,343301,131,16,4,5,13,535196,328269,10,11,226,34,16,0,5,0,105,681103,321,0,70,1,0,0,10,0,2,12,1,0,0,1
3570.49,1662576670804,5.018975850,1,5.0,34.9,0.0,59.5,0.0,0.0,0.7,115,1,66,0,2,517512,76424,354136,717440,5401,98148,84,84,35,0,0,5,7,5,2,0,1,0,0,0,0,5,489133,0,5,0,10,585,189844,5139,0,1,22809,17821,3939,4459,882,283,908,0,8,100,100,102,1596,679,1792386,195,7,129,44,339582,339530,117,13,7,8,16,487192,323896,10,13,217,31,23,0,8,0,96,596266,310,0,71,1,0,0,21,0,0,21,1,0,0,1
